lat,lon,mean_co2
-89.5,-179.5,414.9639782179384
-89.5,-178.5,414.95468132025024
-89.5,-177.5,414.9639954567343
-89.5,-176.5,414.9640721369258
-89.5,-175.5,414.9641095231352
-89.5,-174.5,414.96412772228166
-89.5,-173.5,414.9641051045911
-89.5,-172.5,414.9548338080489
-89.5,-171.5,414.9548630899735
-89.5,-170.5,414.9642772885636
-89.5,-169.5,414.95493279363257
-89.5,-168.5,414.9643429301719
-89.5,-167.5,414.9549999055024
-89.5,-166.5,414.95503486056526
-89.5,-165.5,414.9644523016205
-89.5,-164.5,414.9644470387185
-89.5,-163.5,414.95514818657153
-89.5,-162.5,414.9551864985921
-89.5,-161.5,414.96456318326335
-89.5,-160.5,414.95527046127546
-89.5,-159.5,414.9553086765355
-89.5,-158.5,414.95535496022615
-89.5,-157.5,414.9647473847753
-89.5,-156.5,414.9648343846693
-89.5,-155.5,414.96488504617054
-89.5,-154.5,414.9555389015605
-89.5,-153.5,414.96497412246
-89.5,-152.5,414.965003085488
-89.5,-151.5,414.9650553354125
-89.5,-150.5,414.9651013250095
-89.5,-149.5,414.9651719141365
-89.5,-148.5,414.96521085301
-89.5,-147.5,414.9558869853957
-89.5,-146.5,414.96534519843954
-89.5,-145.5,414.9653625302248
-89.5,-144.5,414.96541489638497
-89.5,-143.5,415.0004312893612
-89.5,-142.5,414.9911607049162
-89.5,-141.5,415.0005580411632
-89.5,-140.5,414.9912330683304
-89.5,-139.5,415.0005849759245
-89.5,-138.5,415.0006651292417
-89.5,-137.5,415.0006536528121
-89.5,-136.5,414.9913642052465
-89.5,-135.5,414.9913983453816
-89.5,-134.5,415.00077961944015
-89.5,-133.5,414.991466937422
-89.5,-132.5,415.0008818792479
-89.5,-131.5,415.0009171093759
-89.5,-130.5,415.0009794126241
-89.5,-129.5,415.0009631505863
-89.5,-128.5,415.001062277745
-89.5,-127.5,415.001053671264
-89.5,-126.5,415.0010787359552
-89.5,-125.5,414.9917584803919
-89.5,-124.5,414.99179976579137
-89.5,-123.5,414.9918390223168
-89.5,-122.5,415.0012921156829
-89.5,-121.5,415.0012818387325
-89.5,-120.5,414.9919482195588
-89.5,-119.5,415.00136927964064
-89.5,-118.5,414.99202494275806
-89.5,-117.5,415.0014709601471
-89.5,-116.5,414.9921050890573
-89.5,-115.5,415.00156791130064
-89.5,-114.5,415.00165830156425
-89.5,-113.5,415.0016316749035
-89.5,-112.5,415.0017018877039
-89.5,-111.5,415.0018006462708
-89.5,-110.5,415.0018234838562
-89.5,-109.5,414.9432925658578
-89.5,-108.5,414.9924280139027
-89.5,-107.5,414.9924662144277
-89.5,-106.5,414.9925083410609
-89.5,-105.5,415.0020391444393
-89.5,-104.5,414.9925867990189
-89.5,-103.5,415.0021077393007
-89.5,-102.5,414.9926691122641
-89.5,-101.5,415.00221444097065
-89.5,-100.5,414.9927489758781
-89.5,-99.5,415.00232833268586
-89.5,-98.5,415.0023542983997
-89.5,-97.5,415.0023640140729
-89.5,-96.5,414.9929096567684
-89.5,-95.5,415.0024993686191
-89.5,-94.5,414.9929899766484
-89.5,-93.5,415.0025887797957
-89.5,-92.5,414.9930670088882
-89.5,-91.5,415.0026073947283
-89.5,-90.5,414.9931464623488
-89.5,-89.5,415.0027627799088
-89.5,-88.5,415.00280495138327
-89.5,-87.5,414.9932616169541
-89.5,-86.5,415.0028387003131
-89.5,-85.5,415.00285720447
-89.5,-84.5,415.0029372834361
-89.5,-83.5,414.9934157504503
-89.5,-82.5,415.0029856788733
-89.5,-81.5,415.00306384612975
-89.5,-80.5,415.003069616237
-89.5,-79.5,414.99356366594736
-89.5,-78.5,415.00316240701454
-89.5,-77.5,415.0032533835316
-89.5,-76.5,415.0032906338096
-89.5,-75.5,415.0033343936269
-89.5,-74.5,414.99374559405385
-89.5,-73.5,415.00335560058926
-89.5,-72.5,415.0033909473012
-89.5,-71.5,415.02178324897153
-89.5,-70.5,415.0122083661082
-89.5,-69.5,415.021884724382
-89.5,-68.5,415.012275393779
-89.5,-67.5,415.0219309126193
-89.5,-66.5,415.0123410470278
-89.5,-65.5,415.0220339878754
-89.5,-64.5,415.0220535038631
-89.5,-63.5,415.0220934553092
-89.5,-62.5,415.0124803605647
-89.5,-61.5,415.0221401961216
-89.5,-60.5,415.0125448221976
-89.5,-59.5,415.0222206874509
-89.5,-58.5,415.0222909836616
-89.5,-57.5,415.0222794510307
-89.5,-56.5,415.02234768286985
-89.5,-55.5,415.0223180766831
-89.5,-54.5,415.01272583206327
-89.5,-53.5,415.0127577705767
-89.5,-52.5,415.02241144216055
-89.5,-51.5,415.0225091650145
-89.5,-50.5,415.0224945070755
-89.5,-49.5,415.0225747020959
-89.5,-48.5,415.0225356084894
-89.5,-47.5,415.01292892048366
-89.5,-46.5,415.0225943452161
-89.5,-45.5,415.0129822889225
-89.5,-44.5,415.0130063584592
-89.5,-43.5,415.0130320300551
-89.5,-42.5,415.0130572281209
-89.5,-41.5,415.0227561096234
-89.5,-40.5,415.0131060516845
-89.5,-39.5,415.01312631207776
-89.5,-38.5,415.013154694168
-89.5,-37.5,415.0229066169305
-89.5,-36.5,415.0229176106744
-89.5,-35.5,415.02287422954487
-89.5,-34.5,415.0132410689072
-89.5,-33.5,415.0229164330973
-89.5,-32.5,415.0229464412115
-89.5,-31.5,415.0229865282213
-89.5,-30.5,415.0230373684293
-89.5,-29.5,415.02306750010496
-89.5,-28.5,415.023026129706
-89.5,-27.5,415.0230472597153
-89.5,-26.5,415.0231070093894
-89.5,-25.5,415.0134025242921
-89.5,-24.5,415.0231402698138
-89.5,-23.5,415.0231618661864
-89.5,-22.5,415.023150878256
-89.5,-21.5,415.0134634893958
-89.5,-20.5,415.0134778263285
-89.5,-19.5,415.0134891997346
-89.5,-18.5,415.0134967871553
-89.5,-17.5,415.0231783941866
-89.5,-16.5,415.0232002185804
-89.5,-15.5,415.0232797070973
-89.5,-14.5,415.0135437963485
-89.5,-13.5,415.0232142207277
-89.5,-12.5,415.023262219922
-89.5,-11.5,415.01356445509214
-89.5,-10.5,415.0232476342096
-89.5,-9.5,415.0232800261017
-89.5,-8.5,415.0135848523784
-89.5,-7.5,415.0135877365987
-89.5,-6.5,415.0233101758221
-89.5,-5.5,415.0233008908405
-89.5,-4.5,415.0136022407154
-89.5,-3.5,415.0136044750227
-89.5,-2.5,415.02332229197685
-89.5,-1.5,415.0233228949829
-89.5,-0.5,415.0232879012781
-89.5,0.5,414.985404944788
-89.5,1.5,414.9951447849623
-89.5,2.5,414.9951221564079
-89.5,3.5,414.9853922657834
-89.5,4.5,414.9853847462105
-89.5,5.5,414.9951013151615
-89.5,6.5,414.9950709424341
-89.5,7.5,414.9950590898376
-89.5,8.5,414.9950711716541
-89.5,9.5,414.9950452457785
-89.5,10.5,414.9853457694862
-89.5,11.5,414.9950699082826
-89.5,12.5,414.9950109973379
-89.5,13.5,414.9950450986231
-89.5,14.5,414.99498797699147
-89.5,15.5,414.99502419849927
-89.5,16.5,414.985283877528
-89.5,17.5,414.99499370802346
-89.5,18.5,414.9949744568145
-89.5,19.5,414.9949433161567
-89.5,20.5,414.99494332957846
-89.5,21.5,414.994878732617
-89.5,22.5,414.9851956636025
-89.5,23.5,414.9851851360285
-89.5,24.5,414.9948745176224
-89.5,25.5,414.9947976867254
-89.5,26.5,414.9947653639898
-89.5,27.5,414.9947577269964
-89.5,28.5,414.9947336008928
-89.5,29.5,414.9946908027177
-89.5,30.5,414.99472335872
-89.5,31.5,414.9850260414286
-89.5,32.5,414.99469026130015
-89.5,33.5,414.9849833253022
-89.5,34.5,414.9849653524735
-89.5,35.5,414.98493576167937
-89.5,36.5,414.9945785724963
-89.5,37.5,414.9944948496185
-89.5,38.5,414.9945023981399
-89.5,39.5,414.9944559745248
-89.5,40.5,414.9944363807411
-89.5,41.5,414.9944397645325
-89.5,42.5,414.98475992324506
-89.5,43.5,414.99435736900153
-89.5,44.5,414.9942981116338
-89.5,45.5,414.9942490308813
-89.5,46.5,414.98465606129736
-89.5,47.5,414.9846301185853
-89.5,48.5,414.9846011028304
-89.5,49.5,414.9941139849704
-89.5,50.5,414.9941236359803
-89.5,51.5,414.9940869507097
-89.5,52.5,414.9940316562266
-89.5,53.5,414.99398660253934
-89.5,54.5,414.99395497411456
-89.5,55.5,414.9939624232712
-89.5,56.5,414.9843552132149
-89.5,57.5,414.99389510982536
-89.5,58.5,414.9842911730644
-89.5,59.5,414.9842617694104
-89.5,60.5,414.99379120306185
-89.5,61.5,414.9937182051484
-89.5,62.5,414.9937071668666
-89.5,63.5,414.9936234341466
-89.5,64.5,414.98409655094224
-89.5,65.5,414.9840593146904
-89.5,66.5,414.9935040132055
-89.5,67.5,414.9935098601049
-89.5,68.5,414.98396011001233
-89.5,69.5,414.993386572116
-89.5,70.5,414.9838897697765
-89.5,71.5,414.9933587530274
-89.5,72.5,414.9574351824915
-89.5,73.5,414.9573613517493
-89.5,74.5,414.9572895328108
-89.5,75.5,414.96668920145055
-89.5,76.5,414.9571480601647
-89.5,77.5,414.96653915427066
-89.5,78.5,414.9664565057236
-89.5,79.5,414.966366913526
-89.5,80.5,414.9568697348155
-89.5,81.5,414.96618724722737
-89.5,82.5,414.9661627762555
-89.5,83.5,414.9660830223559
-89.5,84.5,414.95659073377897
-89.5,85.5,414.95652444678666
-89.5,86.5,414.9658948369623
-89.5,87.5,414.9563894426005
-89.5,88.5,414.9656862762145
-89.5,89.5,414.9656155997663
-89.5,90.5,414.96555090101054
-89.5,91.5,414.95612226619465
-89.5,92.5,414.96546320339087
-89.5,93.5,414.9653660300328
-89.5,94.5,414.96534099314783
-89.5,95.5,414.9652357733784
-89.5,96.5,414.9651637986932
-89.5,97.5,414.9557320900368
-89.5,98.5,414.9556785242769
-89.5,99.5,414.9650162215052
-89.5,100.5,414.964960358356
-89.5,101.5,414.9649015391752
-89.5,102.5,414.9648217790594
-89.5,103.5,414.95536845417297
-89.5,104.5,414.96467405194414
-89.5,105.5,414.9646112166421
-89.5,106.5,414.9645711287948
-89.5,107.5,414.9644868452617
-89.5,108.5,414.9644732882142
-89.5,109.5,414.95503130723966
-89.5,110.5,414.954976923405
-89.5,111.5,414.95492602585705
-89.5,112.5,414.9548719205664
-89.5,113.5,414.9548275570024
-89.5,114.5,414.9641073690706
-89.5,115.5,414.95472770597706
-89.5,116.5,414.963999807235
-89.5,117.5,414.96398607562674
-89.5,118.5,414.9545860182465
-89.5,119.5,414.9638493019117
-89.5,120.5,414.9637880730373
-89.5,121.5,414.9637392540296
-89.5,122.5,414.9544113500144
-89.5,123.5,414.9636956225112
-89.5,124.5,414.9636526426145
-89.5,125.5,414.963637073654
-89.5,126.5,414.9635390278791
-89.5,127.5,414.9635317425028
-89.5,128.5,414.9634673146412
-89.5,129.5,414.9541371972448
-89.5,130.5,414.9634053532139
-89.5,131.5,414.9540708046681
-89.5,132.5,414.96334469492245
-89.5,133.5,414.96334091348064
-89.5,134.5,414.9539836000856
-89.5,135.5,414.96323179477895
-89.5,136.5,414.9632333992231
-89.5,137.5,414.9539031219282
-89.5,138.5,414.95387684059904
-89.5,139.5,414.9631744206345
-89.5,140.5,414.9538327256368
-89.5,141.5,414.9630566568521
-89.5,142.5,414.9537900516788
-89.5,143.5,414.9630665001311
-89.5,144.5,414.9546112311321
-89.5,145.5,414.95458894328686
-89.5,146.5,414.9545764808988
-89.5,147.5,414.9639078847509
-89.5,148.5,414.9545455938723
-89.5,149.5,414.9638632432829
-89.5,150.5,414.9638168016273
-89.5,151.5,414.9545013106601
-89.5,152.5,414.963795542304
-89.5,153.5,414.9638056286908
-89.5,154.5,414.963753641825
-89.5,155.5,414.9544637221437
-89.5,156.5,414.9544570009861
-89.5,157.5,414.9544528098126
-89.5,158.5,414.9544489444708
-89.5,159.5,414.9637772501458
-89.5,160.5,414.9544472970895
-89.5,161.5,414.95444338912887
-89.5,162.5,414.96377850976137
-89.5,163.5,414.95444522420246
-89.5,164.5,414.9637747193697
-89.5,165.5,414.9544548341944
-89.5,166.5,414.9544584050967
-89.5,167.5,414.9637968317063
-89.5,168.5,414.95446829264193
-89.5,169.5,414.9638148968474
-89.5,170.5,414.9544909346399
-89.5,171.5,414.9545048089737
-89.5,172.5,414.9638475790734
-89.5,173.5,414.9545313800805
-89.5,174.5,414.9545455580877
-89.5,175.5,414.9638984061929
-89.5,176.5,414.9639282458108
-89.5,177.5,414.9545960584412
-89.5,178.5,414.9546165644649
-89.5,179.5,414.963980654883
-88.5,-179.5,414.9222583060785
-88.5,-178.5,414.9315795108583
-88.5,-177.5,414.93167444390286
-88.5,-176.5,414.9226197954628
-88.5,-175.5,414.931953149885
-88.5,-174.5,414.932062865762
-88.5,-173.5,414.92302029462087
-88.5,-172.5,414.9231544734481
-88.5,-171.5,414.9232969072112
-88.5,-170.5,414.9234413270215
-88.5,-169.5,414.9328017641103
-88.5,-168.5,414.9237413122725
-88.5,-167.5,414.9331268222103
-88.5,-166.5,414.9240549543551
-88.5,-165.5,414.9334180555758
-88.5,-164.5,414.9243740659103
-88.5,-163.5,414.95399867469774
-88.5,-162.5,414.9541560219114
-88.5,-161.5,414.94526901981794
-88.5,-160.5,414.9544537772791
-88.5,-159.5,414.9455663373332
-88.5,-158.5,414.9548096373267
-88.5,-157.5,414.9549416727866
-88.5,-156.5,414.9460420733428
-88.5,-155.5,414.9552281186856
-88.5,-154.5,414.94638404496175
-88.5,-153.5,414.95316707435967
-88.5,-152.5,414.9533020203944
-88.5,-151.5,414.9625484852895
-88.5,-150.5,414.9627019798684
-88.5,-149.5,414.9627787619172
-88.5,-148.5,414.953864851272
-88.5,-147.5,414.9540031673619
-88.5,-146.5,414.9632837485097
-88.5,-145.5,414.9542973154512
-88.5,-144.5,414.9635543453509
-88.5,-143.5,414.9545950139509
-88.5,-142.5,414.95474243032527
-88.5,-141.5,414.9548983285819
-88.5,-140.5,414.9550491279911
-88.5,-139.5,414.9643764063727
-88.5,-138.5,414.9645640634987
-88.5,-137.5,414.9647298688831
-88.5,-136.5,414.95566013201056
-88.5,-135.5,414.9558237721688
-88.5,-134.5,414.9652551695677
-88.5,-133.5,414.98171665686993
-88.5,-132.5,414.9728511329095
-88.5,-131.5,414.9821096834899
-88.5,-130.5,414.9823351557776
-88.5,-129.5,414.9825550029123
-88.5,-128.5,414.9736143604589
-88.5,-127.5,414.9738036675156
-88.5,-126.5,414.9831381953121
-88.5,-125.5,414.9833214542398
-88.5,-124.5,414.98354785232135
-88.5,-123.5,415.00277740549217
-88.5,-122.5,415.01203658534297
-88.5,-121.5,415.0030168425346
-88.5,-120.5,415.0123227726567
-88.5,-119.5,415.0032573023672
-88.5,-118.5,415.0033764690939
-88.5,-117.5,415.0127941201311
-88.5,-116.5,415.0036180149235
-88.5,-115.5,415.0130408174889
-88.5,-114.5,415.0131238055434
-88.5,-113.5,415.003976345065
-88.5,-112.5,415.0040982550762
-88.5,-111.5,415.0135472252498
-88.5,-110.5,415.0137007958234
-88.5,-109.5,415.0044461901097
-88.5,-108.5,415.0139364458709
-88.5,-107.5,415.00467924714974
-88.5,-106.5,415.01425040885886
-88.5,-105.5,415.01437804479
-88.5,-104.5,415.00502816328606
-88.5,-103.5,415.0146160644016
-88.5,-102.5,415.0052579650938
-88.5,-101.5,415.0053708758976
-88.5,-100.5,415.0054820911297
-88.5,-99.5,415.0055944701256
-88.5,-98.5,415.0057117828882
-88.5,-97.5,415.0058186435484
-88.5,-96.5,415.0155128431783
-88.5,-95.5,415.0155853592792
-88.5,-94.5,415.00614306759087
-88.5,-93.5,415.0158557891722
-88.5,-92.5,415.0159863344313
-88.5,-91.5,415.0471186406363
-88.5,-90.5,415.0567584514929
-88.5,-89.5,415.0473619843891
-88.5,-88.5,415.05695200480216
-88.5,-87.5,415.0476012742002
-88.5,-86.5,415.0571725224849
-88.5,-85.5,415.0478366672664
-88.5,-84.5,415.047951676569
-88.5,-83.5,415.0575932279138
-88.5,-82.5,415.0577002472819
-88.5,-81.5,415.0302431414456
-88.5,-80.5,415.0399089702101
-88.5,-79.5,415.03998906986817
-88.5,-78.5,415.0305583222899
-88.5,-77.5,415.040234594014
-88.5,-76.5,415.03076351458606
-88.5,-75.5,415.0404756898197
-88.5,-74.5,415.0405590994338
-88.5,-73.5,415.0406830915047
-88.5,-72.5,415.0311617354242
-88.5,-71.5,415.04088352563326
-88.5,-70.5,415.04096346841175
-88.5,-69.5,415.03143641459184
-88.5,-68.5,415.031525550632
-88.5,-67.5,415.0412101557764
-88.5,-66.5,415.03170076271147
-88.5,-65.5,415.0414582578709
-88.5,-64.5,415.0318613897702
-88.5,-63.5,415.0319446656752
-88.5,-62.5,415.03202285415085
-88.5,-61.5,415.0591153911607
-88.5,-60.5,415.0592093580621
-88.5,-59.5,415.0592985014558
-88.5,-58.5,415.0688081479326
-88.5,-57.5,415.05946376167503
-88.5,-56.5,415.06901717420726
-88.5,-55.5,415.0690609593857
-88.5,-54.5,415.0597038292136
-88.5,-53.5,415.0692111290507
-88.5,-52.5,415.05984770296175
-88.5,-51.5,415.0446448772782
-88.5,-50.5,415.0542613961592
-88.5,-49.5,415.0543751301742
-88.5,-48.5,415.0448994362304
-88.5,-47.5,415.0449756464845
-88.5,-46.5,415.0545817172044
-88.5,-45.5,415.04513327147055
-88.5,-44.5,415.0452039151297
-88.5,-43.5,415.0452703836851
-88.5,-42.5,415.05493122591815
-88.5,-41.5,415.0549513196793
-88.5,-40.5,415.0454720371065
-88.5,-39.5,415.0550856556869
-88.5,-38.5,415.0455902863169
-88.5,-37.5,415.0552180660698
-88.5,-36.5,415.0456980539672
-88.5,-35.5,415.0457496993911
-88.5,-34.5,415.0457997272666
-88.5,-33.5,415.0458423056057
-88.5,-32.5,415.0554525983829
-88.5,-31.5,415.0459232070183
-88.5,-30.5,415.05553104482766
-88.5,-29.5,415.0555912728957
-88.5,-28.5,415.0460319553998
-88.5,-27.5,415.04605637265007
-88.5,-26.5,415.05568587292544
-88.5,-25.5,415.05571412514166
-88.5,-24.5,415.0557530646343
-88.5,-23.5,415.0461533714288
-88.5,-22.5,415.0558026446164
-88.5,-21.5,415.04618364719215
-88.5,-20.5,415.05583478142574
-88.5,-19.5,415.0470422719673
-88.5,-18.5,415.0566787536069
-88.5,-17.5,415.0471053118235
-88.5,-16.5,415.0567145176474
-88.5,-15.5,415.0471551606818
-88.5,-14.5,415.04717656407047
-88.5,-13.5,415.04719687936097
-88.5,-12.5,415.0472127644403
-88.5,-11.5,415.05690113240695
-88.5,-10.5,415.05690858600974
-88.5,-9.5,415.0310703457517
-88.5,-8.5,415.0310952418159
-88.5,-7.5,415.0311289647278
-88.5,-6.5,415.03116069798045
-88.5,-5.5,415.0311773714516
-88.5,-4.5,415.02134699243874
-88.5,-3.5,415.0213609536132
-88.5,-2.5,415.02137811136
-88.5,-1.5,415.0312434941432
-88.5,-0.5,415.0213975093641
-88.5,0.5,415.0213987962089
-88.5,1.5,415.031278291979
-88.5,2.5,415.0214070232015
-88.5,3.5,415.03127105228174
-88.5,4.5,415.0213965595677
-88.5,5.5,415.0213931428407
-88.5,6.5,415.0213845424842
-88.5,7.5,415.0312730363492
-88.5,8.5,415.0312588370095
-88.5,9.5,415.031213740947
-88.5,10.5,415.0247539470663
-88.5,11.5,415.024690515512
-88.5,12.5,415.0147789414369
-88.5,13.5,415.0246692031818
-88.5,14.5,415.02459066655695
-88.5,15.5,415.0245459897041
-88.5,16.5,415.0245081807671
-88.5,17.5,415.0244611433544
-88.5,18.5,415.02442437274055
-88.5,19.5,415.0243988971845
-88.5,20.5,414.9951374561508
-88.5,21.5,414.9950937926274
-88.5,22.5,414.9849964728588
-88.5,23.5,414.9849357452672
-88.5,24.5,414.99484600683536
-88.5,25.5,414.99480033921634
-88.5,26.5,414.9947448869257
-88.5,27.5,414.9946585674997
-88.5,28.5,414.9846025911533
-88.5,29.5,414.99453926171896
-88.5,30.5,414.98445714092327
-88.5,31.5,414.9943225533064
-88.5,32.5,414.9843002890014
-88.5,33.5,414.99417435170136
-88.5,34.5,414.9841419528153
-88.5,35.5,414.9939829643023
-88.5,36.5,414.9939325436876
-88.5,37.5,414.9838796108343
-88.5,38.5,414.99368576928487
-88.5,39.5,414.9936268577114
-88.5,40.5,414.9935284153021
-88.5,41.5,414.9933701976839
-88.5,42.5,414.9932741037679
-88.5,43.5,414.98332491158095
-88.5,44.5,414.9930658006096
-88.5,45.5,414.9831219124944
-88.5,46.5,414.9830215879933
-88.5,47.5,414.9927116560863
-88.5,48.5,414.99264261156986
-88.5,49.5,414.9924708289306
-88.5,50.5,414.9923646078674
-88.5,51.5,414.9922415813432
-88.5,52.5,414.9636581830365
-88.5,53.5,414.9634612023215
-88.5,54.5,414.9535708374563
-88.5,55.5,414.963146573722
-88.5,56.5,414.9629859648766
-88.5,57.5,414.9628285239306
-88.5,58.5,414.96262602344905
-88.5,59.5,414.9527789198358
-88.5,60.5,414.962289631953
-88.5,61.5,414.95245235238207
-88.5,62.5,414.95617757130873
-88.5,63.5,414.9655177316544
-88.5,64.5,414.96532606966525
-88.5,65.5,414.9556460926969
-88.5,66.5,414.9649808800432
-88.5,67.5,414.9552924581746
-88.5,68.5,414.964614524112
-88.5,69.5,414.9549393788821
-88.5,70.5,414.964260654121
-88.5,71.5,414.9545830773095
-88.5,72.5,414.9544075004529
-88.5,73.5,414.9636197483241
-88.5,74.5,414.963430981822
-88.5,75.5,414.9632886039921
-88.5,76.5,414.96308771719225
-88.5,77.5,414.96284943594713
-88.5,78.5,414.95334903976806
-88.5,79.5,414.9624803424891
-88.5,80.5,414.96231181559966
-88.5,81.5,414.9620884227288
-88.5,82.5,414.9355413913979
-88.5,83.5,414.935325088404
-88.5,84.5,414.9444905919188
-88.5,85.5,414.9442260246535
-88.5,86.5,414.9440278073271
-88.5,87.5,414.934479448752
-88.5,88.5,414.9342735835028
-88.5,89.5,414.9433201867137
-88.5,90.5,414.9431145085415
-88.5,91.5,414.9428759507416
-88.5,92.5,414.9433388579216
-88.5,93.5,414.93384839661536
-88.5,94.5,414.9428663491271
-88.5,95.5,414.94267461075873
-88.5,96.5,414.9331821814307
-88.5,97.5,414.9422346133221
-88.5,98.5,414.9327457327651
-88.5,99.5,414.94174732981816
-88.5,100.5,414.9415257739119
-88.5,101.5,414.9413077831448
-88.5,102.5,414.9319017131738
-88.5,103.5,414.9409291120758
-88.5,104.5,414.94068729470325
-88.5,105.5,414.94050888706767
-88.5,106.5,414.9403306016469
-88.5,107.5,414.9401207275277
-88.5,108.5,414.9307064783047
-88.5,109.5,414.9305193071269
-88.5,110.5,414.9303321931125
-88.5,111.5,414.9393617234711
-88.5,112.5,414.9391646305325
-88.5,113.5,414.93896122504674
-88.5,114.5,414.9296163436692
-88.5,115.5,414.9386327010428
-88.5,116.5,414.9383919327431
-88.5,117.5,414.9382892396458
-88.5,118.5,414.9380557353808
-88.5,119.5,414.93789470990566
-88.5,120.5,414.9377533417433
-88.5,121.5,414.9376114164782
-88.5,122.5,414.92833113497176
-88.5,123.5,414.9373029555199
-88.5,124.5,414.9281261514584
-88.5,125.5,414.92791936577953
-88.5,126.5,414.9277763579914
-88.5,127.5,414.9276617106371
-88.5,128.5,414.9275142444055
-88.5,129.5,414.91816253871326
-88.5,130.5,414.91803038837713
-88.5,131.5,414.9271051279541
-88.5,132.5,414.9269634175474
-88.5,133.5,414.92687828303616
-88.5,134.5,414.9349722181177
-88.5,135.5,414.9348856811022
-88.5,136.5,414.93478597970574
-88.5,137.5,414.9347158251688
-88.5,138.5,414.9346047072183
-88.5,139.5,414.9345639558202
-88.5,140.5,414.9344892080591
-88.5,141.5,414.9344408970136
-88.5,142.5,414.93432365990327
-88.5,143.5,414.9343007607457
-88.5,144.5,414.9342212789081
-88.5,145.5,414.92494675914014
-88.5,146.5,414.93411016299854
-88.5,147.5,414.9340743449466
-88.5,148.5,414.9248364742672
-88.5,149.5,414.9340245578641
-88.5,150.5,414.9247889315356
-88.5,151.5,414.9247658243589
-88.5,152.5,414.9339809859129
-88.5,153.5,414.93395805990906
-88.5,154.5,414.9224775530271
-88.5,155.5,414.9131974240405
-88.5,156.5,414.91320865496766
-88.5,157.5,414.9132323607934
-88.5,158.5,414.9225139481836
-88.5,159.5,414.9225338906118
-88.5,160.5,414.9225989311146
-88.5,161.5,414.922593147131
-88.5,162.5,414.9134102936724
-88.5,163.5,414.9227446371272
-88.5,164.5,414.93007547528254
-88.5,165.5,414.93015330915057
-88.5,166.5,414.9210067235163
-88.5,167.5,414.9303051945871
-88.5,168.5,414.9303753559067
-88.5,169.5,414.92121488574736
-88.5,170.5,414.92128768940233
-88.5,171.5,414.9213706640243
-88.5,172.5,414.9306372030911
-88.5,173.5,414.92153635495407
-88.5,174.5,414.93083684144096
-88.5,175.5,414.9309082568477
-88.5,176.5,414.9310299205521
-88.5,177.5,414.93117585367537
-88.5,178.5,414.9220342272473
-88.5,179.5,414.9221457914242
-87.5,-179.5,414.91715818141466
-87.5,-178.5,414.9173172950672
-87.5,-177.5,414.92651979461175
-87.5,-176.5,414.9176571828654
-87.5,-175.5,414.92686384130826
-87.5,-174.5,414.91803141448446
-87.5,-173.5,414.9182322213695
-87.5,-172.5,414.9913730145748
-87.5,-171.5,414.98266271106354
-87.5,-170.5,414.9826982933499
-87.5,-169.5,414.9827471189073
-87.5,-168.5,414.9915133904488
-87.5,-167.5,414.9828634520276
-87.5,-166.5,414.9917135367696
-87.5,-165.5,414.983034611692
-87.5,-164.5,414.98313077131934
-87.5,-163.5,414.9920024593123
-87.5,-162.5,414.98337839561856
-87.5,-161.5,414.9922120307842
-87.5,-160.5,414.9836581002716
-87.5,-159.5,414.9838162559647
-87.5,-158.5,414.9926934988477
-87.5,-157.5,414.9928991345686
-87.5,-156.5,414.9843523640144
-87.5,-155.5,414.9845565360765
-87.5,-154.5,414.9934821649828
-87.5,-153.5,415.011116112639
-87.5,-152.5,415.019883639288
-87.5,-151.5,415.0202778505364
-87.5,-150.5,415.0206094067587
-87.5,-149.5,415.0124224507552
-87.5,-148.5,415.01276500715386
-87.5,-147.5,415.01312733247386
-87.5,-146.5,415.0219918687917
-87.5,-145.5,415.0223492230251
-87.5,-144.5,415.0142731142987
-87.5,-143.5,415.0231570117985
-87.5,-142.5,415.023542064393
-87.5,-141.5,415.0239290170615
-87.5,-140.5,415.0159389581738
-87.5,-139.5,415.0163790305106
-87.5,-138.5,415.0168252895701
-87.5,-137.5,415.0256838759999
-87.5,-136.5,415.01775454518025
-87.5,-135.5,415.0266772998684
-87.5,-134.5,415.0271310930424
-87.5,-133.5,415.0199303548058
-87.5,-132.5,415.02030035527696
-87.5,-131.5,415.0207081143542
-87.5,-130.5,415.0127190429863
-87.5,-129.5,415.0215572845875
-87.5,-128.5,415.0219569452839
-87.5,-127.5,415.0139492171365
-87.5,-126.5,415.01436949236745
-87.5,-125.5,415.0147884004721
-87.5,-124.5,415.02371049331055
-87.5,-123.5,415.0242035245494
-87.5,-122.5,415.0160874953225
-87.5,-121.5,415.01652388009774
-87.5,-120.5,415.0255327953318
-87.5,-119.5,415.01741752859846
-87.5,-118.5,415.01786861122406
-87.5,-117.5,415.0268976452881
-87.5,-116.5,415.0273585400204
-87.5,-115.5,415.0278455386627
-87.5,-114.5,415.033010551157
-87.5,-113.5,415.0244139692989
-87.5,-112.5,415.0335113876724
-87.5,-111.5,415.033672999346
-87.5,-110.5,415.02501596466607
-87.5,-109.5,415.02522355476674
-87.5,-108.5,415.025424073864
-87.5,-107.5,415.0346306144445
-87.5,-106.5,415.03489159127
-87.5,-105.5,415.0350973488426
-87.5,-104.5,415.0353211678681
-87.5,-103.5,415.0264402500918
-87.5,-102.5,415.0266434940628
-87.5,-101.5,415.03596190150114
-87.5,-100.5,415.0910034238061
-87.5,-99.5,415.1001078146307
-87.5,-98.5,415.1003114827096
-87.5,-97.5,415.1004726227384
-87.5,-96.5,415.10065668329577
-87.5,-95.5,415.1008928564024
-87.5,-94.5,415.1010698811457
-87.5,-93.5,415.0921700779903
-87.5,-92.5,415.1013901049807
-87.5,-91.5,415.10155012359394
-87.5,-90.5,415.1017475519432
-87.5,-89.5,415.0928412056793
-87.5,-88.5,415.1021368582126
-87.5,-87.5,415.1023328532552
-87.5,-86.5,415.093349464665
-87.5,-85.5,415.0935199148324
-87.5,-84.5,415.1028292259365
-87.5,-83.5,415.0938529920685
-87.5,-82.5,415.09401747411056
-87.5,-81.5,415.0915158311866
-87.5,-80.5,415.0917407110997
-87.5,-79.5,415.0919633037847
-87.5,-78.5,415.0921863663509
-87.5,-77.5,415.10149902470926
-87.5,-76.5,415.1016600025808
-87.5,-75.5,415.10192033142215
-87.5,-74.5,415.0930678468798
-87.5,-73.5,415.0932856452489
-87.5,-72.5,415.1025509530428
-87.5,-71.5,415.09371788265673
-87.5,-70.5,415.1029528529116
-87.5,-69.5,415.1031766247543
-87.5,-68.5,415.1033601839229
-87.5,-67.5,415.1035642196227
-87.5,-66.5,415.0947615419554
-87.5,-65.5,415.1039506210685
-87.5,-64.5,415.10414188104767
-87.5,-63.5,415.1042961380711
-87.5,-62.5,415.10450989523815
-87.5,-61.5,415.09850000013233
-87.5,-60.5,415.1073881241592
-87.5,-59.5,415.10754052221694
-87.5,-58.5,415.1076196183191
-87.5,-57.5,415.09912895060256
-87.5,-56.5,415.1079397363591
-87.5,-55.5,415.0994270300735
-87.5,-54.5,415.10817076029457
-87.5,-53.5,415.1082962707693
-87.5,-52.5,415.1084292296752
-87.5,-51.5,415.0999933424533
-87.5,-50.5,415.1087421239832
-87.5,-49.5,415.10025926366353
-87.5,-48.5,415.1003873022437
-87.5,-47.5,415.1091142607138
-87.5,-46.5,415.10062825335774
-87.5,-45.5,415.10933073894745
-87.5,-44.5,415.1094819010526
-87.5,-43.5,415.10956004282576
-87.5,-42.5,415.0842848998428
-87.5,-41.5,415.08441170532416
-87.5,-40.5,415.0844582208109
-87.5,-39.5,415.0845909882332
-87.5,-38.5,415.08472503125336
-87.5,-37.5,415.0848083595464
-87.5,-36.5,415.0849564577842
-87.5,-35.5,415.0762205335296
-87.5,-34.5,415.08513098364153
-87.5,-33.5,415.07637659891526
-87.5,-32.5,415.0852534231327
-87.5,-31.5,415.0853630663706
-87.5,-30.5,415.0765713222475
-87.5,-29.5,415.0854924590623
-87.5,-28.5,415.0757054401086
-87.5,-27.5,415.0757893999856
-87.5,-26.5,415.0847726954886
-87.5,-25.5,415.0848883226712
-87.5,-24.5,415.0850506130886
-87.5,-23.5,415.0850783588087
-87.5,-22.5,415.0852121991529
-87.5,-21.5,415.08524449008434
-87.5,-20.5,415.0853850642328
-87.5,-19.5,415.0763179785917
-87.5,-18.5,415.0854962208145
-87.5,-17.5,415.0855806182235
-87.5,-16.5,415.07643730988536
-87.5,-15.5,415.08567092951176
-87.5,-14.5,415.0857457502313
-87.5,-13.5,415.0857972404766
-87.5,-12.5,415.02435485877663
-87.5,-11.5,415.0765585356724
-87.5,-10.5,415.0765671372753
-87.5,-9.5,415.05602992949537
-87.5,-8.5,415.0560340099943
-87.5,-7.5,415.05607167733285
-87.5,-6.5,415.0464518156192
-87.5,-5.5,415.0560858198938
-87.5,-4.5,415.0560835966344
-87.5,-3.5,415.0560753988199
-87.5,-2.5,415.056100131524
-87.5,-1.5,415.05610707821046
-87.5,-0.5,415.0463286090404
-87.5,0.5,415.0560769169568
-87.5,1.5,415.0462586954857
-87.5,2.5,415.05603338825006
-87.5,3.5,415.056008089716
-87.5,4.5,415.04610813095576
-87.5,5.5,415.0559696299701
-87.5,6.5,415.0459892200763
-87.5,7.5,415.0459235757135
-87.5,8.5,415.0558078703489
-87.5,9.5,415.0557150322921
-87.5,10.5,415.0198180066422
-87.5,11.5,415.019754842222
-87.5,12.5,415.00952510961423
-87.5,13.5,415.00944019327807
-87.5,14.5,415.019525126328
-87.5,15.5,415.0194568363038
-87.5,16.5,415.0194319660291
-87.5,17.5,415.0192902193968
-87.5,18.5,415.0192128080329
-87.5,19.5,415.0190999653713
-87.5,20.5,415.00874727890977
-87.5,21.5,415.0189647891451
-87.5,22.5,415.0188416195629
-87.5,23.5,415.01873385001664
-87.5,24.5,415.0082838000377
-87.5,25.5,415.0185126131081
-87.5,26.5,415.0184018783128
-87.5,27.5,415.01822842149534
-87.5,28.5,415.00776959267216
-87.5,29.5,414.9902048178255
-87.5,30.5,414.9795676657963
-87.5,31.5,414.9794265701077
-87.5,32.5,414.9897349872299
-87.5,33.5,414.98961458783344
-87.5,34.5,414.9894168552364
-87.5,35.5,414.9788310123116
-87.5,36.5,414.9891011801799
-87.5,37.5,414.9785096476672
-87.5,38.5,414.9887575132189
-87.5,39.5,414.9885897459851
-87.5,40.5,414.9883915061179
-87.5,41.5,414.98822183675344
-87.5,42.5,414.9776712105967
-87.5,43.5,414.9530165651853
-87.5,44.5,414.9632999963742
-87.5,45.5,414.9526009663196
-87.5,46.5,414.9628975285736
-87.5,47.5,414.9626651817732
-87.5,48.5,414.951966355742
-87.5,49.5,414.96222114367873
-87.5,50.5,414.95153228800285
-87.5,51.5,414.95130899281673
-87.5,52.5,414.96145871451256
-87.5,53.5,414.9612241485148
-87.5,54.5,414.9609692058176
-87.5,55.5,414.95041453312535
-87.5,56.5,414.9604770676638
-87.5,57.5,414.9499621942914
-87.5,58.5,414.94972889086006
-87.5,59.5,414.959730515784
-87.5,60.5,414.95951167113407
-87.5,61.5,414.9490275292594
-87.5,62.5,414.9394622660488
-87.5,63.5,414.9492279735283
-87.5,64.5,414.9388464604463
-87.5,65.5,414.93854255763193
-87.5,66.5,414.94830063204455
-87.5,67.5,414.93791728868433
-87.5,68.5,414.94766062005874
-87.5,69.5,414.9473427585594
-87.5,70.5,414.94699707476775
-87.5,71.5,414.936665058274
-87.5,72.5,414.9363487053576
-87.5,73.5,414.9360321875472
-87.5,74.5,414.9357142796772
-87.5,75.5,414.9452626528727
-87.5,76.5,414.94496056598047
-87.5,77.5,414.9446105062128
-87.5,78.5,414.9344348663825
-87.5,79.5,414.9341151205962
-87.5,80.5,414.9337941710743
-87.5,81.5,414.933471765653
-87.5,82.5,414.9356280354263
-87.5,83.5,414.9254797778554
-87.5,84.5,414.9348381661901
-87.5,85.5,414.93451079094336
-87.5,86.5,414.9243341105102
-87.5,87.5,414.9337217861696
-87.5,88.5,414.9333191337111
-87.5,89.5,414.9329389010775
-87.5,90.5,414.9325418688461
-87.5,91.5,414.93211602625377
-87.5,92.5,414.93170007894736
-87.5,93.5,414.93135138136006
-87.5,94.5,414.9309398261704
-87.5,95.5,414.92094229137217
-87.5,96.5,414.9301970453761
-87.5,97.5,414.92978520529937
-87.5,98.5,414.9198401656098
-87.5,99.5,414.9290123216339
-87.5,100.5,414.9286625666556
-87.5,101.5,414.9282310677247
-87.5,102.5,414.92788161189344
-87.5,103.5,414.9275208939733
-87.5,104.5,414.9270968032981
-87.5,105.5,414.9173577855819
-87.5,106.5,414.9170003803056
-87.5,107.5,414.9166486028271
-87.5,108.5,414.91629742664014
-87.5,109.5,414.91595860608345
-87.5,110.5,414.92495639422793
-87.5,111.5,414.9245756858592
-87.5,112.5,414.9242169785381
-87.5,113.5,414.9239389502223
-87.5,114.5,414.9143078613491
-87.5,115.5,414.91377949135335
-87.5,116.5,414.913431973155
-87.5,117.5,414.92242371022064
-87.5,118.5,414.9127511422449
-87.5,119.5,414.91241348651016
-87.5,120.5,414.9120945810524
-87.5,121.5,414.91176950960096
-87.5,122.5,414.9114607870205
-87.5,123.5,414.920434863121
-87.5,124.5,414.9201289764754
-87.5,125.5,414.9105582607345
-87.5,126.5,414.91026942925896
-87.5,127.5,414.9192361417453
-87.5,128.5,414.9097171495192
-87.5,129.5,414.9186180095365
-87.5,130.5,414.90918907915454
-87.5,131.5,414.91813017865
-87.5,132.5,414.9178602129239
-87.5,133.5,414.9084528718986
-87.5,134.5,414.9191123004181
-87.5,135.5,414.9189174488884
-87.5,136.5,414.9187286317856
-87.5,137.5,414.9093513817866
-87.5,138.5,414.90918969279335
-87.5,139.5,414.91820013028087
-87.5,140.5,414.9180892327956
-87.5,141.5,414.9178952512247
-87.5,142.5,414.9086032935559
-87.5,143.5,414.8609183589351
-87.5,144.5,414.9175635291724
-87.5,145.5,414.9174033752072
-87.5,146.5,414.9081606732937
-87.5,147.5,414.9080747115986
-87.5,148.5,414.9171047901663
-87.5,149.5,414.9170263147936
-87.5,150.5,414.9170052175954
-87.5,151.5,414.91693704439626
-87.5,152.5,414.9077580254862
-87.5,153.5,414.907721924526
-87.5,154.5,414.9186068966488
-87.5,155.5,414.90953992921726
-87.5,156.5,414.9185800672922
-87.5,157.5,414.9186276449825
-87.5,158.5,414.9186362604552
-87.5,159.5,414.9186747567467
-87.5,160.5,414.9186424364496
-87.5,161.5,414.9096199469001
-87.5,162.5,414.9187629062942
-87.5,163.5,414.9097254166287
-87.5,164.5,414.9097871989213
-87.5,165.5,414.9189216060608
-87.5,166.5,414.90995177473127
-87.5,167.5,414.9100460350723
-87.5,168.5,414.91015113186
-87.5,169.5,414.9102626055829
-87.5,170.5,414.9194316135246
-87.5,171.5,414.9105221212741
-87.5,172.5,414.91066761987497
-87.5,173.5,414.9162958315546
-87.5,174.5,414.9254154846312
-87.5,175.5,414.9255450888537
-87.5,176.5,414.916616849338
-87.5,177.5,414.925783642895
-87.5,178.5,414.9168718011329
-87.5,179.5,414.9260292818672
-86.5,-179.5,414.9700454602717
-86.5,-178.5,414.9702299683789
-86.5,-177.5,414.9703735306176
-86.5,-176.5,414.97061770454354
-86.5,-175.5,414.9618554479717
-86.5,-174.5,414.9709651019285
-86.5,-173.5,414.9712462180767
-86.5,-172.5,415.0314749640429
-86.5,-171.5,415.0312975471469
-86.5,-170.5,415.0310993739504
-86.5,-169.5,415.0222529280496
-86.5,-168.5,415.0220977703227
-86.5,-167.5,415.02195634341393
-86.5,-166.5,415.03056309315866
-86.5,-165.5,415.0217327720429
-86.5,-164.5,415.03044911490656
-86.5,-163.5,415.0303184802311
-86.5,-162.5,415.0302648623343
-86.5,-161.5,415.0214764859019
-86.5,-160.5,415.1720591411053
-86.5,-159.5,415.1719712430967
-86.5,-158.5,415.1794422564609
-86.5,-157.5,415.1718586125836
-86.5,-156.5,415.1794029855829
-86.5,-155.5,415.1718544346541
-86.5,-154.5,415.1718887494322
-86.5,-153.5,415.0925699985709
-86.5,-152.5,415.0846254278565
-86.5,-151.5,415.0850582479784
-86.5,-150.5,415.093776016123
-86.5,-149.5,415.0859816636418
-86.5,-148.5,415.0934356927485
-86.5,-147.5,415.10214283670666
-86.5,-146.5,415.1027636205535
-86.5,-145.5,415.1034308429955
-86.5,-144.5,415.0961982909554
-86.5,-143.5,415.1048650981927
-86.5,-142.5,415.1056201915656
-86.5,-141.5,415.1063650657027
-86.5,-140.5,415.09931564005154
-86.5,-139.5,415.1079267222834
-86.5,-138.5,415.0645426674121
-86.5,-137.5,415.0571635014687
-86.5,-136.5,415.0579272057564
-86.5,-135.5,415.06682646998286
-86.5,-134.5,415.05949708511895
-86.5,-133.5,415.132758290284
-86.5,-132.5,415.13371036019737
-86.5,-131.5,415.14211833220446
-86.5,-130.5,415.1356702656281
-86.5,-129.5,415.1439929463852
-86.5,-128.5,415.1376933196154
-86.5,-127.5,415.138733343943
-86.5,-126.5,415.0681807250573
-86.5,-125.5,415.06899693068135
-86.5,-124.5,415.06189494442606
-86.5,-123.5,415.06267924624507
-86.5,-122.5,415.07139715650334
-86.5,-121.5,415.0642729156564
-86.5,-120.5,415.0729907655978
-86.5,-119.5,415.0658868247611
-86.5,-118.5,415.0746778394408
-86.5,-117.5,415.0754687187333
-86.5,-116.5,415.0683536923156
-86.5,-115.5,415.0771749253711
-86.5,-114.5,415.0579823652279
-86.5,-113.5,415.05853945622806
-86.5,-112.5,415.0591107622701
-86.5,-111.5,415.0514798375596
-86.5,-110.5,415.0602151240144
-86.5,-109.5,415.06070328629534
-86.5,-108.5,415.0612464321961
-86.5,-107.5,415.0535555602586
-86.5,-106.5,415.06237750704
-86.5,-105.5,415.05458645184274
-86.5,-104.5,415.0634475361869
-86.5,-103.5,415.0556227844949
-86.5,-102.5,415.0561307131523
-86.5,-101.5,415.0566420136173
-86.5,-100.5,415.1399859479843
-86.5,-99.5,415.13197903701297
-86.5,-98.5,415.1320890574677
-86.5,-97.5,415.1322007075248
-86.5,-96.5,415.1405819440592
-86.5,-95.5,415.1324203078132
-86.5,-94.5,415.14083508778697
-86.5,-93.5,415.1326322605938
-86.5,-92.5,415.1327381088015
-86.5,-91.5,415.1412381883413
-86.5,-90.5,415.14136237938993
-86.5,-89.5,415.1414928378469
-86.5,-88.5,415.2078269716461
-86.5,-87.5,415.2078975948429
-86.5,-86.5,415.2000169798537
-86.5,-85.5,415.2081266270807
-86.5,-84.5,415.2081916440034
-86.5,-83.5,415.208342558138
-86.5,-82.5,415.20041271060416
-86.5,-81.5,415.16077887340185
-86.5,-80.5,415.1610486070744
-86.5,-79.5,415.1529414730688
-86.5,-78.5,415.1615746491699
-86.5,-77.5,415.161856993904
-86.5,-76.5,415.1991367859246
-86.5,-75.5,415.2073808478494
-86.5,-74.5,415.1997793778306
-86.5,-73.5,415.2001015720092
-86.5,-72.5,415.2004245561112
-86.5,-71.5,415.2085446012806
-86.5,-70.5,415.2010729524502
-86.5,-69.5,415.2013991740347
-86.5,-68.5,415.2095462361274
-86.5,-67.5,415.2020598023549
-86.5,-66.5,415.1415424035999
-86.5,-65.5,415.1499190870069
-86.5,-64.5,415.150115023629
-86.5,-63.5,415.15038207350506
-86.5,-62.5,415.1426838499259
-86.5,-61.5,415.192104146423
-86.5,-60.5,415.1999022021399
-86.5,-59.5,415.19263203356206
-86.5,-58.5,415.1928972830252
-86.5,-57.5,415.2005661887038
-86.5,-56.5,415.2008064888349
-86.5,-55.5,415.2010325393542
-86.5,-54.5,415.1512677040688
-86.5,-53.5,415.15901402358446
-86.5,-52.5,415.15921961704777
-86.5,-51.5,415.1519088379397
-86.5,-50.5,415.1595889786938
-86.5,-49.5,415.1597963904263
-86.5,-48.5,415.1525191045555
-86.5,-47.5,415.1527255640903
-86.5,-46.5,415.15292291563
-86.5,-45.5,415.160543052444
-86.5,-44.5,415.1533045371128
-86.5,-43.5,415.16095667208697
-86.5,-42.5,415.1553920932428
-86.5,-41.5,415.1482014134936
-86.5,-40.5,415.1559794333989
-86.5,-39.5,415.1486969355725
-86.5,-38.5,415.1565336832206
-86.5,-37.5,415.1491716209802
-86.5,-36.5,415.1570931543503
-86.5,-35.5,415.1573436499603
-86.5,-34.5,415.1576323679806
-86.5,-33.5,415.1500818598748
-86.5,-32.5,415.1502962660984
-86.5,-31.5,415.1505094065666
-86.5,-30.5,415.158603850302
-86.5,-29.5,415.1588683063236
-86.5,-28.5,415.05298854015433
-86.5,-27.5,415.11416072434537
-86.5,-26.5,415.11434098149937
-86.5,-25.5,415.10609935409343
-86.5,-24.5,415.1062342796001
-86.5,-23.5,415.1149133627471
-86.5,-22.5,415.1064826017512
-86.5,-21.5,415.1065952220807
-86.5,-20.5,415.1153803554328
-86.5,-19.5,415.1068041450231
-86.5,-18.5,415.1069010815581
-86.5,-17.5,415.1158428978403
-86.5,-16.5,415.09616882886655
-86.5,-15.5,415.08719788972
-86.5,-14.5,415.0963197806036
-86.5,-13.5,415.0963557785244
-86.5,-12.5,415.0964160014802
-86.5,-11.5,415.0871715892994
-86.5,-10.5,415.08714703148416
-86.5,-9.5,415.0817203136879
-86.5,-8.5,415.0723116535997
-86.5,-7.5,415.0817475100557
-86.5,-6.5,415.0817416983384
-86.5,-5.5,415.0721918769189
-86.5,-4.5,415.05873833762655
-86.5,-3.5,415.0683141145942
-86.5,-2.5,415.0682053987093
-86.5,-1.5,415.06817257218273
-86.5,-0.5,415.0679916886842
-86.5,0.5,415.0679098012163
-86.5,1.5,415.06776060627067
-86.5,2.5,415.0676514101922
-86.5,3.5,415.06754179245706
-86.5,4.5,415.0574447949639
-86.5,5.5,415.050706600007
-86.5,6.5,415.05061012253685
-86.5,7.5,415.05049629040695
-86.5,8.5,415.0403228130111
-86.5,9.5,415.05034497997497
-86.5,10.5,415.0312422757575
-86.5,11.5,415.0412338812174
-86.5,12.5,415.0410560734939
-86.5,13.5,415.0306775150335
-86.5,14.5,415.040690249923
-86.5,15.5,415.0405101691813
-86.5,16.5,415.0403355251706
-86.5,17.5,415.0153994114572
-86.5,18.5,415.01522483321145
-86.5,19.5,415.0046215195418
-86.5,20.5,415.0044426418287
-86.5,21.5,415.0042590533946
-86.5,22.5,415.0040786398192
-86.5,23.5,415.00388675452126
-86.5,24.5,415.0036968788038
-86.5,25.5,415.0140561129134
-86.5,26.5,415.0033069941434
-86.5,27.5,415.0137147574405
-86.5,28.5,415.0134987225768
-86.5,29.5,414.9665850470499
-86.5,30.5,414.9772352019273
-86.5,31.5,414.9770940370648
-86.5,32.5,414.9768967897553
-86.5,33.5,414.9766916923284
-86.5,34.5,414.9764884823392
-86.5,35.5,414.9762917561944
-86.5,36.5,414.9760618789708
-86.5,37.5,414.9758699019892
-86.5,38.5,414.9755851026635
-86.5,39.5,414.9644258109556
-86.5,40.5,414.96419959935815
-86.5,41.5,414.9639734958373
-86.5,42.5,414.9747094665523
-86.5,43.5,414.9573096116589
-86.5,44.5,414.9570290484055
-86.5,45.5,414.9457898939192
-86.5,46.5,414.94554147134806
-86.5,47.5,414.95624753260864
-86.5,48.5,414.9559826904743
-86.5,49.5,414.9557762832587
-86.5,50.5,414.95550651826574
-86.5,51.5,414.95523058310175
-86.5,52.5,414.9549056485613
-86.5,53.5,414.95462808664496
-86.5,54.5,414.9543900609605
-86.5,55.5,414.9270743175741
-86.5,56.5,414.9267641823816
-86.5,57.5,414.915641994297
-86.5,58.5,414.91539410498586
-86.5,59.5,414.9259492098421
-86.5,60.5,414.9148951874704
-86.5,61.5,414.9254387478504
-86.5,62.5,414.9424495370583
-86.5,63.5,414.9421357048102
-86.5,64.5,414.9416907459933
-86.5,65.5,414.9308631289099
-86.5,66.5,414.9305270665112
-86.5,67.5,414.9162635611019
-86.5,68.5,414.91586192384943
-86.5,69.5,414.9154782229782
-86.5,70.5,414.9046167156821
-86.5,71.5,414.90425784408615
-86.5,72.5,414.9143750080671
-86.5,73.5,414.91401836898007
-86.5,74.5,414.9135752299883
-86.5,75.5,414.913213621367
-86.5,76.5,414.912829536268
-86.5,77.5,414.9313865871554
-86.5,78.5,414.9309061808841
-86.5,79.5,414.9202218053148
-86.5,80.5,414.9298480973229
-86.5,81.5,414.929415722564
-86.5,82.5,414.90899211117664
-86.5,83.5,414.9085423623037
-86.5,84.5,414.907971164802
-86.5,85.5,414.9074769775016
-86.5,86.5,414.90694283526767
-86.5,87.5,414.8963432845509
-86.5,88.5,414.90596156478256
-86.5,89.5,414.91406428667113
-86.5,90.5,414.92347173652166
-86.5,91.5,414.9129140893197
-86.5,92.5,414.9123375266848
-86.5,93.5,414.9117657783081
-86.5,94.5,414.9111937937448
-86.5,95.5,414.9106245129998
-86.5,96.5,414.9199869103831
-86.5,97.5,414.919406911457
-86.5,98.5,414.91879542368525
-86.5,99.5,414.9182568379241
-86.5,100.5,414.9176612684965
-86.5,101.5,414.92237025776257
-86.5,102.5,414.9217151512103
-86.5,103.5,414.9210860946753
-86.5,104.5,414.92049207678326
-86.5,105.5,414.9198291699783
-86.5,106.5,414.90938801325166
-86.5,107.5,414.9185675255385
-86.5,108.5,414.9179419729804
-86.5,109.5,414.9075494853339
-86.5,110.5,414.91664992976433
-86.5,111.5,414.916052583236
-86.5,112.5,414.9154640843221
-86.5,113.5,414.90515693593113
-86.5,114.5,414.9045765870636
-86.5,115.5,414.92119057951015
-86.5,116.5,414.9205908608821
-86.5,117.5,414.910473741642
-86.5,118.5,414.9099496405779
-86.5,119.5,414.90942889559744
-86.5,120.5,414.9184154840236
-86.5,121.5,414.9179371362448
-86.5,122.5,414.9079122503614
-86.5,123.5,414.9169134004759
-86.5,124.5,414.9163882745912
-86.5,125.5,414.9064824171251
-86.5,126.5,414.9060236189546
-86.5,127.5,414.9185531041276
-86.5,128.5,414.927371952749
-86.5,129.5,414.9176128173133
-86.5,130.5,414.9171565122137
-86.5,131.5,414.9259875960748
-86.5,132.5,414.9162816601765
-86.5,133.5,414.9158604956639
-86.5,134.5,414.9179740988103
-86.5,135.5,414.9176139599696
-86.5,136.5,414.917306269686
-86.5,137.5,414.90774333874265
-86.5,138.5,414.9165945179856
-86.5,139.5,414.927220894224
-86.5,140.5,414.9268432851798
-86.5,141.5,414.9354682244548
-86.5,142.5,414.9351291613884
-86.5,143.5,414.9257916061809
-86.5,144.5,414.934443585678
-86.5,145.5,414.9341056083008
-86.5,146.5,414.9338146191472
-86.5,147.5,414.9335165746709
-86.5,148.5,414.9242906677483
-86.5,149.5,414.9216200463816
-86.5,150.5,414.9214610538523
-86.5,151.5,414.9213189910509
-86.5,152.5,414.9121904481317
-86.5,153.5,414.9210820944426
-86.5,154.5,414.9569100369735
-86.5,155.5,414.9566956153439
-86.5,156.5,414.9564871586193
-86.5,157.5,414.9650691714472
-86.5,158.5,414.9561315573858
-86.5,159.5,414.9647654681595
-86.5,160.5,414.9558417655807
-86.5,161.5,414.9377996949625
-86.5,162.5,414.9377988773603
-86.5,163.5,414.9379028166086
-86.5,164.5,414.9289312237553
-86.5,165.5,414.9290115592937
-86.5,166.5,414.938142728126
-86.5,167.5,414.9382319754144
-86.5,168.5,414.9383658673363
-86.5,169.5,414.92950074471815
-86.5,170.5,414.93868160556457
-86.5,171.5,414.9298434371489
-86.5,172.5,414.9300402602744
-86.5,173.5,414.9693491846192
-86.5,174.5,414.9694217944332
-86.5,175.5,414.9694458775186
-86.5,176.5,414.96955038764656
-86.5,177.5,414.9696526504474
-86.5,178.5,414.9697856641477
-86.5,179.5,414.9610316409226
-85.5,-179.5,414.9976523252207
-85.5,-178.5,415.0067051872829
-85.5,-177.5,415.0069158632445
-85.5,-176.5,415.0070773318099
-85.5,-175.5,415.0073279290445
-85.5,-174.5,415.177047105936
-85.5,-173.5,415.1763842605786
-85.5,-172.5,415.1685333719299
-85.5,-171.5,415.1752620945705
-85.5,-170.5,415.1747620840671
-85.5,-169.5,415.16692288275016
-85.5,-168.5,415.1738687270045
-85.5,-167.5,415.1734839356629
-85.5,-166.5,415.2981864788013
-85.5,-165.5,415.2910321216113
-85.5,-164.5,415.2969514049592
-85.5,-163.5,415.2963580549653
-85.5,-162.5,415.295847145933
-85.5,-161.5,415.28859226542136
-85.5,-160.5,415.29479633630734
-85.5,-159.5,415.29438539026063
-85.5,-158.5,415.2871299565616
-85.5,-157.5,415.28671127513
-85.5,-156.5,415.2931914239858
-85.5,-155.5,415.29287057571815
-85.5,-154.5,415.3302251987935
-85.5,-153.5,415.33059491918783
-85.5,-152.5,415.3309999459336
-85.5,-151.5,415.32495261348106
-85.5,-150.5,415.3319560607749
-85.5,-149.5,415.33238935213353
-85.5,-148.5,415.33295364619767
-85.5,-147.5,415.3271298792588
-85.5,-146.5,415.3341322620009
-85.5,-145.5,415.32842490150045
-85.5,-144.5,415.3354164355333
-85.5,-143.5,415.283992826703
-85.5,-142.5,415.2784790627669
-85.5,-141.5,415.27971334712464
-85.5,-140.5,415.2809765743477
-85.5,-139.5,415.282276450213
-85.5,-138.5,415.29004608312704
-85.5,-137.5,415.284972640623
-85.5,-136.5,415.292694701184
-85.5,-135.5,415.28779111229227
-85.5,-134.5,415.2892472876128
-85.5,-133.5,415.2968854084787
-85.5,-132.5,415.1972838199198
-85.5,-131.5,415.1988208654212
-85.5,-130.5,415.2003842191768
-85.5,-129.5,415.2019727730903
-85.5,-128.5,415.2102432551807
-85.5,-127.5,415.2118236178748
-85.5,-126.5,415.2068757743983
-85.5,-125.5,415.2085516354269
-85.5,-124.5,415.2167537993972
-85.5,-123.5,415.21842122321294
-85.5,-122.5,415.2201125934768
-85.5,-121.5,415.22181926380574
-85.5,-120.5,415.185242290061
-85.5,-119.5,415.1867062750147
-85.5,-118.5,415.1882399869622
-85.5,-117.5,415.1897443319071
-85.5,-116.5,415.184554580735
-85.5,-115.5,415.192770487831
-85.5,-114.5,415.1943522889608
-85.5,-113.5,415.1892451514177
-85.5,-112.5,415.0698223357539
-85.5,-111.5,415.0707012514744
-85.5,-110.5,415.07926498283416
-85.5,-109.5,415.0724847254936
-85.5,-108.5,415.07338575655945
-85.5,-107.5,415.08203382338127
-85.5,-106.5,415.082956206768
-85.5,-105.5,415.0761009991832
-85.5,-104.5,415.0848091132369
-85.5,-103.5,415.085694057059
-85.5,-102.5,415.12216943758256
-85.5,-101.5,415.1224635867193
-85.5,-100.5,415.1151047923808
-85.5,-99.5,415.12316266207614
-85.5,-98.5,415.1235699269221
-85.5,-97.5,415.1238255989954
-85.5,-96.5,415.124217314186
-85.5,-95.5,415.1246256151954
-85.5,-94.5,415.2134979506996
-85.5,-93.5,415.2133840028173
-85.5,-92.5,415.22075926124967
-85.5,-91.5,415.2131631905439
-85.5,-90.5,415.22059412997646
-85.5,-89.5,415.2129468287952
-85.5,-88.5,415.2205185239387
-85.5,-87.5,415.2127365913236
-85.5,-86.5,415.2203413143889
-85.5,-85.5,415.21252833518247
-85.5,-84.5,415.2202569227626
-85.5,-83.5,415.2201825208064
-85.5,-82.5,415.2622356581564
-85.5,-81.5,415.269942553714
-85.5,-80.5,415.2626140923476
-85.5,-79.5,415.2628064815581
-85.5,-78.5,415.2630022972947
-85.5,-77.5,415.2707518343296
-85.5,-76.5,415.2634043229476
-85.5,-75.5,415.26360904370034
-85.5,-74.5,415.2713465405008
-85.5,-73.5,415.2640320090149
-85.5,-72.5,415.26424724101537
-85.5,-71.5,415.2582522698585
-85.5,-70.5,415.258619117285
-85.5,-69.5,415.2589866100991
-85.5,-68.5,415.2593383112053
-85.5,-67.5,415.25959536948574
-85.5,-66.5,415.2599585361134
-85.5,-65.5,415.2604265804297
-85.5,-64.5,415.26079108804095
-85.5,-63.5,415.2611139377871
-85.5,-62.5,415.2614331399861
-85.5,-61.5,415.25483023739713
-85.5,-60.5,415.2456929098013
-85.5,-59.5,415.2529960028808
-85.5,-58.5,415.2465380428066
-85.5,-57.5,415.2469661098691
-85.5,-56.5,415.24739869981033
-85.5,-55.5,415.25439796874383
-85.5,-54.5,415.2548465019636
-85.5,-53.5,415.24869335667694
-85.5,-52.5,415.2555565821534
-85.5,-51.5,415.2558876993037
-85.5,-50.5,415.2500050167005
-85.5,-49.5,415.2504494838678
-85.5,-48.5,415.24420260913473
-85.5,-47.5,415.2384839890794
-85.5,-46.5,415.2450724584199
-85.5,-45.5,415.2394358716568
-85.5,-44.5,415.2460596778769
-85.5,-43.5,415.2403791276022
-85.5,-42.5,415.2408445375767
-85.5,-41.5,415.2473858298576
-85.5,-40.5,415.1909068323678
-85.5,-39.5,415.1913589081808
-85.5,-38.5,415.1919207286702
-85.5,-37.5,415.1922728151679
-85.5,-36.5,415.1860173362851
-85.5,-35.5,415.1863945322924
-85.5,-34.5,415.19364014513945
-85.5,-33.5,415.187125765286
-85.5,-32.5,415.1945124031121
-85.5,-31.5,415.19494177867455
-85.5,-30.5,415.1731254753839
-85.5,-29.5,415.17349339086593
-85.5,-28.5,415.16635793491247
-85.5,-27.5,415.1666557644338
-85.5,-26.5,415.1669377392294
-85.5,-25.5,415.1749711785144
-85.5,-24.5,415.1753114711356
-85.5,-23.5,415.1756667002706
-85.5,-22.5,415.1265508742614
-85.5,-21.5,415.1183697307389
-85.5,-20.5,415.1184402009666
-85.5,-19.5,415.1270531644053
-85.5,-18.5,415.12718248990245
-85.5,-17.5,415.1273083193656
-85.5,-16.5,415.1274237467859
-85.5,-15.5,415.1186894802285
-85.5,-14.5,415.1276238361688
-85.5,-13.5,415.127725125433
-85.5,-12.5,415.127750541896
-85.5,-11.5,415.127816584376
-85.5,-10.5,415.0900317938668
-85.5,-9.5,415.0899613091382
-85.5,-8.5,415.0803389449954
-85.5,-7.5,415.08972766086
-85.5,-6.5,415.0896079003827
-85.5,-5.5,415.0894547679719
-85.5,-4.5,415.0893102832662
-85.5,-3.5,415.08913918057686
-85.5,-2.5,415.0791377056354
-85.5,-1.5,415.07891313102334
-85.5,-0.5,415.08859475279263
-85.5,0.5,415.056229900454
-85.5,1.5,415.0559430889931
-85.5,2.5,415.0658080304962
-85.5,3.5,415.05535675353104
-85.5,4.5,415.0550529034529
-85.5,5.5,415.065016683764
-85.5,6.5,415.0646816860554
-85.5,7.5,415.06437378180414
-85.5,8.5,415.0640809441821
-85.5,9.5,415.0638340281589
-85.5,10.5,415.0634709921196
-85.5,11.5,415.0448778729537
-85.5,12.5,415.0445823954304
-85.5,13.5,415.04427326544345
-85.5,14.5,415.04403690939824
-85.5,15.5,415.0436777105848
-85.5,16.5,415.0433733802894
-85.5,17.5,415.04307503463895
-85.5,18.5,415.0427798068831
-85.5,19.5,415.042420756156
-85.5,20.5,415.04209856158025
-85.5,21.5,415.04178625460287
-85.5,22.5,415.0312466024415
-85.5,23.5,415.01496806069576
-85.5,24.5,415.00438029850216
-85.5,25.5,415.00415415262654
-85.5,26.5,415.0039257133331
-85.5,27.5,415.0037042790913
-85.5,28.5,415.0137964215058
-85.5,29.5,415.0135329939139
-85.5,30.5,415.0132884934844
-85.5,31.5,414.9728195039519
-85.5,32.5,414.9726570340574
-85.5,33.5,414.9619282506793
-85.5,34.5,414.9617041303637
-85.5,35.5,414.9614819901319
-85.5,36.5,414.9717725264738
-85.5,37.5,414.9610305718489
-85.5,38.5,414.9608031540848
-85.5,39.5,414.9605776838546
-85.5,40.5,414.9603561126439
-85.5,41.5,414.924518968797
-85.5,42.5,414.9349942642936
-85.5,43.5,414.92421941454046
-85.5,44.5,414.9347451898585
-85.5,45.5,414.9346026541379
-85.5,46.5,414.93444176088207
-85.5,47.5,414.9343305116869
-85.5,48.5,414.9341325226933
-85.5,49.5,414.9111000486373
-85.5,50.5,414.9108900605906
-85.5,51.5,414.9106288631489
-85.5,52.5,414.9104500051301
-85.5,53.5,414.9102322698992
-85.5,54.5,414.909959268728
-85.5,55.5,414.9097377121511
-85.5,56.5,414.9095125418543
-85.5,57.5,414.90931378324416
-85.5,58.5,414.8982684927888
-85.5,59.5,414.9088256952713
-85.5,60.5,414.9085712305864
-85.5,61.5,414.8961228531153
-85.5,62.5,414.895778408097
-85.5,63.5,414.8846810468081
-85.5,64.5,414.8950280094193
-85.5,65.5,414.894662694475
-85.5,66.5,414.8943232813816
-85.5,67.5,414.8833035558187
-85.5,68.5,414.88295327800097
-85.5,69.5,414.8931842261251
-85.5,70.5,414.8927616565471
-85.5,71.5,414.8924086075062
-85.5,72.5,414.8765011542049
-85.5,73.5,414.8759942646205
-85.5,74.5,414.8858563665905
-85.5,75.5,414.8853590558826
-85.5,76.5,414.8848302169218
-85.5,77.5,414.8842878316556
-85.5,78.5,414.8837364791785
-85.5,79.5,414.8729146223298
-85.5,80.5,414.882665899256
-85.5,81.5,414.88206023901455
-85.5,82.5,414.8815649351658
-85.5,83.5,414.8843073181913
-85.5,84.5,414.8835849650994
-85.5,85.5,414.88286648463816
-85.5,86.5,414.88218605906553
-85.5,87.5,414.8714463365674
-85.5,88.5,414.88077456958814
-85.5,89.5,414.88006114677137
-85.5,90.5,414.879342555991
-85.5,91.5,414.878605195575
-85.5,92.5,414.87795995990535
-85.5,93.5,414.8673131135978
-85.5,94.5,414.8765074860646
-85.5,95.5,414.8795803307052
-85.5,96.5,414.8886309118555
-85.5,97.5,414.8779311661753
-85.5,98.5,414.8869275823392
-85.5,99.5,414.87628393395073
-85.5,100.5,414.8754682450832
-85.5,101.5,414.8746502318406
-85.5,102.5,414.873836986358
-85.5,103.5,414.9026260105423
-85.5,104.5,414.91158182352376
-85.5,105.5,414.91068298268056
-85.5,106.5,414.9098376776528
-85.5,107.5,414.9090008137968
-85.5,108.5,414.90812623067865
-85.5,109.5,414.907314486405
-85.5,110.5,414.9064158785158
-85.5,111.5,414.9056309712878
-85.5,112.5,414.9047562251936
-85.5,113.5,414.91794943103946
-85.5,114.5,414.9171451651167
-85.5,115.5,414.9064807398761
-85.5,116.5,414.9056349961021
-85.5,117.5,414.9146254045027
-85.5,118.5,414.9039640698084
-85.5,119.5,414.91291167244566
-85.5,120.5,414.9023298243656
-85.5,121.5,414.9284042451978
-85.5,122.5,414.9276744576167
-85.5,123.5,414.9268984348206
-85.5,124.5,414.9261982752654
-85.5,125.5,414.92551188702816
-85.5,126.5,414.9247656476921
-85.5,127.5,414.9240633274517
-85.5,128.5,414.923400760956
-85.5,129.5,414.9131942703925
-85.5,130.5,414.92207922850673
-85.5,131.5,414.9214535713441
-85.5,132.5,414.9207763353395
-85.5,133.5,414.9303769140581
-85.5,134.5,414.939027407586
-85.5,135.5,414.9292264926443
-85.5,136.5,414.937830519811
-85.5,137.5,414.93731135637466
-85.5,138.5,414.9276027066028
-85.5,139.5,414.9361603695833
-85.5,140.5,414.9357053581229
-85.5,141.5,414.92611566495424
-85.5,142.5,414.93463564895296
-85.5,143.5,414.9342020168897
-85.5,144.5,414.9521935170781
-85.5,145.5,414.9516087442945
-85.5,146.5,414.959868791566
-85.5,147.5,414.9593560625184
-85.5,148.5,414.9499629004222
-85.5,149.5,414.958307129789
-85.5,150.5,414.9578397990896
-85.5,151.5,414.95739856877873
-85.5,152.5,414.956875026184
-85.5,153.5,414.9565008336682
-85.5,154.5,414.95603586190566
-85.5,155.5,415.0295571776828
-85.5,156.5,415.0377861128008
-85.5,157.5,415.0286942618045
-85.5,158.5,415.0370477095414
-85.5,159.5,415.0279071718664
-85.5,160.5,415.0275454238791
-85.5,161.5,415.036016481891
-85.5,162.5,415.0357078522928
-85.5,163.5,415.0265814115698
-85.5,164.5,415.03515414515766
-85.5,165.5,415.0349602178761
-85.5,166.5,415.0346626894192
-85.5,167.5,415.0644746393352
-85.5,168.5,415.06430231605657
-85.5,169.5,415.06415986920496
-85.5,170.5,415.0725129089466
-85.5,171.5,415.0639558571248
-85.5,172.5,415.0723375883391
-85.5,173.5,415.072379642642
-85.5,174.5,415.0638501478412
-85.5,175.5,415.0062762458292
-85.5,176.5,415.00627374392
-85.5,177.5,415.00632532352415
-85.5,178.5,414.99746580809256
-85.5,179.5,414.9975451653245
-84.5,-179.5,415.1280008940944
-84.5,-178.5,415.1356410450809
-84.5,-177.5,415.1352142994672
-84.5,-176.5,415.343362907353
-84.5,-175.5,415.3371782099267
-84.5,-174.5,415.33691358348057
-84.5,-173.5,415.3366844198226
-84.5,-172.5,415.3425373289624
-84.5,-171.5,415.3423891795979
-84.5,-170.5,415.3423136298861
-84.5,-169.5,415.3361554512788
-84.5,-168.5,415.3361212163075
-84.5,-167.5,415.3409231645298
-84.5,-166.5,415.3468910704456
-84.5,-165.5,415.3466543853936
-84.5,-164.5,415.3401883039985
-84.5,-163.5,415.34632108197127
-84.5,-162.5,415.3462381769633
-84.5,-161.5,415.3461826073554
-84.5,-160.5,415.33965455981945
-84.5,-159.5,415.3460919475187
-84.5,-158.5,415.3971876075656
-84.5,-157.5,415.3915892765624
-84.5,-156.5,415.398141213601
-84.5,-155.5,415.3986240238573
-84.5,-154.5,415.3804606434826
-84.5,-153.5,415.3807323355461
-84.5,-152.5,415.3810136499694
-84.5,-151.5,415.39372927211326
-84.5,-150.5,415.3883564101397
-84.5,-149.5,415.3953333623092
-84.5,-148.5,415.3961242043631
-84.5,-147.5,415.39691261961497
-84.5,-146.5,415.3976233940911
-84.5,-145.5,415.3924973914353
-84.5,-144.5,415.3801029602392
-84.5,-143.5,415.3811694173677
-84.5,-142.5,415.3700493697589
-84.5,-141.5,415.36538625825193
-84.5,-140.5,415.3666881883452
-84.5,-139.5,415.3679970818799
-84.5,-138.5,415.3693104653597
-84.5,-137.5,415.37062604520463
-84.5,-136.5,415.3774215260484
-84.5,-135.5,415.3352191375188
-84.5,-134.5,415.3425834930084
-84.5,-133.5,415.3387272048796
-84.5,-132.5,415.3409788932812
-84.5,-131.5,415.34247496417214
-84.5,-130.5,415.3439715331109
-84.5,-129.5,415.3454736892239
-84.5,-128.5,415.2885748683884
-84.5,-127.5,415.2264004679532
-84.5,-126.5,415.286736307548
-84.5,-125.5,415.2886340323876
-84.5,-124.5,415.295847910746
-84.5,-123.5,415.29245744304495
-84.5,-122.5,415.2995879257461
-84.5,-121.5,415.3014826359631
-84.5,-120.5,415.2983303975204
-84.5,-119.5,415.2354364296809
-84.5,-118.5,415.2372130224971
-84.5,-117.5,415.2445770007807
-84.5,-116.5,415.2408073307864
-84.5,-115.5,415.24813601865367
-84.5,-114.5,415.2444461025959
-84.5,-113.5,415.2517025769968
-84.5,-112.5,415.2481331919383
-84.5,-111.5,415.24997819246175
-84.5,-110.5,415.1337763883005
-84.5,-109.5,415.1283816569868
-84.5,-108.5,415.1364969430487
-84.5,-107.5,415.1379852402855
-84.5,-106.5,415.1393261352886
-84.5,-105.5,415.1338323800022
-84.5,-104.5,415.1304153441951
-84.5,-103.5,415.138089850282
-84.5,-102.5,415.1315577599766
-84.5,-101.5,415.13940957829385
-84.5,-100.5,415.14008952510056
-84.5,-99.5,415.1333094076036
-84.5,-98.5,415.14147459933696
-84.5,-97.5,415.1345017641066
-84.5,-96.5,415.14277321899056
-84.5,-95.5,415.2101057637335
-84.5,-94.5,415.2027191019967
-84.5,-93.5,415.2101647600175
-84.5,-92.5,415.2100822436848
-84.5,-91.5,415.2101436270769
-84.5,-90.5,415.2024300430672
-84.5,-89.5,415.2023674283199
-84.5,-88.5,415.2023017143482
-84.5,-87.5,415.2102202557592
-84.5,-86.5,415.2792123637681
-84.5,-85.5,415.27921394930695
-84.5,-84.5,415.2792275227365
-84.5,-83.5,415.2714278852224
-84.5,-82.5,415.29112806836736
-84.5,-81.5,415.2912110607967
-84.5,-80.5,415.2835027399712
-84.5,-79.5,415.34033848910974
-84.5,-78.5,415.3403681409874
-84.5,-77.5,415.34034499910825
-84.5,-76.5,415.3328553418544
-84.5,-75.5,415.3403060173448
-84.5,-74.5,415.3328045016357
-84.5,-73.5,415.3402206532372
-84.5,-72.5,415.32689790955
-84.5,-71.5,415.327088093455
-84.5,-70.5,415.38800046114505
-84.5,-69.5,415.3880430281096
-84.5,-68.5,415.388176601121
-84.5,-67.5,415.3883198968561
-84.5,-66.5,415.3883418361421
-84.5,-65.5,415.3816300447014
-84.5,-64.5,415.3885627608336
-84.5,-63.5,415.3195206583831
-84.5,-62.5,415.3270777978237
-84.5,-61.5,415.3275382710334
-84.5,-60.5,415.3860362099588
-84.5,-59.5,415.39311652591147
-84.5,-58.5,415.38750847799633
-84.5,-57.5,415.3944371437274
-84.5,-56.5,415.305166791902
-84.5,-55.5,415.2995294221067
-84.5,-54.5,415.300296367002
-84.5,-53.5,415.3010633229511
-84.5,-52.5,415.3078463490903
-84.5,-51.5,415.3026056820433
-84.5,-50.5,415.3091514415757
-84.5,-49.5,415.3041616898611
-84.5,-48.5,415.3049475267898
-84.5,-47.5,415.2834656826341
-84.5,-46.5,415.2785605173259
-84.5,-45.5,415.2792646791446
-84.5,-44.5,415.285383684908
-84.5,-43.5,415.2861031678658
-84.5,-42.5,415.2867957038254
-84.5,-41.5,415.2874466543681
-84.5,-40.5,415.2827813259822
-84.5,-39.5,415.2834786015045
-84.5,-38.5,415.2199651799308
-84.5,-37.5,415.2263915227947
-84.5,-36.5,415.2270729572398
-84.5,-35.5,415.2277703438157
-84.5,-34.5,415.2283696460549
-84.5,-33.5,415.2289864406165
-84.5,-32.5,415.20832667602383
-84.5,-31.5,415.2021765607233
-84.5,-30.5,415.2093345794619
-84.5,-29.5,415.20990593639175
-84.5,-28.5,415.2104210788812
-84.5,-27.5,415.2108721103797
-84.5,-26.5,415.2041438676003
-84.5,-25.5,415.2045152922704
-84.5,-24.5,415.2048835377625
-84.5,-23.5,415.1664153895809
-84.5,-22.5,415.1588721025068
-84.5,-21.5,415.1669546730896
-84.5,-20.5,415.167190603898
-84.5,-19.5,415.1674049451352
-84.5,-18.5,415.1676004447009
-84.5,-17.5,415.1594055577476
-84.5,-16.5,415.1594909570225
-84.5,-15.5,415.15956246870735
-84.5,-14.5,415.1520529746923
-84.5,-13.5,415.1518884223652
-84.5,-12.5,415.1517213738176
-84.5,-11.5,415.1605785562948
-84.5,-10.5,415.12174927522847
-84.5,-9.5,415.1216366880322
-84.5,-8.5,415.11206405765336
-84.5,-7.5,415.1203737244219
-84.5,-6.5,415.1103458990616
-84.5,-5.5,415.1197165425455
-84.5,-4.5,415.1194041314084
-84.5,-3.5,415.1091315547889
-84.5,-2.5,415.10871713522704
-84.5,-1.5,415.1183964591597
-84.5,-0.5,415.07914608203
-84.5,0.5,415.0787178746029
-84.5,1.5,415.0812927633056
-84.5,2.5,415.09118504494114
-84.5,3.5,415.08025144296215
-84.5,4.5,415.0902069088579
-84.5,5.5,415.0896979108824
-84.5,6.5,415.0892422286261
-84.5,7.5,415.0886715626938
-84.5,8.5,415.0690777391562
-84.5,9.5,415.0580510202147
-84.5,10.5,415.0575850565447
-84.5,11.5,415.06580394920206
-84.5,12.5,415.065305263077
-84.5,13.5,415.06476473100577
-84.5,14.5,415.0642281230847
-84.5,15.5,415.0442550243029
-84.5,16.5,415.0438846036781
-84.5,17.5,415.04344966755184
-84.5,18.5,415.0430185527085
-84.5,19.5,415.0325024262542
-84.5,20.5,415.0422196991251
-84.5,21.5,415.04176478257097
-84.5,22.5,415.0413942593647
-84.5,23.5,415.0409309821106
-84.5,24.5,415.0074559011127
-84.5,25.5,415.0072725777683
-84.5,26.5,415.00702138047785
-84.5,27.5,414.9970054950731
-84.5,28.5,415.0065316375192
-84.5,29.5,414.9965749700601
-84.5,30.5,415.0060259886578
-84.5,31.5,415.0057367328414
-84.5,32.5,415.00553409677855
-84.5,33.5,414.97045409244936
-84.5,34.5,414.96054650171607
-84.5,35.5,414.97015011599166
-84.5,36.5,414.969983849864
-84.5,37.5,414.9698233382493
-84.5,38.5,414.9599113722204
-84.5,39.5,414.9268293920532
-84.5,40.5,414.926804314847
-84.5,41.5,414.9169537664656
-84.5,42.5,414.92682216034206
-84.5,43.5,414.9168412550095
-84.5,44.5,414.916781265662
-84.5,45.5,414.9267043312511
-84.5,46.5,414.91666087343725
-84.5,47.5,414.9266199146699
-84.5,48.5,414.8863384508784
-84.5,49.5,414.89645738768735
-84.5,50.5,414.8963723841056
-84.5,51.5,414.8962382307887
-84.5,52.5,414.8961097945979
-84.5,53.5,414.8856726882936
-84.5,54.5,414.88553295812494
-84.5,55.5,414.8957041303894
-84.5,56.5,414.8955839760582
-84.5,57.5,414.850847801776
-84.5,58.5,414.8506669800985
-84.5,59.5,414.8505037924497
-84.5,60.5,414.8503084829054
-84.5,61.5,414.8738499424763
-84.5,62.5,414.8735158949686
-84.5,63.5,414.873177022935
-84.5,64.5,414.8320969615054
-84.5,65.5,414.8316275116978
-84.5,66.5,414.8209134042963
-84.5,67.5,414.8205215086559
-84.5,68.5,414.82012236244105
-84.5,69.5,414.829904337975
-84.5,70.5,414.8294601063516
-84.5,71.5,414.8594298768704
-84.5,72.5,414.8588884426775
-84.5,73.5,414.81282380645087
-84.5,74.5,414.8221814929438
-84.5,75.5,414.8117228216361
-84.5,76.5,414.8111599000467
-84.5,77.5,414.8203407700355
-84.5,78.5,414.8100270164259
-84.5,79.5,414.8191142282796
-84.5,80.5,414.85244405787904
-84.5,81.5,414.8517473608391
-84.5,82.5,414.8509788632263
-84.5,83.5,414.82201968679726
-84.5,84.5,414.8212285545108
-84.5,85.5,414.8203518765857
-84.5,86.5,414.8195357986592
-84.5,87.5,414.8577419207433
-84.5,88.5,414.8475550451021
-84.5,89.5,414.8559248555614
-84.5,90.5,414.8550155868075
-84.5,91.5,414.8540823946348
-84.5,92.5,414.8532085040597
-84.5,93.5,414.8522696148149
-84.5,94.5,414.84214874381206
-84.5,95.5,414.8505236589473
-84.5,96.5,414.8689991723221
-84.5,97.5,414.8587357450604
-84.5,98.5,414.8576943889884
-84.5,99.5,414.8566592670636
-84.5,100.5,414.8556197694105
-84.5,101.5,414.8640266344015
-84.5,102.5,414.8535407712639
-84.5,103.5,414.86201609882966
-84.5,104.5,414.8514802971885
-84.5,105.5,414.8955494863709
-84.5,106.5,414.8944791625417
-84.5,107.5,414.89345138265605
-84.5,108.5,414.8828193220246
-84.5,109.5,414.89129851789534
-84.5,110.5,414.8806583293182
-84.5,111.5,414.9100248201692
-84.5,112.5,414.9089589008072
-84.5,113.5,414.90779361193967
-84.5,114.5,414.9067060341552
-84.5,115.5,414.90562251031776
-84.5,116.5,414.8947047150526
-84.5,117.5,414.8935912052276
-84.5,118.5,414.9024043086856
-84.5,119.5,414.9013270885677
-84.5,120.5,414.925148930946
-84.5,121.5,414.9241196400918
-84.5,122.5,414.9132004167756
-84.5,123.5,414.91225548467
-84.5,124.5,414.9212809587883
-84.5,125.5,414.9203463239477
-84.5,126.5,414.919454146447
-84.5,127.5,414.918509866821
-84.5,128.5,414.9176191315894
-84.5,129.5,414.9449274952646
-84.5,130.5,414.9441303848327
-84.5,131.5,414.9433217264125
-84.5,132.5,414.9424677871163
-84.5,133.5,414.9371876222421
-84.5,134.5,414.9268989461622
-84.5,135.5,414.9357234295522
-84.5,136.5,414.9674265910622
-84.5,137.5,414.9575899688504
-84.5,138.5,414.9660347096327
-84.5,139.5,414.96534309710376
-84.5,140.5,414.964717848993
-84.5,141.5,414.9640450834952
-84.5,142.5,414.9633933374748
-84.5,143.5,414.9498744247003
-84.5,144.5,414.9581854590999
-84.5,145.5,414.9891582324981
-84.5,146.5,414.9970857962199
-84.5,147.5,414.9963445664108
-84.5,148.5,414.9956845007082
-84.5,149.5,414.9950098148747
-84.5,150.5,414.9943047241443
-84.5,151.5,414.9850454627494
-84.5,152.5,414.98884275307233
-84.5,153.5,414.996936884404
-84.5,154.5,414.996324209496
-84.5,155.5,415.0331893258977
-84.5,156.5,415.041011727836
-84.5,157.5,415.03179806875625
-84.5,158.5,415.0397260627359
-84.5,159.5,415.05389883302365
-84.5,160.5,415.053268103107
-84.5,161.5,415.0526691385584
-84.5,162.5,415.0433231629083
-84.5,163.5,415.04273128433607
-84.5,164.5,415.0509947715754
-84.5,165.5,415.0504479377748
-84.5,166.5,415.04108859094754
-84.5,167.5,415.0494583657714
-84.5,168.5,415.1375452356294
-84.5,169.5,415.1286347675701
-84.5,170.5,415.1276428435143
-84.5,171.5,415.13474203314814
-84.5,172.5,415.1257785770256
-84.5,173.5,415.13296700980055
-84.5,174.5,415.1240560017413
-84.5,175.5,415.1313488992965
-84.5,176.5,415.122490224396
-84.5,177.5,415.13762440555377
-84.5,178.5,415.129009310636
-84.5,179.5,415.1365311465033
-83.5,-179.5,415.3752671377206
-83.5,-178.5,415.37516537358346
-83.5,-177.5,415.3811504620841
-83.5,-176.5,415.38608125471006
-83.5,-175.5,415.3863597592095
-83.5,-174.5,415.3866524706231
-83.5,-173.5,415.3869770807512
-83.5,-172.5,415.3873614622944
-83.5,-171.5,415.38769075340247
-83.5,-170.5,415.3819458884381
-83.5,-169.5,415.3884927755035
-83.5,-168.5,415.3954112081765
-83.5,-167.5,415.39611362273
-83.5,-166.5,415.3968258699537
-83.5,-165.5,415.4039131048129
-83.5,-164.5,415.39828370710376
-83.5,-163.5,415.3999037825568
-83.5,-162.5,415.3941676124631
-83.5,-161.5,415.39488704954135
-83.5,-160.5,415.39561788879706
-83.5,-159.5,415.3963581629184
-83.5,-158.5,415.3971014677636
-83.5,-157.5,415.397858143541
-83.5,-156.5,415.4054105781252
-83.5,-155.5,415.394983913328
-83.5,-154.5,415.3889797980037
-83.5,-153.5,415.3967505154742
-83.5,-152.5,415.3907542040872
-83.5,-151.5,415.3916578690621
-83.5,-150.5,415.3994542631092
-83.5,-149.5,415.4003250003891
-83.5,-148.5,415.4012169496787
-83.5,-147.5,415.3803711409929
-83.5,-146.5,415.3746447452965
-83.5,-145.5,415.3758908461549
-83.5,-144.5,415.3838773739921
-83.5,-143.5,415.3783966887087
-83.5,-142.5,415.3862125909567
-83.5,-141.5,415.38090722848585
-83.5,-140.5,415.3821671711526
-83.5,-139.5,415.3609041193607
-83.5,-138.5,415.3622600897404
-83.5,-137.5,415.36363379070895
-83.5,-136.5,415.3650014504879
-83.5,-135.5,415.36053259280834
-83.5,-134.5,415.3678665432228
-83.5,-133.5,415.3692100301743
-83.5,-132.5,415.3705925555335
-83.5,-131.5,415.3351958179952
-83.5,-130.5,415.3312740060964
-83.5,-129.5,415.3383538944196
-83.5,-128.5,415.3399287350678
-83.5,-127.5,415.3414742652007
-83.5,-126.5,415.3380538097191
-83.5,-125.5,415.3397535660048
-83.5,-124.5,415.3414568342632
-83.5,-123.5,415.2962978714221
-83.5,-122.5,415.2980282061587
-83.5,-121.5,415.29972179029744
-83.5,-120.5,415.296514224418
-83.5,-119.5,415.2983211053588
-83.5,-118.5,415.2393315262962
-83.5,-117.5,415.24619498731073
-83.5,-116.5,415.2431734650084
-83.5,-115.5,415.2451032565393
-83.5,-114.5,415.24702334924274
-83.5,-113.5,415.2489571939296
-83.5,-112.5,415.25089113223873
-83.5,-111.5,415.2528322194096
-83.5,-110.5,415.1820854201477
-83.5,-109.5,415.1835634617066
-83.5,-108.5,415.1850471510547
-83.5,-107.5,415.186471153115
-83.5,-106.5,415.1827656202982
-83.5,-105.5,415.1841860361562
-83.5,-104.5,415.15385304082895
-83.5,-103.5,415.1605868989421
-83.5,-102.5,415.15526649256674
-83.5,-101.5,415.1622365673134
-83.5,-100.5,415.1566911406129
-83.5,-99.5,415.1639840704208
-83.5,-98.5,415.158128504675
-83.5,-97.5,415.1588529000064
-83.5,-96.5,415.1858080960315
-83.5,-95.5,415.18593748889
-83.5,-94.5,415.19336664641474
-83.5,-93.5,415.19367090746925
-83.5,-92.5,415.1863318765476
-83.5,-91.5,415.255364659407
-83.5,-90.5,415.2552396253382
-83.5,-89.5,415.2626428461069
-83.5,-88.5,415.262705978788
-83.5,-87.5,415.2627234663559
-83.5,-86.5,415.25474195638793
-83.5,-85.5,415.2626784642272
-83.5,-84.5,415.2545287605992
-83.5,-83.5,415.3280224176045
-83.5,-82.5,415.3279132260824
-83.5,-81.5,415.3355378144104
-83.5,-80.5,415.32770118610654
-83.5,-79.5,415.33555659623096
-83.5,-78.5,415.3275217251804
-83.5,-77.5,415.3354767693714
-83.5,-76.5,415.3353883895779
-83.5,-75.5,415.3843719849016
-83.5,-74.5,415.3842739329787
-83.5,-73.5,415.38423120828986
-83.5,-72.5,415.3764514001476
-83.5,-71.5,415.3763714278476
-83.5,-70.5,415.3839236896371
-83.5,-69.5,415.3837892615703
-83.5,-68.5,415.38381219067145
-83.5,-67.5,415.43583290604016
-83.5,-66.5,415.4360676739192
-83.5,-65.5,415.4292791661686
-83.5,-64.5,415.43656683744126
-83.5,-63.5,415.42995324977954
-83.5,-62.5,415.4302975913615
-83.5,-61.5,415.4306507952037
-83.5,-60.5,415.4375963212671
-83.5,-59.5,415.4022250515111
-83.5,-58.5,415.4030738727848
-83.5,-57.5,415.39766240290766
-83.5,-56.5,415.4049289150474
-83.5,-55.5,415.3997700330504
-83.5,-54.5,415.40671448548005
-83.5,-53.5,415.4076449044133
-83.5,-52.5,415.4086157876823
-83.5,-51.5,415.373336995006
-83.5,-50.5,415.3740201330653
-83.5,-49.5,415.3747672516184
-83.5,-48.5,415.3755200945865
-83.5,-47.5,415.3762866181408
-83.5,-46.5,415.32843225776793
-83.5,-45.5,415.3292916423618
-83.5,-44.5,415.3251262710194
-83.5,-43.5,415.32603874623874
-83.5,-42.5,415.3318812572853
-83.5,-41.5,415.3327603854928
-83.5,-40.5,415.3287781986664
-83.5,-39.5,415.3296944830233
-83.5,-38.5,415.3027292477569
-83.5,-37.5,415.2986916017719
-83.5,-36.5,415.2996960127961
-83.5,-35.5,415.3058625992312
-83.5,-34.5,415.3069114034895
-83.5,-33.5,415.30797659006015
-83.5,-32.5,415.2424956416874
-83.5,-31.5,415.248883142605
-83.5,-30.5,415.2495956073911
-83.5,-29.5,415.2502101898514
-83.5,-28.5,415.2509130913444
-83.5,-27.5,415.251568445328
-83.5,-26.5,415.2455458097599
-83.5,-25.5,415.25283917461456
-83.5,-24.5,415.246026062844
-83.5,-23.5,415.239192070877
-83.5,-22.5,415.2466016793616
-83.5,-21.5,415.2394877753035
-83.5,-20.5,415.239627839966
-83.5,-19.5,415.2062096534597
-83.5,-18.5,415.2062363176655
-83.5,-17.5,415.2063034294981
-83.5,-16.5,415.1979867280208
-83.5,-15.5,415.1978395342964
-83.5,-14.5,415.197690042926
-83.5,-13.5,415.20612359153824
-83.5,-12.5,415.2060852781707
-83.5,-11.5,415.15425310841687
-83.5,-10.5,415.1630167097109
-83.5,-9.5,415.1627360323206
-83.5,-8.5,415.1530293090617
-83.5,-7.5,415.1526153499522
-83.5,-6.5,415.1617931021156
-83.5,-5.5,415.1615424332076
-83.5,-4.5,415.15134324781104
-83.5,-3.5,415.1236335829397
-83.5,-2.5,415.1129396970818
-83.5,-1.5,415.1123648928193
-83.5,-0.5,415.1221285710347
-83.5,0.5,415.121621157609
-83.5,1.5,415.1106233333504
-83.5,2.5,415.12056713490176
-83.5,3.5,415.120016123219
-83.5,4.5,415.09360405448257
-83.5,5.5,415.0928984911776
-83.5,6.5,415.0922733955782
-83.5,7.5,415.08096433781606
-83.5,8.5,415.0908934607938
-83.5,9.5,415.0902103220872
-83.5,10.5,415.0790658342266
-83.5,11.5,415.0888386752798
-83.5,12.5,415.05328616986753
-83.5,13.5,415.0528140371076
-83.5,14.5,415.052342170833
-83.5,15.5,415.061845881778
-83.5,16.5,415.0513947742238
-83.5,17.5,415.0509236796257
-83.5,18.5,415.0600873880893
-83.5,19.5,415.0499744656306
-83.5,20.5,415.02451171892847
-83.5,21.5,415.0241138835916
-83.5,22.5,415.0238508694438
-83.5,23.5,415.0143319092748
-83.5,24.5,415.0140833236894
-83.5,25.5,414.9969026471316
-83.5,26.5,414.98777355514926
-83.5,27.5,414.9964533676421
-83.5,28.5,414.9962556192674
-83.5,29.5,414.9960147320705
-83.5,30.5,414.9957855732309
-83.5,31.5,414.9955655104055
-83.5,32.5,414.99527832510256
-83.5,33.5,414.9525817556258
-83.5,34.5,414.9526108232192
-83.5,35.5,414.9525143771685
-83.5,36.5,414.9436862510908
-83.5,37.5,414.94360750119085
-83.5,38.5,414.95240044805774
-83.5,39.5,414.91481054499
-83.5,40.5,414.9148953016378
-83.5,41.5,414.9149202271901
-83.5,42.5,414.90578877606674
-83.5,43.5,414.9150773085629
-83.5,44.5,414.9057868997255
-83.5,45.5,414.9057847040125
-83.5,46.5,414.91518639778246
-83.5,47.5,414.8645855169783
-83.5,48.5,414.8647308436558
-83.5,49.5,414.86482587649
-83.5,50.5,414.86484252871344
-83.5,51.5,414.8649536377617
-83.5,52.5,414.8361557668241
-83.5,53.5,414.8361516480529
-83.5,54.5,414.8361002934026
-83.5,55.5,414.83603470595983
-83.5,56.5,414.8258940699957
-83.5,57.5,414.8258484705138
-83.5,58.5,414.8258082393799
-83.5,59.5,414.8257527099326
-83.5,60.5,414.8014916105658
-83.5,61.5,414.81140154720094
-83.5,62.5,414.8110268538639
-83.5,63.5,414.8107379267164
-83.5,64.5,414.80042831424765
-83.5,65.5,414.8100969195952
-83.5,66.5,414.8097597649421
-83.5,67.5,414.7995701600347
-83.5,68.5,414.7958649788437
-83.5,69.5,414.7952749776302
-83.5,70.5,414.7947100417428
-83.5,71.5,414.7845032240468
-83.5,72.5,414.7934592861221
-83.5,73.5,414.7928640628418
-83.5,74.5,414.7922316774788
-83.5,75.5,414.7915934125055
-83.5,76.5,414.7933851299501
-83.5,77.5,414.79258252993634
-83.5,78.5,414.7917141475581
-83.5,79.5,414.79084705027697
-83.5,80.5,414.78113651148914
-83.5,81.5,414.7890957716357
-83.5,82.5,414.788172059477
-83.5,83.5,414.7872857635853
-83.5,84.5,414.8105205971655
-83.5,85.5,414.80948019456895
-83.5,86.5,414.8000462899167
-83.5,87.5,414.8073785191648
-83.5,88.5,414.8062791991064
-83.5,89.5,414.80527525786215
-83.5,90.5,414.795938615636
-83.5,91.5,414.8031747333188
-83.5,92.5,414.8303303918394
-83.5,93.5,414.8210619163164
-83.5,94.5,414.8281356900974
-83.5,95.5,414.8187550357666
-83.5,96.5,414.8258818602309
-83.5,97.5,414.8562116143736
-83.5,98.5,414.84660338374766
-83.5,99.5,414.8538344818654
-83.5,100.5,414.8525821931739
-83.5,101.5,414.8513594058474
-83.5,102.5,414.85015956732246
-83.5,103.5,414.8490077206416
-83.5,104.5,414.8478282436472
-83.5,105.5,414.871156963571
-83.5,106.5,414.8787091602941
-83.5,107.5,414.8684151824946
-83.5,108.5,414.87615530128375
-83.5,109.5,414.8748917387192
-83.5,110.5,414.8736674382535
-83.5,111.5,414.9023676642525
-83.5,112.5,414.9011252458524
-83.5,113.5,414.890341738844
-83.5,114.5,414.8985890686029
-83.5,115.5,414.8876903239032
-83.5,116.5,414.89611397720273
-83.5,117.5,414.89483021416606
-83.5,118.5,414.8936210526086
-83.5,119.5,414.9192105242482
-83.5,120.5,414.9180849753554
-83.5,121.5,414.9169631659325
-83.5,122.5,414.9158298847861
-83.5,123.5,414.9147469221882
-83.5,124.5,414.93537426571606
-83.5,125.5,414.94429666177535
-83.5,126.5,414.94323567218976
-83.5,127.5,414.94213028525365
-83.5,128.5,414.941072739775
-83.5,129.5,414.940105933877
-83.5,130.5,414.9291502585937
-83.5,131.5,414.9380044361347
-83.5,132.5,414.9702877311474
-83.5,133.5,414.9598820806344
-83.5,134.5,414.959029280676
-83.5,135.5,414.9676405198445
-83.5,136.5,414.9667525141081
-83.5,137.5,414.9565550449809
-83.5,138.5,414.96503088186574
-83.5,139.5,414.9642305061792
-83.5,140.5,414.98275749208034
-83.5,141.5,414.9907245532653
-83.5,142.5,414.9898443521684
-83.5,143.5,414.9889963900207
-83.5,144.5,414.9793028675712
-83.5,145.5,414.9873211597874
-83.5,146.5,414.98643342651314
-83.5,147.5,414.9856267276498
-83.5,148.5,415.0390688689977
-83.5,149.5,415.0379887136376
-83.5,150.5,415.0285834801711
-83.5,151.5,415.02757448679466
-83.5,152.5,415.03508165428656
-83.5,153.5,415.0341544443337
-83.5,154.5,415.0332112926566
-83.5,155.5,415.03231312176376
-83.5,156.5,415.0808104655856
-83.5,157.5,415.07959180261264
-83.5,158.5,415.0701217165425
-83.5,159.5,415.07724763502654
-83.5,160.5,415.0676629266264
-83.5,161.5,415.0664840454584
-83.5,162.5,415.0653378934532
-83.5,163.5,415.072788695278
-83.5,164.5,415.24485188940406
-83.5,165.5,415.2498833733577
-83.5,166.5,415.2483508739752
-83.5,167.5,415.240044829805
-83.5,168.5,415.24543788543633
-83.5,169.5,415.3006486613561
-83.5,170.5,415.2929580580615
-83.5,171.5,415.2979770927381
-83.5,172.5,415.2967480960442
-83.5,173.5,415.29545761921327
-83.5,174.5,415.2877478055492
-83.5,175.5,415.28655138058417
-83.5,176.5,415.2853920295826
-83.5,177.5,415.3815870659024
-83.5,178.5,415.3814607695444
-83.5,179.5,415.3753881698841
-82.5,-179.5,415.3844067412908
-82.5,-178.5,415.3847411633175
-82.5,-177.5,415.3910509381342
-82.5,-176.5,415.3854680158349
-82.5,-175.5,415.3900099310483
-82.5,-174.5,415.387168029415
-82.5,-173.5,415.3940594366403
-82.5,-172.5,415.3884538223659
-82.5,-171.5,415.396528086502
-82.5,-170.5,415.3973482493363
-82.5,-169.5,415.3983006006796
-82.5,-168.5,415.3927747410678
-82.5,-167.5,415.40004087659474
-82.5,-166.5,415.3944980090237
-82.5,-165.5,415.4018547414525
-82.5,-164.5,415.3999260560391
-82.5,-163.5,415.40081583548425
-82.5,-162.5,415.4017937454865
-82.5,-161.5,415.4026848844555
-82.5,-160.5,415.39691963752256
-82.5,-159.5,415.39782824201353
-82.5,-158.5,415.3987470033184
-82.5,-157.5,415.3975667698313
-82.5,-156.5,415.3934586172674
-82.5,-155.5,415.39449444640536
-82.5,-154.5,415.4024782171709
-82.5,-153.5,415.4035798392025
-82.5,-152.5,415.3819946284539
-82.5,-151.5,415.38327682390775
-82.5,-150.5,415.3845147478478
-82.5,-149.5,415.3858283879597
-82.5,-148.5,415.38008301061785
-82.5,-147.5,415.3915660367153
-82.5,-146.5,415.36214696891005
-82.5,-145.5,415.3705015617904
-82.5,-144.5,415.364732211832
-82.5,-143.5,415.37293872076833
-82.5,-142.5,415.37419456303206
-82.5,-141.5,415.3755005542397
-82.5,-140.5,415.3622887026575
-82.5,-139.5,415.3502961070174
-82.5,-138.5,415.3518000244391
-82.5,-137.5,415.3533138715848
-82.5,-136.5,415.3613458639052
-82.5,-135.5,415.3627640734649
-82.5,-134.5,415.3530865898665
-82.5,-133.5,415.34841340302097
-82.5,-132.5,415.3560578882768
-82.5,-131.5,415.35754956132416
-82.5,-130.5,415.33981387064136
-82.5,-129.5,415.32329300261273
-82.5,-128.5,415.3193296410564
-82.5,-127.5,415.3210979763675
-82.5,-126.5,415.3228730629411
-82.5,-125.5,415.3246532823536
-82.5,-124.5,415.32642806423286
-82.5,-123.5,415.3282084536549
-82.5,-122.5,415.29017875196257
-82.5,-121.5,415.2919294292497
-82.5,-120.5,415.2887009789148
-82.5,-119.5,415.2954940018013
-82.5,-118.5,415.29256003592855
-82.5,-117.5,415.29906791680855
-82.5,-116.5,415.30082004651024
-82.5,-115.5,415.2442244420919
-82.5,-114.5,415.2461082391982
-82.5,-113.5,415.2479786518214
-82.5,-112.5,415.23762764318985
-82.5,-111.5,415.18166914388985
-82.5,-110.5,415.18315095310487
-82.5,-109.5,415.1847474065198
-82.5,-108.5,415.1817832234226
-82.5,-107.5,415.1833532254076
-82.5,-106.5,415.1849348557317
-82.5,-105.5,415.186501559083
-82.5,-104.5,415.1922144478553
-82.5,-103.5,415.14263221965024
-82.5,-102.5,415.15758455150296
-82.5,-101.5,415.16350736899136
-82.5,-100.5,415.1644957637551
-82.5,-99.5,415.1694004106795
-82.5,-98.5,415.1698520759818
-82.5,-97.5,415.1641172991656
-82.5,-96.5,415.17066835507984
-82.5,-95.5,415.1709681744787
-82.5,-94.5,415.1713245364855
-82.5,-93.5,415.1645800506861
-82.5,-92.5,415.2300559040745
-82.5,-91.5,415.22978597971127
-82.5,-90.5,415.22952059031206
-82.5,-89.5,415.2368696042
-82.5,-88.5,415.2368263860915
-82.5,-87.5,415.2367891729981
-82.5,-86.5,415.2284702120703
-82.5,-85.5,415.29174486973614
-82.5,-84.5,415.3185819766259
-82.5,-83.5,415.3184296572259
-82.5,-82.5,415.3182289780205
-82.5,-81.5,415.318127133146
-82.5,-80.5,415.3922699982403
-82.5,-79.5,415.391993508374
-82.5,-78.5,415.3837427836516
-82.5,-77.5,415.3833914431192
-82.5,-76.5,415.38305336323305
-82.5,-75.5,415.3893683503112
-82.5,-74.5,415.44229283783017
-82.5,-73.5,415.44236429093695
-82.5,-72.5,415.4345511799786
-82.5,-71.5,415.43463273729617
-82.5,-70.5,415.44259737870937
-82.5,-69.5,415.4427431484071
-82.5,-68.5,415.4354609750845
-82.5,-67.5,415.4594365329454
-82.5,-66.5,415.4672470674993
-82.5,-65.5,415.4673611217889
-82.5,-64.5,415.4601694903413
-82.5,-63.5,415.4677020344196
-82.5,-62.5,415.45701416630624
-82.5,-61.5,415.45751173698943
-82.5,-60.5,415.4579572017619
-82.5,-59.5,415.4584809298997
-82.5,-58.5,415.4759654583311
-82.5,-57.5,415.4186686179857
-82.5,-56.5,415.4258392050045
-82.5,-55.5,415.42660135883466
-82.5,-54.5,415.4273376420351
-82.5,-53.5,415.4224306471172
-82.5,-52.5,415.423400482912
-82.5,-51.5,415.4243833803481
-82.5,-50.5,415.4366880035957
-82.5,-49.5,415.4376048957004
-82.5,-48.5,415.4434755383394
-82.5,-47.5,415.4394933681511
-82.5,-46.5,415.4452491315044
-82.5,-45.5,415.4414382885139
-82.5,-44.5,415.4424357861468
-82.5,-43.5,415.3895584726416
-82.5,-42.5,415.39069615275446
-82.5,-41.5,415.3874184343466
-82.5,-40.5,415.4369204001806
-82.5,-39.5,415.3471728298226
-82.5,-38.5,415.3441163069114
-82.5,-37.5,415.349868311645
-82.5,-36.5,415.3511660333818
-82.5,-35.5,415.348128647373
-82.5,-34.5,415.3494761508599
-82.5,-33.5,415.3508274051676
-82.5,-32.5,415.3566789029765
-82.5,-31.5,415.3360739819818
-82.5,-30.5,415.2886220219859
-82.5,-29.5,415.2842213504576
-82.5,-28.5,415.290318541686
-82.5,-27.5,415.2867612405788
-82.5,-26.5,415.2815511194127
-82.5,-25.5,415.28770013076667
-82.5,-24.5,415.2882486910833
-82.5,-23.5,415.2886914521766
-82.5,-22.5,415.28269001556185
-82.5,-21.5,415.2897681762733
-82.5,-20.5,415.24177150892496
-82.5,-19.5,415.2490212193739
-82.5,-18.5,415.2491553679144
-82.5,-17.5,415.2416216984988
-82.5,-16.5,415.2415673979224
-82.5,-15.5,415.2494354305392
-82.5,-14.5,415.2414521887648
-82.5,-13.5,415.2275086446165
-82.5,-12.5,415.1959914325199
-82.5,-11.5,415.20420610120834
-82.5,-10.5,415.2040270775921
-82.5,-9.5,415.2037656842726
-82.5,-8.5,415.1871368946021
-82.5,-7.5,415.1957654021153
-82.5,-6.5,415.1861702223056
-82.5,-5.5,415.1856840807041
-82.5,-4.5,415.19459483641305
-82.5,-3.5,415.16141768028746
-82.5,-2.5,415.1435898140207
-82.5,-1.5,415.1529922847973
-82.5,-0.5,415.1425249179832
-82.5,0.5,415.141984467234
-82.5,1.5,415.1414429477345
-82.5,2.5,415.1510388641888
-82.5,3.5,415.1122192979316
-82.5,4.5,415.1129589549201
-82.5,5.5,415.1122105858741
-82.5,6.5,415.10139771746594
-82.5,7.5,415.1007465564121
-82.5,8.5,415.1100147420024
-82.5,9.5,415.090484050936
-82.5,10.5,415.0896839953128
-82.5,11.5,415.08888424341694
-82.5,12.5,415.0881235437346
-82.5,13.5,415.0805985467448
-82.5,14.5,415.0553235428099
-82.5,15.5,415.0457959569901
-82.5,16.5,415.0542860218381
-82.5,17.5,415.05382240299184
-82.5,18.5,415.0446507241896
-82.5,19.5,415.0527472577068
-82.5,20.5,415.0438554227427
-82.5,21.5,415.01169674375257
-82.5,22.5,415.0114368676669
-82.5,23.5,415.0111458627807
-82.5,24.5,415.0108463536832
-82.5,25.5,415.00270831489786
-82.5,26.5,415.0024890239249
-82.5,27.5,415.0022607499492
-82.5,28.5,414.9780264267569
-82.5,29.5,414.9854438103711
-82.5,30.5,414.98530198053527
-82.5,31.5,414.962893056459
-82.5,32.5,414.93866426229386
-82.5,33.5,414.9385940094649
-82.5,34.5,414.9386333006863
-82.5,35.5,414.9385509717231
-82.5,36.5,414.9385538173095
-82.5,37.5,414.9385010323991
-82.5,38.5,414.9305363424251
-82.5,39.5,414.938385965205
-82.5,40.5,414.87589315311055
-82.5,41.5,414.8936701045234
-82.5,42.5,414.89367474796495
-82.5,43.5,414.9022076092072
-82.5,44.5,414.8537668892913
-82.5,45.5,414.8538272229365
-82.5,46.5,414.8539551574989
-82.5,47.5,414.85407597617393
-82.5,48.5,414.8541880097559
-82.5,49.5,414.8543196885713
-82.5,50.5,414.8543894132032
-82.5,51.5,414.8197584246251
-82.5,52.5,414.829221288246
-82.5,53.5,414.8292786396145
-82.5,54.5,414.8293828622302
-82.5,55.5,414.8293827130209
-82.5,56.5,414.8198901542141
-82.5,57.5,414.8295291252844
-82.5,58.5,414.794521805558
-82.5,59.5,414.7928564077041
-82.5,60.5,414.8023646450024
-82.5,61.5,414.8021948781088
-82.5,62.5,414.8020258236215
-82.5,63.5,414.7577659954625
-82.5,64.5,414.7671288270855
-82.5,65.5,414.7573697932873
-82.5,66.5,414.766565376552
-82.5,67.5,414.7663450292108
-82.5,68.5,414.7742462654159
-82.5,69.5,414.7366408600731
-82.5,70.5,414.73597492249337
-82.5,71.5,414.7354037902154
-82.5,72.5,414.7256660902627
-82.5,73.5,414.7341008832602
-82.5,74.5,414.73350241210574
-82.5,75.5,414.764603847509
-82.5,76.5,414.7396551772936
-82.5,77.5,414.7385898956031
-82.5,78.5,414.7290747209631
-82.5,79.5,414.7366525269194
-82.5,80.5,414.7271886458996
-82.5,81.5,414.77906899439625
-82.5,82.5,414.77790322476335
-82.5,83.5,414.776774034056
-82.5,84.5,414.7676769619538
-82.5,85.5,414.76093552347896
-82.5,86.5,414.79755208627256
-82.5,87.5,414.8039130228798
-82.5,88.5,414.8026375129515
-82.5,89.5,414.80135639574746
-82.5,90.5,414.80009932012126
-82.5,91.5,414.7988190293672
-82.5,92.5,414.79755902119575
-82.5,93.5,414.8229419344306
-82.5,94.5,414.8142328249909
-82.5,95.5,414.8203221565872
-82.5,96.5,414.8115907788194
-82.5,97.5,414.8177109668282
-82.5,98.5,414.8089370012316
-82.5,99.5,414.8150926842885
-82.5,100.5,414.8510075980566
-82.5,101.5,414.8496063124776
-82.5,102.5,414.84049254145054
-82.5,103.5,414.8379641737819
-82.5,104.5,414.8858054092116
-82.5,105.5,414.8843515669756
-82.5,106.5,414.8829112126527
-82.5,107.5,414.8814484783177
-82.5,108.5,414.8800164615058
-82.5,109.5,414.8785769055825
-82.5,110.5,414.8771532666594
-82.5,111.5,414.8670671673675
-82.5,112.5,414.8954995219523
-82.5,113.5,414.90283584713137
-82.5,114.5,414.9014815396468
-82.5,115.5,414.9001172914143
-82.5,116.5,414.9211414123193
-82.5,117.5,414.9107117363049
-82.5,118.5,414.9093922463853
-82.5,119.5,414.9173927052762
-82.5,120.5,414.9161737974245
-82.5,121.5,414.9149244154429
-82.5,122.5,414.9137472413458
-82.5,123.5,414.9398153008296
-82.5,124.5,414.9289892784855
-82.5,125.5,414.9373528511487
-82.5,126.5,414.9361000617773
-82.5,127.5,414.9348983809839
-82.5,128.5,414.9336931605215
-82.5,129.5,414.92280945723166
-82.5,130.5,414.962651517446
-82.5,131.5,414.9670613329889
-82.5,132.5,414.9659321815973
-82.5,133.5,414.9648337005488
-82.5,134.5,414.9636730801234
-82.5,135.5,414.9988557680858
-82.5,136.5,414.99767097509226
-82.5,137.5,414.99653096081295
-82.5,138.5,414.995446043606
-82.5,139.5,414.9942919763855
-82.5,140.5,414.98453690536
-82.5,141.5,415.02412158782295
-82.5,142.5,415.0314498498951
-82.5,143.5,415.0217341697986
-82.5,144.5,415.0205723231419
-82.5,145.5,415.02797729992415
-82.5,146.5,415.0183072689341
-82.5,147.5,415.0182041925144
-82.5,148.5,415.0700895195451
-82.5,149.5,415.0685750454925
-82.5,150.5,415.0589490503317
-82.5,151.5,415.06585069776906
-82.5,152.5,415.0644429177137
-82.5,153.5,415.06779719877466
-82.5,154.5,415.05780930058575
-82.5,155.5,415.05626130768326
-82.5,156.5,415.06334263782014
-82.5,157.5,415.1131256120988
-82.5,158.5,415.2067977071056
-82.5,159.5,415.20467586745536
-82.5,160.5,415.20247458149663
-82.5,161.5,415.2004254163013
-82.5,162.5,415.1983518279994
-82.5,163.5,415.1887594385063
-82.5,164.5,415.1943260527729
-82.5,165.5,415.337672957898
-82.5,166.5,415.3306587320674
-82.5,167.5,415.3295915843958
-82.5,168.5,415.3345680942467
-82.5,169.5,415.3336023175261
-82.5,170.5,415.3327040937339
-82.5,171.5,415.3257090633194
-82.5,172.5,415.3505380726416
-82.5,173.5,415.3556985155492
-82.5,174.5,415.3492321442132
-82.5,175.5,415.3818678335486
-82.5,176.5,415.3889246155561
-82.5,177.5,415.3835036624854
-82.5,178.5,415.3895891296264
-82.5,179.5,415.38997729277264
-81.5,-179.5,415.3899796072277
-81.5,-178.5,415.3907419511864
-81.5,-177.5,415.3862642113105
-81.5,-176.5,415.39227623515256
-81.5,-175.5,415.3878223608777
-81.5,-174.5,415.3939828234257
-81.5,-173.5,415.3894274859242
-81.5,-172.5,415.3902455394381
-81.5,-171.5,415.389585638199
-81.5,-170.5,415.3959654261213
-81.5,-169.5,415.3912623825954
-81.5,-168.5,415.3976908171054
-81.5,-167.5,415.3929940021296
-81.5,-166.5,415.39387911849707
-81.5,-165.5,415.3987027909852
-81.5,-164.5,415.3995877525173
-81.5,-163.5,415.39905808980257
-81.5,-162.5,415.4000757216869
-81.5,-161.5,415.40103395490434
-81.5,-160.5,415.4022051730364
-81.5,-159.5,415.39755252618215
-81.5,-158.5,415.3986607634784
-81.5,-157.5,415.3997879266477
-81.5,-156.5,415.400932582254
-81.5,-155.5,415.3750068017184
-81.5,-154.5,415.3764558573666
-81.5,-153.5,415.3779567684394
-81.5,-152.5,415.3794937114236
-81.5,-151.5,415.3810140729521
-81.5,-150.5,415.3825256223702
-81.5,-149.5,415.3538506985769
-81.5,-148.5,415.3551139687305
-81.5,-147.5,415.3498254622819
-81.5,-146.5,415.3577078765189
-81.5,-145.5,415.3524185973935
-81.5,-144.5,415.3537239731638
-81.5,-143.5,415.368444069587
-81.5,-142.5,415.36989447809714
-81.5,-141.5,415.378054841256
-81.5,-140.5,415.379481458729
-81.5,-139.5,415.3809626357942
-81.5,-138.5,415.3824537726711
-81.5,-137.5,415.3458098788247
-81.5,-136.5,415.34766004297313
-81.5,-135.5,415.3495273782536
-81.5,-134.5,415.3578981053449
-81.5,-133.5,415.3532660607122
-81.5,-132.5,415.36141359448254
-81.5,-131.5,415.3229390032851
-81.5,-130.5,415.3246524201843
-81.5,-129.5,415.3264966978356
-81.5,-128.5,415.3224139516946
-81.5,-127.5,415.33006194589086
-81.5,-126.5,415.3263191110372
-81.5,-125.5,415.3086279835148
-81.5,-124.5,415.3159093476767
-81.5,-123.5,415.2816934273816
-81.5,-122.5,415.2781957623129
-81.5,-121.5,415.2686339700929
-81.5,-120.5,415.2654566072353
-81.5,-119.5,415.2724270568525
-81.5,-118.5,415.27425978696834
-81.5,-117.5,415.2761648612794
-81.5,-116.5,415.2736256050181
-81.5,-115.5,415.2070954247025
-81.5,-114.5,415.2040208060656
-81.5,-113.5,415.2058556900514
-81.5,-112.5,415.21223761215634
-81.5,-111.5,415.2138583147228
-81.5,-110.5,415.2155804792632
-81.5,-109.5,415.1643398026872
-81.5,-108.5,415.1659933475894
-81.5,-107.5,415.172318189065
-81.5,-106.5,415.17378730397473
-81.5,-105.5,415.1296295003906
-81.5,-104.5,415.1306814341954
-81.5,-103.5,415.1317899191459
-81.5,-102.5,415.1275513170363
-81.5,-101.5,415.1340029191649
-81.5,-100.5,415.1297462593453
-81.5,-99.5,415.13120503819147
-81.5,-98.5,415.13147291455147
-81.5,-97.5,415.1378281768588
-81.5,-96.5,415.13823180491175
-81.5,-95.5,415.1387073954162
-81.5,-94.5,415.1324417035788
-81.5,-93.5,415.1641975499887
-81.5,-92.5,415.163842910631
-81.5,-91.5,415.2053649494865
-81.5,-90.5,415.205231115378
-81.5,-89.5,415.26277981045337
-81.5,-88.5,415.2620242015127
-81.5,-87.5,415.2537085730201
-81.5,-86.5,415.2605528480263
-81.5,-85.5,415.25974845535177
-81.5,-84.5,415.2589580477371
-81.5,-83.5,415.3759493820959
-81.5,-82.5,415.37514614490834
-81.5,-81.5,415.3666970946981
-81.5,-80.5,415.3657000015419
-81.5,-79.5,415.3727473084126
-81.5,-78.5,415.3637257797664
-81.5,-77.5,415.4483285093437
-81.5,-76.5,415.4482694097488
-81.5,-75.5,415.4559868789756
-81.5,-74.5,415.4481971900551
-81.5,-73.5,415.4481816324311
-81.5,-72.5,415.4562121713773
-81.5,-71.5,415.45104366908487
-81.5,-70.5,415.451437450088
-81.5,-69.5,415.4518376988384
-81.5,-68.5,415.4522519718775
-81.5,-67.5,415.4605223588972
-81.5,-66.5,415.46091351378016
-81.5,-65.5,415.4795701487233
-81.5,-64.5,415.4875605484043
-81.5,-63.5,415.4805947302579
-81.5,-62.5,415.4811051384015
-81.5,-61.5,415.488661423649
-81.5,-60.5,415.4821566190885
-81.5,-59.5,415.4822885520829
-81.5,-58.5,415.4893051718474
-81.5,-57.5,415.4897481667989
-81.5,-56.5,415.4901490194155
-81.5,-55.5,415.4905776772934
-81.5,-54.5,415.49105679527503
-81.5,-53.5,415.47583620014274
-81.5,-52.5,415.4764363815922
-81.5,-51.5,415.4893248991581
-81.5,-50.5,415.484824805904
-81.5,-49.5,415.4905675149482
-81.5,-48.5,415.4914047098489
-81.5,-47.5,415.49233507995183
-81.5,-46.5,415.4887094652373
-81.5,-45.5,415.49415465536873
-81.5,-44.5,415.495076897394
-81.5,-43.5,415.4836374187444
-81.5,-42.5,415.4805679607202
-81.5,-41.5,415.4861399812448
-81.5,-40.5,415.4831386418789
-81.5,-39.5,415.4886077712741
-81.5,-38.5,415.4857455981223
-81.5,-37.5,415.3959744114424
-81.5,-36.5,415.3975570451232
-81.5,-35.5,415.403242040224
-81.5,-34.5,415.4007595659529
-81.5,-33.5,415.3825821487419
-81.5,-32.5,415.38379413508727
-81.5,-31.5,415.3850226729237
-81.5,-30.5,415.3820406147734
-81.5,-29.5,415.38753364602246
-81.5,-28.5,415.3844362922947
-81.5,-27.5,415.3369852415424
-81.5,-26.5,415.3376973785878
-81.5,-25.5,415.3383387804489
-81.5,-24.5,415.33368270436256
-81.5,-23.5,415.33975239035743
-81.5,-22.5,415.3404663011515
-81.5,-21.5,415.33375366767854
-81.5,-20.5,415.3406988319608
-81.5,-19.5,415.29461962954514
-81.5,-18.5,415.2881289778612
-81.5,-17.5,415.2531404396617
-81.5,-16.5,415.2607199082241
-81.5,-15.5,415.253520547208
-81.5,-14.5,415.2537017546975
-81.5,-13.5,415.2616582947907
-81.5,-12.5,415.26194095071486
-81.5,-11.5,415.22392406643695
-81.5,-10.5,415.2234867039649
-81.5,-9.5,415.2230419386979
-81.5,-8.5,415.2225945354978
-81.5,-7.5,415.2305575735408
-81.5,-6.5,415.2301224941323
-81.5,-5.5,415.1971973643946
-81.5,-4.5,415.18804317845934
-81.5,-3.5,415.1876002787484
-81.5,-2.5,415.1871540904507
-81.5,-1.5,415.1957811328709
-81.5,-0.5,415.186251210262
-81.5,0.5,415.1357845089175
-81.5,1.5,415.1259583207764
-81.5,2.5,415.1348053423381
-81.5,3.5,415.12497276099714
-81.5,4.5,415.13374860239287
-81.5,5.5,415.1332117175274
-81.5,6.5,415.1029165892908
-81.5,7.5,415.0932378363551
-81.5,8.5,415.0926346540771
-81.5,9.5,415.0920180847721
-81.5,10.5,415.0998987436882
-81.5,11.5,415.0991099264528
-81.5,12.5,415.0599055698213
-81.5,13.5,415.0513970239996
-81.5,14.5,415.0588429033984
-81.5,15.5,415.0506122968394
-81.5,16.5,415.057690738095
-81.5,17.5,415.04976421915103
-81.5,18.5,415.0417273573013
-81.5,19.5,415.0413163556103
-81.5,20.5,415.0015504315622
-81.5,21.5,415.001165251067
-81.5,22.5,414.98720863224565
-81.5,23.5,414.98690858327393
-81.5,24.5,414.9866224974798
-81.5,25.5,414.97983022882624
-81.5,26.5,414.98602893121193
-81.5,27.5,414.9856627479933
-81.5,28.5,414.9286514383699
-81.5,29.5,414.92842778017706
-81.5,30.5,414.8695158819577
-81.5,31.5,414.9214016509632
-81.5,32.5,414.927702692141
-81.5,33.5,414.920786608876
-81.5,34.5,414.8956077855276
-81.5,35.5,414.8954837209073
-81.5,36.5,414.8953510053045
-81.5,37.5,414.8952083887589
-81.5,38.5,414.8488491154994
-81.5,39.5,414.8414470395893
-81.5,40.5,414.84905991506434
-81.5,41.5,414.84923595452494
-81.5,42.5,414.8492800727252
-81.5,43.5,414.84937025645945
-81.5,44.5,414.8166069395489
-81.5,45.5,414.8248907884896
-81.5,46.5,414.8250442548173
-81.5,47.5,414.82512976229646
-81.5,48.5,414.8253021608172
-81.5,49.5,414.8167108605903
-81.5,50.5,414.7908902054392
-81.5,51.5,414.7908935335839
-81.5,52.5,414.8099749149303
-81.5,53.5,414.8011544640588
-81.5,54.5,414.77381759960224
-81.5,55.5,414.77374513301663
-81.5,56.5,414.7736933103215
-81.5,57.5,414.7735688388145
-81.5,58.5,414.76446530016926
-81.5,59.5,414.7734167969
-81.5,60.5,414.7445500661351
-81.5,61.5,414.7534558202115
-81.5,62.5,414.7531769279413
-81.5,63.5,414.74398608662096
-81.5,64.5,414.7437905848444
-81.5,65.5,414.7525022411062
-81.5,66.5,414.7277318454854
-81.5,67.5,414.7273727687024
-81.5,68.5,414.7181628507525
-81.5,69.5,414.7264514153299
-81.5,70.5,414.7260962206656
-81.5,71.5,414.7170644678879
-81.5,72.5,414.7049814941722
-81.5,73.5,414.69566524888046
-81.5,74.5,414.7032966488579
-81.5,75.5,414.6941389175288
-81.5,76.5,414.70160229590215
-81.5,77.5,414.7007316419861
-81.5,78.5,414.71543659103867
-81.5,79.5,414.7221455292928
-81.5,80.5,414.7208978837873
-81.5,81.5,414.71189546036027
-81.5,82.5,414.7107000189799
-81.5,83.5,414.7094972645633
-81.5,84.5,414.7478610258431
-81.5,85.5,414.7391552247624
-81.5,86.5,414.7450494695217
-81.5,87.5,414.7435546770464
-81.5,88.5,414.7421281430988
-81.5,89.5,414.7335462006879
-81.5,90.5,414.7860790282885
-81.5,91.5,414.7776039599033
-81.5,92.5,414.7716908112818
-81.5,93.5,414.7703000871436
-81.5,94.5,414.803599356921
-81.5,95.5,414.8021493710652
-81.5,96.5,414.8008027020594
-81.5,97.5,414.7924124631361
-81.5,98.5,414.7979339194035
-81.5,99.5,414.7965949804268
-81.5,100.5,414.8160045355041
-81.5,101.5,414.8146151031039
-81.5,102.5,414.8131762519443
-81.5,103.5,414.8117404299956
-81.5,104.5,414.8103559644181
-81.5,105.5,414.80893048341454
-81.5,106.5,414.8489532094246
-81.5,107.5,414.84738763826186
-81.5,108.5,414.8458203273176
-81.5,109.5,414.84423924563777
-81.5,110.5,414.8637729983651
-81.5,111.5,414.862239063275
-81.5,112.5,414.8607206220661
-81.5,113.5,414.85920869614495
-81.5,114.5,414.849531334619
-81.5,115.5,414.8561944751124
-81.5,116.5,414.8861086819889
-81.5,117.5,414.8930303676867
-81.5,118.5,414.89161853639473
-81.5,119.5,414.8901724578915
-81.5,120.5,414.8887154096997
-81.5,121.5,414.8872943437627
-81.5,122.5,414.9117910452832
-81.5,123.5,414.91037783725073
-81.5,124.5,414.919108476735
-81.5,125.5,414.9265564266988
-81.5,126.5,414.9370077725405
-81.5,127.5,414.93551900024704
-81.5,128.5,414.94296916008966
-81.5,129.5,414.9325692711855
-81.5,130.5,414.9401230523709
-81.5,131.5,414.9386716143559
-81.5,132.5,414.9880432845914
-81.5,133.5,414.9778394122972
-81.5,134.5,414.9851561855433
-81.5,135.5,414.9836934419358
-81.5,136.5,414.9823118904042
-81.5,137.5,414.97211692998303
-81.5,138.5,415.01915100305945
-81.5,139.5,415.0177213682601
-81.5,140.5,415.0247655131394
-81.5,141.5,415.02340546227873
-81.5,142.5,415.0135285822916
-81.5,143.5,415.0121603572076
-81.5,144.5,415.0645606377569
-81.5,145.5,415.0627048855127
-81.5,146.5,415.052725866186
-81.5,147.5,415.0592667554853
-81.5,148.5,415.0491477134582
-81.5,149.5,415.0557647486165
-81.5,150.5,415.1448660390124
-81.5,151.5,415.14979164397545
-81.5,152.5,415.1397660974675
-81.5,153.5,415.1372639925335
-81.5,154.5,415.1425542568793
-81.5,155.5,415.13238070325485
-81.5,156.5,415.294295140375
-81.5,157.5,415.2917449378006
-81.5,158.5,415.2892374422306
-81.5,159.5,415.2867671796688
-81.5,160.5,415.2904070002888
-81.5,161.5,415.2881057450617
-81.5,162.5,415.3237768117648
-81.5,163.5,415.3218805157868
-81.5,164.5,415.3852741335423
-81.5,165.5,415.38965597231135
-81.5,166.5,415.3841758780279
-81.5,167.5,415.3788460563798
-81.5,168.5,415.3836284739381
-81.5,169.5,415.3784152865804
-81.5,170.5,415.3831788838861
-81.5,171.5,415.37808771584025
-81.5,172.5,415.38198459278817
-81.5,173.5,415.3872323273674
-81.5,174.5,415.387692166413
-81.5,175.5,415.38820161011176
-81.5,176.5,415.3838603280456
-81.5,177.5,415.3843644852012
-81.5,178.5,415.3886669041948
-81.5,179.5,415.3893083693965
-80.5,-179.5,415.3820130575615
-80.5,-178.5,415.3868407049841
-80.5,-177.5,415.3865439188512
-80.5,-176.5,415.3832327667281
-80.5,-175.5,415.3883125065799
-80.5,-174.5,415.3892118741089
-80.5,-173.5,415.3858343804719
-80.5,-172.5,415.3910369479493
-80.5,-171.5,415.3866710160431
-80.5,-170.5,415.3919214908941
-80.5,-169.5,415.3884595910086
-80.5,-168.5,415.3870025285136
-80.5,-167.5,415.3879853050634
-80.5,-166.5,415.388967525692
-80.5,-165.5,415.38995174515935
-80.5,-164.5,415.3909491939621
-80.5,-163.5,415.3919456224348
-80.5,-162.5,415.3952484395029
-80.5,-161.5,415.3962419495565
-80.5,-160.5,415.39255565633
-80.5,-159.5,415.3935069424281
-80.5,-158.5,415.3992261266976
-80.5,-157.5,415.3966643721751
-80.5,-156.5,415.3978219268884
-80.5,-155.5,415.3990506110034
-80.5,-154.5,415.4002512377517
-80.5,-153.5,415.40149907300207
-80.5,-152.5,415.4020092796263
-80.5,-151.5,415.3980787870481
-80.5,-150.5,415.3994186777863
-80.5,-149.5,415.4008755940612
-80.5,-148.5,415.402317493227
-80.5,-147.5,415.39765415102704
-80.5,-146.5,415.39366147441626
-80.5,-145.5,415.40113293295536
-80.5,-144.5,415.3798978595629
-80.5,-143.5,415.3816460335331
-80.5,-142.5,415.3703932961853
-80.5,-141.5,415.3724597661302
-80.5,-140.5,415.36809177944906
-80.5,-139.5,415.3691218536311
-80.5,-138.5,415.36459229917
-80.5,-137.5,415.3733712759354
-80.5,-136.5,415.3413061650914
-80.5,-135.5,415.3506272590597
-80.5,-134.5,415.3216602187006
-80.5,-133.5,415.3240806659048
-80.5,-132.5,415.3331700188528
-80.5,-131.5,415.3354697857452
-80.5,-130.5,415.3377120860756
-80.5,-129.5,415.2810577649651
-80.5,-128.5,415.28332235538886
-80.5,-127.5,415.28557415381226
-80.5,-126.5,415.2937413051612
-80.5,-125.5,415.2900395803148
-80.5,-124.5,415.247188596848
-80.5,-123.5,415.2432805452041
-80.5,-122.5,415.2451523539959
-80.5,-121.5,415.2522840178086
-80.5,-120.5,415.25391731436736
-80.5,-119.5,415.2506841502548
-80.5,-118.5,415.2445381393189
-80.5,-117.5,415.2463744508423
-80.5,-116.5,415.2481360819985
-80.5,-115.5,415.1979393765058
-80.5,-114.5,415.1994242478417
-80.5,-113.5,415.2059865095156
-80.5,-112.5,415.2074298603454
-80.5,-111.5,415.2087916716693
-80.5,-110.5,415.2103156873108
-80.5,-109.5,415.1725831986206
-80.5,-108.5,415.1792475465416
-80.5,-107.5,415.17484197549857
-80.5,-106.5,415.1759869823266
-80.5,-105.5,415.1355396512324
-80.5,-104.5,415.14297594649634
-80.5,-103.5,415.144102804241
-80.5,-102.5,415.1452373249924
-80.5,-101.5,415.14014322605146
-80.5,-100.5,415.1413100372834
-80.5,-99.5,415.117517746318
-80.5,-98.5,415.1114241178202
-80.5,-97.5,415.1188575579876
-80.5,-96.5,415.14052237739503
-80.5,-95.5,415.13400681901777
-80.5,-94.5,415.1413667698553
-80.5,-93.5,415.1345175298164
-80.5,-92.5,415.134778881537
-80.5,-91.5,415.1350394035055
-80.5,-90.5,415.2137700325357
-80.5,-89.5,415.219276931882
-80.5,-88.5,415.2185049383991
-80.5,-87.5,415.21023616446286
-80.5,-86.5,415.21654223599006
-80.5,-85.5,415.3287247671145
-80.5,-84.5,415.3213374866349
-80.5,-83.5,415.3261096713999
-80.5,-82.5,415.3179843893794
-80.5,-81.5,415.32334172755
-80.5,-80.5,415.4173200540442
-80.5,-79.5,415.4164698682256
-80.5,-78.5,415.4330414014949
-80.5,-77.5,415.4260435806378
-80.5,-76.5,415.4319516900966
-80.5,-75.5,415.47308404014376
-80.5,-74.5,415.479696220113
-80.5,-73.5,415.4798895793014
-80.5,-72.5,415.4759165181423
-80.5,-71.5,415.4695451174866
-80.5,-70.5,415.4826552333009
-80.5,-69.5,415.4834388999328
-80.5,-68.5,415.4841934766327
-80.5,-67.5,415.4841516630759
-80.5,-66.5,415.4849125551675
-80.5,-65.5,415.4856021103719
-80.5,-64.5,415.4849406647524
-80.5,-63.5,415.48583364782337
-80.5,-62.5,415.4780698077263
-80.5,-61.5,415.4849348306132
-80.5,-60.5,415.4855987806927
-80.5,-59.5,415.4803505497101
-80.5,-58.5,415.4811030551276
-80.5,-57.5,415.4877899353524
-80.5,-56.5,415.4886854873564
-80.5,-55.5,415.4843383214767
-80.5,-54.5,415.49021146471847
-80.5,-53.5,415.48622319115896
-80.5,-52.5,415.4560254928774
-80.5,-51.5,415.4570404863271
-80.5,-50.5,415.4535444218324
-80.5,-49.5,415.4589281328891
-80.5,-48.5,415.4556091135191
-80.5,-47.5,415.4566156843607
-80.5,-46.5,415.4988122136904
-80.5,-45.5,415.4955391614873
-80.5,-44.5,415.4961775766758
-80.5,-43.5,415.4990370150447
-80.5,-42.5,415.49963327855096
-80.5,-41.5,415.5002237952045
-80.5,-40.5,415.5045956094408
-80.5,-39.5,415.5052070085151
-80.5,-38.5,415.50578537916135
-80.5,-37.5,415.50271358519024
-80.5,-36.5,415.50348165187495
-80.5,-35.5,415.5042445964179
-80.5,-34.5,415.5050142101762
-80.5,-33.5,415.46333832155966
-80.5,-32.5,415.4646587535781
-80.5,-31.5,415.4659223120343
-80.5,-30.5,415.4672439127979
-80.5,-29.5,415.4685874421752
-80.5,-28.5,415.4656898985377
-80.5,-27.5,415.3632399097342
-80.5,-26.5,415.36402553548
-80.5,-25.5,415.3648288463807
-80.5,-24.5,415.3851823416765
-80.5,-23.5,415.3864333433529
-80.5,-22.5,415.3876501834636
-80.5,-21.5,415.38888801576473
-80.5,-20.5,415.3246577931124
-80.5,-19.5,415.3852509081347
-80.5,-18.5,415.2991406763983
-80.5,-17.5,415.3000559611723
-80.5,-16.5,415.3009218523152
-80.5,-15.5,415.3018247119616
-80.5,-14.5,415.30270949634206
-80.5,-13.5,415.2368701795687
-80.5,-12.5,415.2369154100731
-80.5,-11.5,415.2369352409393
-80.5,-10.5,415.22958501165925
-80.5,-9.5,415.17485618639415
-80.5,-8.5,415.201647210472
-80.5,-7.5,415.2090809008199
-80.5,-6.5,415.1976649598398
-80.5,-5.5,415.20499653158254
-80.5,-4.5,415.1968554524449
-80.5,-3.5,415.1645785702516
-80.5,-2.5,415.1564730952401
-80.5,-1.5,415.1561953557618
-80.5,-0.5,415.1561874661694
-80.5,0.5,415.1478685496746
-80.5,1.5,415.1162128526217
-80.5,2.5,415.1158693943962
-80.5,3.5,415.1076349885165
-80.5,4.5,415.1006182302793
-80.5,5.5,415.100032190578
-80.5,6.5,415.09173344574367
-80.5,7.5,415.05399918960063
-80.5,8.5,415.06084576885866
-80.5,9.5,415.0596310972605
-80.5,10.5,415.05894705780906
-80.5,11.5,415.0582120631223
-80.5,12.5,415.0506609799134
-80.5,13.5,415.05004143121664
-80.5,14.5,415.0113341569306
-80.5,15.5,415.0107814868933
-80.5,16.5,415.0101803340208
-80.5,17.5,415.0095254723429
-80.5,18.5,415.002815712926
-80.5,19.5,414.95995444878
-80.5,20.5,414.959409848284
-80.5,21.5,414.9588884879573
-80.5,22.5,414.9582740647619
-80.5,23.5,414.9520368453089
-80.5,24.5,414.9570140826299
-80.5,25.5,414.9486470039898
-80.5,26.5,414.9481970971352
-80.5,27.5,414.94770867481
-80.5,28.5,414.8979872836718
-80.5,29.5,414.89181148069343
-80.5,30.5,414.8974276014693
-80.5,31.5,414.8970831863747
-80.5,32.5,414.8967632612746
-80.5,33.5,414.89637134870674
-80.5,34.5,414.8581194394116
-80.5,35.5,414.8515667007048
-80.5,36.5,414.8514717608512
-80.5,37.5,414.851370794886
-80.5,38.5,414.8370715179926
-80.5,39.5,414.8300945183741
-80.5,40.5,414.8301221295317
-80.5,41.5,414.8375515685856
-80.5,42.5,414.8376284721256
-80.5,43.5,414.8301619778459
-80.5,44.5,414.8144415298636
-80.5,45.5,414.814602680192
-80.5,46.5,414.8146722420268
-80.5,47.5,414.7950022053184
-80.5,48.5,414.7948686304607
-80.5,49.5,414.794654381131
-80.5,50.5,414.7865268762236
-80.5,51.5,414.7943142613548
-80.5,52.5,414.79419826767065
-80.5,53.5,414.7869926034609
-80.5,54.5,414.78674337216165
-80.5,55.5,414.7864252218457
-80.5,56.5,414.7861643197835
-80.5,57.5,414.7776301650374
-80.5,58.5,414.7700991907853
-80.5,59.5,414.76981626295947
-80.5,60.5,414.7612032655522
-80.5,61.5,414.76924935776816
-80.5,62.5,414.7689363230428
-80.5,63.5,414.7712893732682
-80.5,64.5,414.7791583549939
-80.5,65.5,414.7454990469396
-80.5,66.5,414.7369236807828
-80.5,67.5,414.7447912506013
-80.5,68.5,414.7446755627448
-80.5,69.5,414.7524143975809
-80.5,70.5,414.7520284250691
-80.5,71.5,414.7091558919991
-80.5,72.5,414.7166558239301
-80.5,73.5,414.7122504805386
-80.5,74.5,414.7195363062818
-80.5,75.5,414.7189450705906
-80.5,76.5,414.6904474976337
-80.5,77.5,414.68947157370064
-80.5,78.5,414.6962137945256
-80.5,79.5,414.7044290360681
-80.5,80.5,414.7033429970316
-80.5,81.5,414.7215677458565
-80.5,82.5,414.7127233319332
-80.5,83.5,414.7186281782975
-80.5,84.5,414.7171556337789
-80.5,85.5,414.7084542671418
-80.5,86.5,414.7497458765499
-80.5,87.5,414.7482741348781
-80.5,88.5,414.7467574339229
-80.5,89.5,414.74530755347945
-80.5,90.5,414.74384754156927
-80.5,91.5,414.76362587942674
-80.5,92.5,414.7690898328152
-80.5,93.5,414.7676951221607
-80.5,94.5,414.7663505814155
-80.5,95.5,414.7649599033807
-80.5,96.5,414.7566899261655
-80.5,97.5,414.7914609435624
-80.5,98.5,414.783161443063
-80.5,99.5,414.7885608351345
-80.5,100.5,414.8128190338535
-80.5,101.5,414.8112209443418
-80.5,102.5,414.8096709267661
-80.5,103.5,414.80811772872767
-80.5,104.5,414.8066141479698
-80.5,105.5,414.8050652143951
-80.5,106.5,414.8388351743775
-80.5,107.5,414.8372791781625
-80.5,108.5,414.8356615910093
-80.5,109.5,414.8340523571718
-80.5,110.5,414.8502191487687
-80.5,111.5,414.8557533149855
-80.5,112.5,414.8540683337317
-80.5,113.5,414.8524272007657
-80.5,114.5,414.850746154398
-80.5,115.5,414.849014589148
-80.5,116.5,414.8183719171753
-80.5,117.5,414.8768686049012
-80.5,118.5,414.87519575633337
-80.5,119.5,414.9054286703134
-80.5,120.5,414.8955714099639
-80.5,121.5,414.90228531135085
-80.5,122.5,414.9006672029892
-80.5,123.5,414.8905418344658
-80.5,124.5,414.89755160198223
-80.5,125.5,414.9166607584274
-80.5,126.5,414.9238013779561
-80.5,127.5,414.9222564074363
-80.5,128.5,414.9118895673468
-80.5,129.5,414.9103221302017
-80.5,130.5,414.96474066658334
-80.5,131.5,414.9631279721452
-80.5,132.5,414.9614541728535
-80.5,133.5,414.9598354034114
-80.5,134.5,414.9582788867798
-80.5,135.5,414.97939356003945
-80.5,136.5,414.9779226894655
-80.5,137.5,414.9984252212303
-80.5,138.5,414.9968788218599
-80.5,139.5,415.003859949725
-80.5,140.5,415.01131642116553
-80.5,141.5,415.0184026689707
-80.5,142.5,415.017193407277
-80.5,143.5,415.0402201048728
-80.5,144.5,415.0302673665758
-80.5,145.5,415.04547711229554
-80.5,146.5,415.0439368710622
-80.5,147.5,415.0340058325446
-80.5,148.5,415.1105293603136
-80.5,149.5,415.100019912545
-80.5,150.5,415.0973080775629
-80.5,151.5,415.10762820621466
-80.5,152.5,415.10480064957744
-80.5,153.5,415.26854667107057
-80.5,154.5,415.2651625231733
-80.5,155.5,415.25569105145394
-80.5,156.5,415.2584386131359
-80.5,157.5,415.2551091788703
-80.5,158.5,415.3884578436604
-80.5,159.5,415.3866553490307
-80.5,160.5,415.38495821134063
-80.5,161.5,415.3831434243775
-80.5,162.5,415.3814485641594
-80.5,163.5,415.3795428667609
-80.5,164.5,415.3840986734957
-80.5,165.5,415.3837165672544
-80.5,166.5,415.3834293510802
-80.5,167.5,415.3787473759446
-80.5,168.5,415.3827807898121
-80.5,169.5,415.38202714239793
-80.5,170.5,415.3782241536746
-80.5,171.5,415.38232842122846
-80.5,172.5,415.3816093780876
-80.5,173.5,415.38214146826607
-80.5,174.5,415.3827058033742
-80.5,175.5,415.3833550010801
-80.5,176.5,415.3839575774675
-80.5,177.5,415.3845790798463
-80.5,178.5,415.3844738989186
-80.5,179.5,415.3852654040016
-79.5,-179.5,415.3844562343973
-79.5,-178.5,415.3818453394771
-79.5,-177.5,415.38472239616607
-79.5,-176.5,415.3857432999924
-79.5,-175.5,415.3867478697972
-79.5,-174.5,415.38776666553633
-79.5,-173.5,415.3880062959542
-79.5,-172.5,415.3855468249137
-79.5,-171.5,415.39015277382975
-79.5,-170.5,415.3912658848863
-79.5,-169.5,415.3923321248344
-79.5,-168.5,415.391701236172
-79.5,-167.5,415.38924499800976
-79.5,-166.5,415.3904467444909
-79.5,-165.5,415.3916477934721
-79.5,-164.5,415.39285372202727
-79.5,-163.5,415.38421650637497
-79.5,-162.5,415.3813132900205
-79.5,-161.5,415.386255100384
-79.5,-160.5,415.3935162124485
-79.5,-159.5,415.39441350999766
-79.5,-158.5,415.3953031692872
-79.5,-157.5,415.3961739923257
-79.5,-156.5,415.392802197862
-79.5,-155.5,415.39784877574687
-79.5,-154.5,415.39938533181066
-79.5,-153.5,415.4008785725781
-79.5,-152.5,415.3979632894159
-79.5,-151.5,415.3994046628199
-79.5,-150.5,415.37323760802695
-79.5,-149.5,415.37516369473633
-79.5,-148.5,415.37225175387385
-79.5,-147.5,415.3789351296133
-79.5,-146.5,415.3808216223016
-79.5,-145.5,415.3574819218354
-79.5,-144.5,415.3593737264328
-79.5,-143.5,415.3612815454768
-79.5,-142.5,415.36311061806697
-79.5,-141.5,415.36013991190185
-79.5,-140.5,415.3624721938373
-79.5,-139.5,415.3647933946831
-79.5,-138.5,415.3600853187114
-79.5,-137.5,415.36939781103104
-79.5,-136.5,415.3039621506781
-79.5,-135.5,415.3069644790366
-79.5,-134.5,415.31733494286925
-79.5,-133.5,415.3129058032056
-79.5,-132.5,415.31586070478767
-79.5,-131.5,415.2418395146138
-79.5,-130.5,415.2516102876508
-79.5,-129.5,415.2469222173725
-79.5,-128.5,415.25628907351
-79.5,-127.5,415.25855495403385
-79.5,-126.5,415.2522701632018
-79.5,-125.5,415.248056362547
-79.5,-124.5,415.25027547177285
-79.5,-123.5,415.2220949815932
-79.5,-122.5,415.2237449405201
-79.5,-121.5,415.231226911408
-79.5,-120.5,415.22700466804287
-79.5,-119.5,415.2286394724642
-79.5,-118.5,415.1953874442475
-79.5,-117.5,415.1965354626875
-79.5,-116.5,415.2038735600835
-79.5,-115.5,415.19883790848206
-79.5,-114.5,415.2061869888777
-79.5,-113.5,415.193485100711
-79.5,-112.5,415.20115298160505
-79.5,-111.5,415.2023116233328
-79.5,-110.5,415.19661341977593
-79.5,-109.5,415.1843950007324
-79.5,-108.5,415.1851971358262
-79.5,-107.5,415.1783301130118
-79.5,-106.5,415.1790868200062
-79.5,-105.5,415.1588436620386
-79.5,-104.5,415.15988347972905
-79.5,-103.5,415.1607530340225
-79.5,-102.5,415.1616433546474
-79.5,-101.5,415.1755226412093
-79.5,-100.5,415.1764031372092
-79.5,-99.5,415.1690771355325
-79.5,-98.5,415.1779732274868
-79.5,-97.5,415.1787790908715
-79.5,-96.5,415.169280300143
-79.5,-95.5,415.1700034280212
-79.5,-94.5,415.1708265606858
-79.5,-93.5,415.1714224963948
-79.5,-92.5,415.1720666336303
-79.5,-91.5,415.1742224614919
-79.5,-90.5,415.1736255038344
-79.5,-89.5,415.1729050172687
-79.5,-88.5,415.26092961590905
-79.5,-87.5,415.26295208000727
-79.5,-86.5,415.2606338150293
-79.5,-85.5,415.2529651154895
-79.5,-84.5,415.2503384845484
-79.5,-83.5,415.444847011852
-79.5,-82.5,415.44254904632993
-79.5,-81.5,415.4422584844438
-79.5,-80.5,415.4409972777594
-79.5,-79.5,415.43871396377097
-79.5,-78.5,415.4518654374325
-79.5,-77.5,415.45308262776143
-79.5,-76.5,415.4532573553913
-79.5,-75.5,415.4523466551757
-79.5,-74.5,415.4525253917866
-79.5,-73.5,415.4707212706999
-79.5,-72.5,415.476245103469
-79.5,-71.5,415.4771245875969
-79.5,-70.5,415.4780067688367
-79.5,-69.5,415.4862001175471
-79.5,-68.5,415.4824053251999
-79.5,-67.5,415.4882147322199
-79.5,-66.5,415.48916698566256
-79.5,-65.5,415.4901239375876
-79.5,-64.5,415.4935496402323
-79.5,-63.5,415.4944036556907
-79.5,-62.5,415.490513038549
-79.5,-61.5,415.49635562060206
-79.5,-60.5,415.4924823602847
-79.5,-59.5,415.4923980086135
-79.5,-58.5,415.4934057054375
-79.5,-57.5,415.4944154523204
-79.5,-56.5,415.4997229563672
-79.5,-55.5,415.5006486492073
-79.5,-54.5,415.4997877203808
-79.5,-53.5,415.5012051991502
-79.5,-52.5,415.4986280754355
-79.5,-51.5,415.4522379333545
-79.5,-50.5,415.4534817784103
-79.5,-49.5,415.4508479978493
-79.5,-48.5,415.45593855002375
-79.5,-47.5,415.4571508739633
-79.5,-46.5,415.4646633677137
-79.5,-45.5,415.4646267539448
-79.5,-44.5,415.4645805349089
-79.5,-43.5,415.46452647451895
-79.5,-42.5,415.4608479773932
-79.5,-41.5,415.50488469052686
-79.5,-40.5,415.5084072102317
-79.5,-39.5,415.5084976019161
-79.5,-38.5,415.5084728651228
-79.5,-37.5,415.5039877602204
-79.5,-36.5,415.5047718663605
-79.5,-35.5,415.5055363962856
-79.5,-34.5,415.51015120383977
-79.5,-33.5,415.5012887780185
-79.5,-32.5,415.5065690860625
-79.5,-31.5,415.50359909889215
-79.5,-30.5,415.50901126888846
-79.5,-29.5,415.4220281918225
-79.5,-28.5,415.4280741888026
-79.5,-27.5,415.42484173051525
-79.5,-26.5,415.4309143735892
-79.5,-25.5,415.4323155454873
-79.5,-24.5,415.4101364538659
-79.5,-23.5,415.416245425647
-79.5,-22.5,415.4122408260313
-79.5,-21.5,415.4184918783966
-79.5,-20.5,415.4142649907043
-79.5,-19.5,415.3607219839592
-79.5,-18.5,415.3560964906085
-79.5,-17.5,415.3572267644131
-79.5,-16.5,415.3000049792605
-79.5,-15.5,415.3007431534346
-79.5,-14.5,415.3015137518896
-79.5,-13.5,415.3021359164949
-79.5,-12.5,415.3028265759928
-79.5,-11.5,415.2351208807359
-79.5,-10.5,415.2414126370553
-79.5,-9.5,415.2417243588276
-79.5,-8.5,415.23603502757993
-79.5,-7.5,415.2362961585464
-79.5,-6.5,415.1702285154912
-79.5,-5.5,415.176420565139
-79.5,-4.5,415.1763208042336
-79.5,-3.5,415.1697901762327
-79.5,-2.5,415.175992507848
-79.5,-1.5,415.13094509264425
-79.5,-0.5,415.1305922206929
-79.5,0.5,415.1367773010305
-79.5,1.5,415.12983532822
-79.5,2.5,415.0865249821946
-79.5,3.5,415.08603906567816
-79.5,4.5,415.0855467637952
-79.5,5.5,415.0849589263447
-79.5,6.5,415.078200130566
-79.5,7.5,415.02812609242505
-79.5,8.5,415.0334815400019
-79.5,9.5,415.0267612261133
-79.5,10.5,415.0260634117173
-79.5,11.5,415.0253445425653
-79.5,12.5,414.9813906394677
-79.5,13.5,414.9862485593219
-79.5,14.5,414.9853321653175
-79.5,15.5,414.9845102306272
-79.5,16.5,414.9781137418943
-79.5,17.5,414.9742492471413
-79.5,18.5,414.9735392182277
-79.5,19.5,414.96754826277606
-79.5,20.5,414.9278285410188
-79.5,21.5,414.9271674915985
-79.5,22.5,414.931656412805
-79.5,23.5,414.9258204514285
-79.5,24.5,414.93027525088434
-79.5,25.5,414.8943711441282
-79.5,26.5,414.8885308538918
-79.5,27.5,414.8933962728767
-79.5,28.5,414.8929076427108
-79.5,29.5,414.8923978440647
-79.5,30.5,414.8795035296091
-79.5,31.5,414.8792175037597
-79.5,32.5,414.87890516107177
-79.5,33.5,414.8786461480194
-79.5,34.5,414.8398147736985
-79.5,35.5,414.84612798939736
-79.5,36.5,414.8397368741483
-79.5,37.5,414.8396814290902
-79.5,38.5,414.8220604748061
-79.5,39.5,414.82891801989
-79.5,40.5,414.8222312435757
-79.5,41.5,414.822304289396
-79.5,42.5,414.8110543600979
-79.5,43.5,414.80405281024105
-79.5,44.5,414.8110298392365
-79.5,45.5,414.8109913667646
-79.5,46.5,414.8109766893912
-79.5,47.5,414.809879302898
-79.5,48.5,414.802364010042
-79.5,49.5,414.8020216246232
-79.5,50.5,414.8016646281867
-79.5,51.5,414.8013083776892
-79.5,52.5,414.8109262038535
-79.5,53.5,414.8030293034648
-79.5,54.5,414.8099659867022
-79.5,55.5,414.8286397954811
-79.5,56.5,414.83535324088
-79.5,57.5,414.8346154029129
-79.5,58.5,414.8339018184308
-79.5,59.5,414.8255289586195
-79.5,60.5,414.8158696738322
-79.5,61.5,414.8229841589699
-79.5,62.5,414.8224924811036
-79.5,63.5,414.8219357556
-79.5,64.5,414.8213826241
-79.5,65.5,414.7930288907774
-79.5,66.5,414.7925905005394
-79.5,67.5,414.7921715292644
-79.5,68.5,414.7839041339424
-79.5,69.5,414.7834813640089
-79.5,70.5,414.7683309220336
-79.5,71.5,414.7677995762661
-79.5,72.5,414.7671956024481
-79.5,73.5,414.7666812832757
-79.5,74.5,414.73497015746347
-79.5,75.5,414.7416037887428
-79.5,76.5,414.7407340632042
-79.5,77.5,414.7399524240799
-79.5,78.5,414.7317490784803
-79.5,79.5,414.7531342129725
-79.5,80.5,414.74480689273327
-79.5,81.5,414.69434766013535
-79.5,82.5,414.7426769413112
-79.5,83.5,414.7416330356578
-79.5,84.5,414.7683697174904
-79.5,85.5,414.7674053292391
-79.5,86.5,414.7664016488354
-79.5,87.5,414.7654026655622
-79.5,88.5,414.75745037887066
-79.5,89.5,414.7457025847793
-79.5,90.5,414.7444082489823
-79.5,91.5,414.74310872135936
-79.5,92.5,414.75524012041
-79.5,93.5,414.7608525200295
-79.5,94.5,414.75244589990353
-79.5,95.5,414.758074398531
-79.5,96.5,414.7496372368087
-79.5,97.5,414.7746997860356
-79.5,98.5,414.7801626153984
-79.5,99.5,414.7786481336485
-79.5,100.5,414.7770662835079
-79.5,101.5,414.7682424808873
-79.5,102.5,414.8110866125428
-79.5,103.5,414.8021573989083
-79.5,104.5,414.80762811833097
-79.5,105.5,414.7986451651922
-79.5,106.5,414.83271255425154
-79.5,107.5,414.8236863145445
-79.5,108.5,414.821897763416
-79.5,109.5,414.82756371386455
-79.5,110.5,414.84901089942616
-79.5,111.5,414.84719642108223
-79.5,112.5,414.84529323989744
-79.5,113.5,414.83583743874806
-79.5,114.5,414.8570289551678
-79.5,115.5,414.8550431994281
-79.5,116.5,414.8530610140616
-79.5,117.5,414.8590461093781
-79.5,118.5,414.8571015712976
-79.5,119.5,414.89226206174885
-79.5,120.5,414.8823205986203
-79.5,121.5,414.88875167089896
-79.5,122.5,414.88704907924506
-79.5,123.5,414.885329163324
-79.5,124.5,414.9157340684145
-79.5,125.5,414.9140899076073
-79.5,126.5,414.91251071598106
-79.5,127.5,414.92412924733424
-79.5,128.5,414.9225366644527
-79.5,129.5,414.9208585397553
-79.5,130.5,414.9192780134545
-79.5,131.5,414.9085696262991
-79.5,132.5,414.96419705477496
-79.5,133.5,414.96262062245256
-79.5,134.5,414.95217395297766
-79.5,135.5,414.9595498895323
-79.5,136.5,414.9580115610197
-79.5,137.5,414.9988846168804
-79.5,138.5,414.9977315246418
-79.5,139.5,414.98791780594536
-79.5,140.5,414.9953329710294
-79.5,141.5,414.9941566070368
-79.5,142.5,415.01402292800856
-79.5,143.5,415.0130834854014
-79.5,144.5,415.0120463808769
-79.5,145.5,415.0025519596642
-79.5,146.5,415.0365422007581
-79.5,147.5,415.0351780223939
-79.5,148.5,415.0338592466493
-79.5,149.5,415.03241004136
-79.5,150.5,415.0310003701062
-79.5,151.5,415.0729043351864
-79.5,152.5,415.06172521036416
-79.5,153.5,415.0586530613671
-79.5,154.5,415.0641171187493
-79.5,155.5,415.06115004666015
-79.5,156.5,415.2993276584453
-79.5,157.5,415.29541612026577
-79.5,158.5,415.2915195644222
-79.5,159.5,415.2874439014174
-79.5,160.5,415.2771994431324
-79.5,161.5,415.3883173424439
-79.5,162.5,415.38153518099233
-79.5,163.5,415.3798318311236
-79.5,164.5,415.3779572037892
-79.5,165.5,415.3822317740412
-79.5,166.5,415.38181330044586
-79.5,167.5,415.3814093733456
-79.5,168.5,415.37699442146175
-79.5,169.5,415.3763495550962
-79.5,170.5,415.3802948392565
-79.5,171.5,415.38044594026667
-79.5,172.5,415.3806902441422
-79.5,173.5,415.3809011192053
-79.5,174.5,415.3807119794269
-79.5,175.5,415.3813405691001
-79.5,176.5,415.3820114912055
-79.5,177.5,415.37935178286017
-79.5,178.5,415.382672035728
-79.5,179.5,415.3835594495401
-78.5,-179.5,415.3861714950582
-78.5,-178.5,415.3837044998526
-78.5,-177.5,415.3873252591699
-78.5,-176.5,415.3917348081565
-78.5,-175.5,415.39286483702966
-78.5,-174.5,415.3902916226243
-78.5,-173.5,415.3881114594233
-78.5,-172.5,415.3925911856862
-78.5,-171.5,415.3903805031002
-78.5,-170.5,415.3948656266729
-78.5,-169.5,415.3933892481216
-78.5,-168.5,415.39465377082365
-78.5,-167.5,415.3925314475921
-78.5,-166.5,415.3937630090778
-78.5,-165.5,415.3980671936794
-78.5,-164.5,415.39910263589616
-78.5,-163.5,415.4037241991092
-78.5,-162.5,415.4011841798286
-78.5,-161.5,415.4008613263595
-78.5,-160.5,415.40226314044673
-78.5,-159.5,415.4035871233134
-78.5,-158.5,415.4008961091606
-78.5,-157.5,415.3856599400453
-78.5,-156.5,415.3834998115759
-78.5,-155.5,415.38545836829866
-78.5,-154.5,415.3873943565426
-78.5,-153.5,415.3893064189542
-78.5,-152.5,415.3460885836927
-78.5,-151.5,415.35287636982594
-78.5,-150.5,415.3506680832797
-78.5,-149.5,415.35757413682944
-78.5,-148.5,415.3022106252158
-78.5,-147.5,415.3125861907537
-78.5,-146.5,415.3197725716403
-78.5,-145.5,415.3161334949717
-78.5,-144.5,415.2866576832474
-78.5,-143.5,415.2891539759768
-78.5,-142.5,415.3321339716341
-78.5,-141.5,415.3274001610829
-78.5,-140.5,415.3363210777444
-78.5,-139.5,415.27815744867314
-78.5,-138.5,415.31109505065984
-78.5,-137.5,415.3140083231717
-78.5,-136.5,415.31685411162766
-78.5,-135.5,415.3117382145901
-78.5,-134.5,415.2457375842739
-78.5,-133.5,415.25697734418895
-78.5,-132.5,415.2513562786829
-78.5,-131.5,415.25412460015343
-78.5,-130.5,415.2568708364248
-78.5,-129.5,415.213114927724
-78.5,-128.5,415.2065516637956
-78.5,-127.5,415.21674118034025
-78.5,-126.5,415.218497663798
-78.5,-125.5,415.1943021095325
-78.5,-124.5,415.2036821459477
-78.5,-123.5,415.2049317472026
-78.5,-122.5,415.20607252293934
-78.5,-121.5,415.2111318027042
-78.5,-120.5,415.2124095274924
-78.5,-119.5,415.2136971034167
-78.5,-118.5,415.2149715360131
-78.5,-117.5,415.2007554988168
-78.5,-116.5,415.1927735610828
-78.5,-115.5,415.20214855200095
-78.5,-114.5,415.2028036989346
-78.5,-113.5,415.1940895669219
-78.5,-112.5,415.2426374163833
-78.5,-111.5,415.2428265702157
-78.5,-110.5,415.2429295923206
-78.5,-109.5,415.21580612597023
-78.5,-108.5,415.2267095849368
-78.5,-107.5,415.2272133007685
-78.5,-106.5,415.22753430677375
-78.5,-105.5,415.2342890221661
-78.5,-104.5,415.2453831838623
-78.5,-103.5,415.2461211828295
-78.5,-102.5,415.2131810097577
-78.5,-101.5,415.2026947500029
-78.5,-100.5,415.2149027931204
-78.5,-99.5,415.2156765931786
-78.5,-98.5,415.2055743794946
-78.5,-97.5,415.19508966562745
-78.5,-96.5,415.206674673457
-78.5,-95.5,415.20746352428966
-78.5,-94.5,415.2081302975948
-78.5,-93.5,415.2339134146139
-78.5,-92.5,415.2252386717347
-78.5,-91.5,415.2259668402924
-78.5,-90.5,415.23465506462463
-78.5,-89.5,415.1978665370064
-78.5,-88.5,415.2035673780553
-78.5,-87.5,415.20205997317856
-78.5,-86.5,415.2006796266485
-78.5,-85.5,415.4461738563886
-78.5,-84.5,415.4433071569539
-78.5,-83.5,415.4422729360965
-78.5,-82.5,415.4403363777853
-78.5,-81.5,415.4384166239242
-78.5,-80.5,415.4512797647893
-78.5,-79.5,415.4504702682926
-78.5,-78.5,415.4515049578258
-78.5,-77.5,415.4516029204203
-78.5,-76.5,415.4604198334666
-78.5,-75.5,415.47399090523845
-78.5,-74.5,415.4747759044761
-78.5,-73.5,415.4755555720019
-78.5,-72.5,415.47904771162905
-78.5,-71.5,415.4808753250184
-78.5,-70.5,415.4729258676602
-78.5,-69.5,415.4739991892269
-78.5,-68.5,415.4762008124866
-78.5,-67.5,415.4874832951112
-78.5,-66.5,415.4890047914731
-78.5,-65.5,415.4913820976789
-78.5,-64.5,415.4951506674324
-78.5,-63.5,415.4963185875839
-78.5,-62.5,415.4971306229052
-78.5,-61.5,415.4936863741377
-78.5,-60.5,415.49914912576673
-78.5,-59.5,415.4957940812934
-78.5,-58.5,415.4968620791527
-78.5,-57.5,415.50159718830486
-78.5,-56.5,415.5026493560216
-78.5,-55.5,415.4995692874182
-78.5,-54.5,415.5049485864896
-78.5,-53.5,415.50115708027295
-78.5,-52.5,415.5069983524685
-78.5,-51.5,415.5046669114448
-78.5,-50.5,415.5104170562945
-78.5,-49.5,415.4564533748024
-78.5,-48.5,415.4574698349161
-78.5,-47.5,415.45442958586017
-78.5,-46.5,415.4555080394308
-78.5,-45.5,415.50053553933344
-78.5,-44.5,415.5042947430032
-78.5,-43.5,415.5042810848979
-78.5,-42.5,415.50424075336025
-78.5,-41.5,415.50044213805455
-78.5,-40.5,415.5168557474005
-78.5,-39.5,415.5216242002967
-78.5,-38.5,415.5189998388333
-78.5,-37.5,415.4801528588369
-78.5,-36.5,415.4821056523923
-78.5,-35.5,415.4801308406053
-78.5,-34.5,415.4860536987634
-78.5,-33.5,415.3869997481164
-78.5,-32.5,415.3931736908455
-78.5,-31.5,415.3902919086027
-78.5,-30.5,415.44188008033024
-78.5,-29.5,415.4384247253244
-78.5,-28.5,415.4396589482454
-78.5,-27.5,415.4455804391988
-78.5,-26.5,415.4467435884538
-78.5,-25.5,415.3584691683714
-78.5,-24.5,415.3643542128993
-78.5,-23.5,415.3609060566374
-78.5,-22.5,415.3620881451366
-78.5,-21.5,415.324040474262
-78.5,-20.5,415.3203452624966
-78.5,-19.5,415.3211362561698
-78.5,-18.5,415.3261341229352
-78.5,-17.5,415.2899978110797
-78.5,-16.5,415.2860607514858
-78.5,-15.5,415.2865870519402
-78.5,-14.5,415.2915179715334
-78.5,-13.5,415.24945264243775
-78.5,-12.5,415.2453306140882
-78.5,-11.5,415.24560902268206
-78.5,-10.5,415.2458631468119
-78.5,-9.5,415.25045075681305
-78.5,-8.5,415.1917378990312
-78.5,-7.5,415.1917114703688
-78.5,-6.5,415.191659618566
-78.5,-5.5,415.1915858483514
-78.5,-4.5,415.1631441076945
-78.5,-3.5,415.15035795971374
-78.5,-2.5,415.1500469252356
-78.5,-1.5,415.14969628116097
-78.5,-0.5,415.11783325007065
-78.5,0.5,415.1172510170338
-78.5,1.5,415.1020475081312
-78.5,2.5,415.1015196569702
-78.5,3.5,415.1060719262795
-78.5,4.5,415.0725206463029
-78.5,5.5,415.0598516137399
-78.5,6.5,415.05412950358135
-78.5,7.5,415.0582338632109
-78.5,8.5,415.05257326386334
-78.5,9.5,415.006493861152
-78.5,10.5,415.00071446855605
-78.5,11.5,415.004516783143
-78.5,12.5,415.0035112520133
-78.5,13.5,415.00243077423727
-78.5,14.5,414.9534421392445
-78.5,15.5,414.9572167325904
-78.5,16.5,414.9514132743574
-78.5,17.5,414.9551397614495
-78.5,18.5,414.92005943273966
-78.5,19.5,414.91443753968383
-78.5,20.5,414.9184022598018
-78.5,21.5,414.9174688360084
-78.5,22.5,414.9091550158272
-78.5,23.5,414.9036013666697
-78.5,24.5,414.9028899700835
-78.5,25.5,414.9021686851548
-78.5,26.5,414.86755071290105
-78.5,27.5,414.8722941416875
-78.5,28.5,414.8666317365672
-78.5,29.5,414.8661569277304
-78.5,30.5,414.87108501813566
-78.5,31.5,414.8359491580546
-78.5,32.5,414.84155906037296
-78.5,33.5,414.8414848471423
-78.5,34.5,414.834113033736
-78.5,35.5,414.82829520193815
-78.5,36.5,414.8343562689987
-78.5,37.5,414.8283568683871
-78.5,38.5,414.8096610693343
-78.5,39.5,414.8034615352806
-78.5,40.5,414.8034935317002
-78.5,41.5,414.8171933423431
-78.5,42.5,414.81706591876286
-78.5,43.5,414.8169241229125
-78.5,44.5,414.8167593003937
-78.5,45.5,414.81013750028586
-78.5,46.5,414.8286991032436
-78.5,47.5,414.82828527954456
-78.5,48.5,414.827848536206
-78.5,49.5,414.82740097390825
-78.5,50.5,414.850074967984
-78.5,51.5,414.8557241278392
-78.5,52.5,414.84837299609353
-78.5,53.5,414.8475127739161
-78.5,54.5,414.86788213050215
-78.5,55.5,414.8601096317644
-78.5,56.5,414.8589920856841
-78.5,57.5,414.8647172273785
-78.5,58.5,414.870487613617
-78.5,59.5,414.8626690184086
-78.5,60.5,414.8617425196619
-78.5,61.5,414.8608323592359
-78.5,62.5,414.8599247478263
-78.5,63.5,414.8508110108896
-78.5,64.5,414.8502262663706
-78.5,65.5,414.8426993721711
-78.5,66.5,414.8490630554325
-78.5,67.5,414.89892100022746
-78.5,68.5,414.8229735895968
-78.5,69.5,414.8223491403479
-78.5,70.5,414.828634289557
-78.5,71.5,414.90755447225456
-78.5,72.5,414.9001941161318
-78.5,73.5,414.81952675399646
-78.5,74.5,414.8187741272113
-78.5,75.5,414.817987247504
-78.5,76.5,414.9080257885926
-78.5,77.5,414.8234240415801
-78.5,78.5,414.8158841450337
-78.5,79.5,414.8217770511398
-78.5,80.5,414.82098600340703
-78.5,81.5,414.80960817634616
-78.5,82.5,414.8022939403273
-78.5,83.5,414.8081240546338
-78.5,84.5,414.80083973721713
-78.5,85.5,414.8001258831828
-78.5,86.5,414.7853151410928
-78.5,87.5,414.7780681079072
-78.5,88.5,414.7773503710202
-78.5,89.5,414.7766273627661
-78.5,90.5,414.7618963696534
-78.5,91.5,414.7609595283973
-78.5,92.5,414.75324360424696
-78.5,93.5,414.7591805408995
-78.5,94.5,414.7538927936917
-78.5,95.5,414.7524783929719
-78.5,96.5,414.7511127942735
-78.5,97.5,414.7497164603505
-78.5,98.5,414.77157598728206
-78.5,99.5,414.7697773340792
-78.5,100.5,414.77547048693134
-78.5,101.5,414.7737014445747
-78.5,102.5,414.77199911780497
-78.5,103.5,414.8009356520889
-78.5,104.5,414.7916199566907
-78.5,105.5,414.7975488893045
-78.5,106.5,414.81929204097366
-78.5,107.5,414.81747208778296
-78.5,108.5,414.81567521807096
-78.5,109.5,414.8060244425071
-78.5,110.5,414.830909517593
-78.5,111.5,414.8290773447941
-78.5,112.5,414.8272232127146
-78.5,113.5,414.8549858838979
-78.5,114.5,414.85299836725176
-78.5,115.5,414.8428618092591
-78.5,116.5,414.8408206887661
-78.5,117.5,414.83878530154567
-78.5,118.5,414.8756216849689
-78.5,119.5,414.8737844861043
-78.5,120.5,414.8633336620602
-78.5,121.5,414.87004859313066
-78.5,122.5,414.8793665329228
-78.5,123.5,414.8777137950357
-78.5,124.5,414.87611061189097
-78.5,125.5,414.8654014490354
-78.5,126.5,414.9011118653294
-78.5,127.5,414.89948648781007
-78.5,128.5,414.8978055574448
-78.5,129.5,414.89610872758936
-78.5,130.5,414.9326989567665
-78.5,131.5,414.9401645407064
-78.5,132.5,414.9384803686468
-78.5,133.5,414.9275834488296
-78.5,134.5,414.925887451486
-78.5,135.5,414.9751769391453
-78.5,136.5,414.9739680773936
-78.5,137.5,414.96367259842185
-78.5,138.5,414.9713992306428
-78.5,139.5,414.9734874043074
-78.5,140.5,414.9947625402229
-78.5,141.5,414.99390648399407
-78.5,142.5,414.99307549552816
-78.5,143.5,414.9861194849899
-78.5,144.5,414.9767111863265
-78.5,145.5,415.0027975387347
-78.5,146.5,415.0020021440911
-78.5,147.5,414.9924848140882
-78.5,148.5,414.99435685398026
-78.5,149.5,415.0142501890158
-78.5,150.5,415.0213215084007
-78.5,151.5,415.0198479696823
-78.5,152.5,415.0096984818608
-78.5,153.5,415.1038993883245
-78.5,154.5,415.1004963568906
-78.5,155.5,415.0970817620369
-78.5,156.5,415.0936802569725
-78.5,157.5,415.0901884185071
-78.5,158.5,415.27802533264577
-78.5,159.5,415.2736469029833
-78.5,160.5,415.26327168246513
-78.5,161.5,415.2646126151922
-78.5,162.5,415.3837362150284
-78.5,163.5,415.3768417072258
-78.5,164.5,415.374705794736
-78.5,165.5,415.3771647919984
-78.5,166.5,415.3854105086485
-78.5,167.5,415.3848576616061
-78.5,168.5,415.38433739883993
-78.5,169.5,415.3837348678254
-78.5,170.5,415.3826079784994
-78.5,171.5,415.3827755998998
-78.5,172.5,415.3793015107164
-78.5,173.5,415.38306887114845
-78.5,174.5,415.3798149187793
-78.5,175.5,415.3800917549727
-78.5,176.5,415.38073840385647
-78.5,177.5,415.38137470033774
-78.5,178.5,415.3843159628457
-78.5,179.5,415.3852253533472
-77.5,-179.5,415.390991939488
-77.5,-178.5,415.39572322712047
-77.5,-177.5,415.3946368993799
-77.5,-176.5,415.39580085421744
-77.5,-175.5,415.4005364839356
-77.5,-174.5,415.398097611946
-77.5,-173.5,415.4018309995917
-77.5,-172.5,415.40301661908296
-77.5,-171.5,415.40417290756073
-77.5,-170.5,415.4046760794501
-77.5,-169.5,415.4021957305837
-77.5,-168.5,415.403231991301
-77.5,-167.5,415.4063497325336
-77.5,-166.5,415.4073938480952
-77.5,-165.5,415.4084965724723
-77.5,-164.5,415.4059575470664
-77.5,-163.5,415.4069652809076
-77.5,-162.5,415.4101395441372
-77.5,-161.5,415.4116947682556
-77.5,-160.5,415.4093335202583
-77.5,-159.5,415.407516927522
-77.5,-158.5,415.404869552254
-77.5,-157.5,415.4064126122421
-77.5,-156.5,415.3727343936338
-77.5,-155.5,415.3661778420226
-77.5,-154.5,415.3673419278482
-77.5,-153.5,415.3684888232274
-77.5,-152.5,415.3697032341404
-77.5,-151.5,415.412874181416
-77.5,-150.5,415.40876962240753
-77.5,-149.5,415.41518323696687
-77.5,-148.5,415.410792417937
-77.5,-147.5,415.3736280541418
-77.5,-146.5,415.3830044158006
-77.5,-145.5,415.38649107752985
-77.5,-144.5,415.383343518266
-77.5,-143.5,415.2666088528182
-77.5,-142.5,415.2715423473784
-77.5,-141.5,415.2763422206591
-77.5,-140.5,415.2812440649024
-77.5,-139.5,415.1958108076878
-77.5,-138.5,415.1995186023304
-77.5,-137.5,415.2031806527085
-77.5,-136.5,415.2068127484987
-77.5,-135.5,415.15287080935656
-77.5,-134.5,415.1425913232176
-77.5,-133.5,415.1583935620051
-77.5,-132.5,415.1610099249684
-77.5,-131.5,415.20264533632246
-77.5,-130.5,415.1263482019827
-77.5,-129.5,415.1277190890639
-77.5,-128.5,415.1443021740369
-77.5,-127.5,415.1828940769465
-77.5,-126.5,415.1841453351732
-77.5,-125.5,415.18542580454334
-77.5,-124.5,415.16926777066976
-77.5,-123.5,415.1695661555898
-77.5,-122.5,415.1563217537523
-77.5,-121.5,415.169934687657
-77.5,-120.5,415.1702892902113
-77.5,-119.5,415.1987940251474
-77.5,-118.5,415.1981555132495
-77.5,-117.5,415.1975290012026
-77.5,-116.5,415.2312929194214
-77.5,-115.5,415.2309946477988
-77.5,-114.5,415.2307272527124
-77.5,-113.5,415.2658336385979
-77.5,-112.5,415.2783160377182
-77.5,-111.5,415.2650136022182
-77.5,-110.5,415.27800007703786
-77.5,-109.5,415.2569951940292
-77.5,-108.5,415.257250035507
-77.5,-107.5,415.2575400445025
-77.5,-106.5,415.2721281278922
-77.5,-105.5,415.2862012994234
-77.5,-104.5,415.2727979275712
-77.5,-103.5,415.2876827474252
-77.5,-102.5,415.2884547396199
-77.5,-101.5,415.2628142576877
-77.5,-100.5,415.2636376307989
-77.5,-99.5,415.26450933971176
-77.5,-98.5,415.2674721018884
-77.5,-97.5,415.2540802070304
-77.5,-96.5,415.2549529837918
-77.5,-95.5,415.26014018898303
-77.5,-94.5,415.2472198510644
-77.5,-93.5,415.2479602867868
-77.5,-92.5,415.2613147857285
-77.5,-91.5,415.2615820223056
-77.5,-90.5,415.2557569428253
-77.5,-89.5,415.2548452637805
-77.5,-88.5,415.2431197428026
-77.5,-87.5,415.3551689419186
-77.5,-86.5,415.34229034536895
-77.5,-85.5,415.3489418486411
-77.5,-84.5,415.3918584943536
-77.5,-83.5,415.39545770238783
-77.5,-82.5,415.3935238480826
-77.5,-81.5,415.3988511700716
-77.5,-80.5,415.3929855797385
-77.5,-79.5,415.40492806387806
-77.5,-78.5,415.4046056000749
-77.5,-77.5,415.4042867947318
-77.5,-76.5,415.40509557040826
-77.5,-75.5,415.4676204992577
-77.5,-74.5,415.46876162365817
-77.5,-73.5,415.4681027376847
-77.5,-72.5,415.4683442320302
-77.5,-71.5,415.4811121802311
-77.5,-70.5,415.4827343393527
-77.5,-69.5,415.4827441581972
-77.5,-68.5,415.484382753723
-77.5,-67.5,415.4858292070752
-77.5,-66.5,415.4869423250426
-77.5,-65.5,415.488061408877
-77.5,-64.5,415.4891971997628
-77.5,-63.5,415.4963819456914
-77.5,-62.5,415.49771023728346
-77.5,-61.5,415.4937430102146
-77.5,-60.5,415.4950457066621
-77.5,-59.5,415.50197785308734
-77.5,-58.5,415.4980052612942
-77.5,-57.5,415.4993341213421
-77.5,-56.5,415.5055279723289
-77.5,-55.5,415.5016501138402
-77.5,-54.5,415.5074071395297
-77.5,-53.5,415.508719173284
-77.5,-52.5,415.5064888536744
-77.5,-51.5,415.51214228494064
-77.5,-50.5,415.51346686939627
-77.5,-49.5,415.5108173816283
-77.5,-48.5,415.51226621620606
-77.5,-47.5,415.5207171560559
-77.5,-46.5,415.5214943569463
-77.5,-45.5,415.5223288540716
-77.5,-44.5,415.52133673470274
-77.5,-43.5,415.51777426843273
-77.5,-42.5,415.5182135767669
-77.5,-41.5,415.52120525675787
-77.5,-40.5,415.522255667165
-77.5,-39.5,415.52735378526654
-77.5,-38.5,415.5283550243649
-77.5,-37.5,415.5033202092352
-77.5,-36.5,415.50569739115895
-77.5,-35.5,415.5123188148101
-77.5,-34.5,415.5104529873216
-77.5,-33.5,415.4616594984472
-77.5,-32.5,415.4644947062811
-77.5,-31.5,415.4673371311428
-77.5,-30.5,415.47020750255217
-77.5,-29.5,415.375754976472
-77.5,-28.5,415.3727111522378
-77.5,-27.5,415.379158853526
-77.5,-26.5,415.3209433749802
-77.5,-25.5,415.32220481720094
-77.5,-24.5,415.3234609445442
-77.5,-23.5,415.2985544484924
-77.5,-22.5,415.3029492264169
-77.5,-21.5,415.3034129216688
-77.5,-20.5,415.30390609577
-77.5,-19.5,415.3008833607318
-77.5,-18.5,415.273953715611
-77.5,-17.5,415.2777157098973
-77.5,-16.5,415.2748319483389
-77.5,-15.5,415.23123849609385
-77.5,-14.5,415.22880637642334
-77.5,-13.5,415.2295272288064
-77.5,-12.5,415.2525410503661
-77.5,-11.5,415.2057429508188
-77.5,-10.5,415.20576571371294
-77.5,-9.5,415.2079088571493
-77.5,-8.5,415.2057195689607
-77.5,-7.5,415.1784295568746
-77.5,-6.5,415.1765387859727
-77.5,-5.5,415.1773585627048
-77.5,-4.5,415.1766886122223
-77.5,-3.5,415.1319312797349
-77.5,-2.5,415.1307064494564
-77.5,-1.5,415.13245156207785
-77.5,-0.5,415.1294817598821
-77.5,0.5,415.0847585611079
-77.5,1.5,415.0869475290726
-77.5,2.5,415.0827104941845
-77.5,3.5,415.0818996126848
-77.5,4.5,415.0381694262772
-77.5,5.5,415.0370652142198
-77.5,6.5,415.03250658884855
-77.5,7.5,415.0313859299533
-77.5,8.5,414.9862396973562
-77.5,9.5,414.9815362096352
-77.5,10.5,414.9801601867909
-77.5,11.5,414.9822424046237
-77.5,12.5,414.9738242312497
-77.5,13.5,414.9405372073442
-77.5,14.5,414.9354007858423
-77.5,15.5,414.93784317638585
-77.5,16.5,414.93129307346777
-77.5,17.5,414.9302200484338
-77.5,18.5,414.9249120747983
-77.5,19.5,414.89526864864143
-77.5,20.5,414.8943945525508
-77.5,21.5,414.88914910258273
-77.5,22.5,414.8926519797376
-77.5,23.5,414.8872347832675
-77.5,24.5,414.8588454981123
-77.5,25.5,414.85361237364725
-77.5,26.5,414.8577513362748
-77.5,27.5,414.8505037080126
-77.5,28.5,414.8452476044515
-77.5,29.5,414.8499813469526
-77.5,30.5,414.8141127542557
-77.5,31.5,414.81938876455
-77.5,32.5,414.8142145275616
-77.5,33.5,414.814244761728
-77.5,34.5,414.8156346051619
-77.5,35.5,414.8103409862615
-77.5,36.5,414.8104453496037
-77.5,37.5,414.8161164517881
-77.5,38.5,414.7974671538462
-77.5,39.5,414.7919073554013
-77.5,40.5,414.797542917856
-77.5,41.5,414.79753042535935
-77.5,42.5,414.8160389881149
-77.5,43.5,414.8101527259044
-77.5,44.5,414.8098496423573
-77.5,45.5,414.84333576262935
-77.5,46.5,414.8427819171935
-77.5,47.5,414.8366190846809
-77.5,48.5,414.8708379109488
-77.5,49.5,414.8642679633545
-77.5,50.5,414.8689036101749
-77.5,51.5,414.8679701258557
-77.5,52.5,414.86705492098406
-77.5,53.5,414.8950691191533
-77.5,54.5,414.8936942329599
-77.5,55.5,414.892294210929
-77.5,56.5,414.9448777775509
-77.5,57.5,414.9431598554336
-77.5,58.5,414.94141845183816
-77.5,59.5,414.91947824000266
-77.5,60.5,414.9785068837944
-77.5,61.5,414.9772446738715
-77.5,62.5,414.9702396345834
-77.5,63.5,414.9746430011244
-77.5,64.5,414.97392757143547
-77.5,65.5,414.9731881103147
-77.5,66.5,414.9668094332805
-77.5,67.5,414.96610141264745
-77.5,68.5,414.9611633457389
-77.5,69.5,414.9661566220211
-77.5,70.5,414.9598535262451
-77.5,71.5,414.9592214791695
-77.5,72.5,414.96904701484806
-77.5,73.5,414.9629050463033
-77.5,74.5,414.96799425350736
-77.5,75.5,414.9619353747879
-77.5,76.5,414.9414457926023
-77.5,77.5,414.9412320060895
-77.5,78.5,414.9410479001268
-77.5,79.5,414.940870562068
-77.5,80.5,414.8800937841109
-77.5,81.5,414.8743371852785
-77.5,82.5,414.8741844033587
-77.5,83.5,414.879735312395
-77.5,84.5,414.8276728844543
-77.5,85.5,414.8282081973669
-77.5,86.5,414.8277053664455
-77.5,87.5,414.8272927700792
-77.5,88.5,414.790523035146
-77.5,89.5,414.7837854845951
-77.5,90.5,414.78306430008377
-77.5,91.5,414.7580957872577
-77.5,92.5,414.76339516577417
-77.5,93.5,414.7557996137538
-77.5,94.5,414.7613168671713
-77.5,95.5,414.7602388775836
-77.5,96.5,414.7654700327342
-77.5,97.5,414.7566984958557
-77.5,98.5,414.76211812733135
-77.5,99.5,414.7804439281423
-77.5,100.5,414.7711267723472
-77.5,101.5,414.7691483433459
-77.5,102.5,414.8045134713999
-77.5,103.5,414.8028727065384
-77.5,104.5,414.8011594954635
-77.5,105.5,414.7994759575173
-77.5,106.5,414.8097082974767
-77.5,107.5,414.80800054639263
-77.5,108.5,414.80623226950695
-77.5,109.5,414.7963144807883
-77.5,110.5,414.8268560849723
-77.5,111.5,414.8250414172771
-77.5,112.5,414.8232162376136
-77.5,113.5,414.81289921756985
-77.5,114.5,414.846195466462
-77.5,115.5,414.8355945172
-77.5,116.5,414.84225701304143
-77.5,117.5,414.85626698494974
-77.5,118.5,414.8544232679509
-77.5,119.5,414.84366014787895
-77.5,120.5,414.8720554414541
-77.5,121.5,414.8704264412436
-77.5,122.5,414.85957414078615
-77.5,123.5,414.8671700998561
-77.5,124.5,414.8655372452818
-77.5,125.5,414.880541055546
-77.5,126.5,414.8788335420607
-77.5,127.5,414.87717713266494
-77.5,128.5,414.8922274129087
-77.5,129.5,414.8906365235392
-77.5,130.5,414.8890545460838
-77.5,131.5,414.9041603184547
-77.5,132.5,414.9214561306498
-77.5,133.5,414.9200067170482
-77.5,134.5,414.918550388392
-77.5,135.5,414.9170855466954
-77.5,136.5,414.9570567469295
-77.5,137.5,414.9559664458538
-77.5,138.5,414.9457332488847
-77.5,139.5,414.95379386871485
-77.5,140.5,414.9652912272826
-77.5,141.5,414.9735604942491
-77.5,142.5,414.9727763725495
-77.5,143.5,414.97194230245066
-77.5,144.5,414.98434795278433
-77.5,145.5,414.98386547801294
-77.5,146.5,414.9743784265592
-77.5,147.5,414.9739014283053
-77.5,148.5,414.9837080893448
-77.5,149.5,414.9833737734082
-77.5,150.5,414.9918687562603
-77.5,151.5,414.9914934670277
-77.5,152.5,414.9961848501984
-77.5,153.5,415.0035660619477
-77.5,154.5,414.9939806375404
-77.5,155.5,414.9928626062516
-77.5,156.5,415.0320799851261
-77.5,157.5,415.0494573222055
-77.5,158.5,415.0455872087427
-77.5,159.5,415.0336022772463
-77.5,160.5,415.2823533341476
-77.5,161.5,415.28259239869953
-77.5,162.5,415.2773787978514
-77.5,163.5,415.39658086177394
-77.5,164.5,415.3947051194226
-77.5,165.5,415.3928927285745
-77.5,166.5,415.3909709388682
-77.5,167.5,415.3843099278005
-77.5,168.5,415.3912655270932
-77.5,169.5,415.39066936063983
-77.5,170.5,415.3901013273663
-77.5,171.5,415.3836085896356
-77.5,172.5,415.3837990059777
-77.5,173.5,415.38398191002864
-77.5,174.5,415.3907216496207
-77.5,175.5,415.38730180497714
-77.5,176.5,415.3920359692269
-77.5,177.5,415.3887783911944
-77.5,178.5,415.3927192843073
-77.5,179.5,415.38993963883183
-76.5,-179.5,415.39978609010046
-76.5,-178.5,415.4037299150877
-76.5,-177.5,415.400857195917
-76.5,-176.5,415.40613235564336
-76.5,-175.5,415.403273986977
-76.5,-174.5,415.4076210574964
-76.5,-173.5,415.4088636025184
-76.5,-172.5,415.4096518395722
-76.5,-171.5,415.4062626373737
-76.5,-170.5,415.41151701488576
-76.5,-169.5,415.4085494967063
-76.5,-168.5,415.4096693222168
-76.5,-167.5,415.4095468946095
-76.5,-166.5,415.4105802256856
-76.5,-165.5,415.415816743967
-76.5,-164.5,415.4162158997829
-76.5,-163.5,415.412804737353
-76.5,-162.5,415.4136974989351
-76.5,-161.5,415.413979854844
-76.5,-160.5,415.4195300651664
-76.5,-159.5,415.41592843520255
-76.5,-158.5,415.4216296156346
-76.5,-157.5,415.4109987278237
-76.5,-156.5,415.4118759303088
-76.5,-155.5,415.4127591176032
-76.5,-154.5,415.4136399971429
-76.5,-153.5,415.4159241012536
-76.5,-152.5,415.4164783684717
-76.5,-151.5,415.4170328896595
-76.5,-150.5,415.4230516869957
-76.5,-149.5,415.4190614335091
-76.5,-148.5,415.4217011044879
-76.5,-147.5,415.4242669105343
-76.5,-146.5,415.4268872823958
-76.5,-145.5,415.4020720446833
-76.5,-144.5,415.3128401260704
-76.5,-143.5,415.3256858025524
-76.5,-142.5,415.3018622118131
-76.5,-141.5,415.1711223215104
-76.5,-140.5,415.1759229944541
-76.5,-139.5,415.1914205093773
-76.5,-138.5,415.1969026902213
-76.5,-137.5,415.12520326098223
-76.5,-136.5,415.1281888127156
-76.5,-135.5,415.1311841768133
-76.5,-134.5,415.15118336480697
-76.5,-133.5,415.1073555705698
-76.5,-132.5,415.10918565824255
-76.5,-131.5,415.1304559830301
-76.5,-130.5,415.11293021177937
-76.5,-129.5,415.1144949670513
-76.5,-128.5,415.11585797650304
-76.5,-127.5,415.1173431975906
-76.5,-126.5,415.1188403466971
-76.5,-125.5,415.10213582343954
-76.5,-124.5,415.1025533703009
-76.5,-123.5,415.1231241805005
-76.5,-122.5,415.15380295758655
-76.5,-121.5,415.1529318798703
-76.5,-120.5,415.1520498252629
-76.5,-119.5,415.2292162757545
-76.5,-118.5,415.2103919345784
-76.5,-117.5,415.20885900721777
-76.5,-116.5,415.2073582700187
-76.5,-115.5,415.2648968976442
-76.5,-114.5,415.27937033594185
-76.5,-113.5,415.277934540204
-76.5,-112.5,415.2844619726162
-76.5,-111.5,415.3002613961272
-76.5,-110.5,415.28317941335206
-76.5,-109.5,415.2992862663406
-76.5,-108.5,415.34145289971065
-76.5,-107.5,415.34152759761616
-76.5,-106.5,415.3127180071971
-76.5,-105.5,415.29643083057215
-76.5,-104.5,415.2970344791411
-76.5,-103.5,415.31424557579015
-76.5,-102.5,415.3368800087728
-76.5,-101.5,415.3371025558641
-76.5,-100.5,415.2851523553704
-76.5,-99.5,415.3271149330963
-76.5,-98.5,415.32745479961073
-76.5,-97.5,415.312205598159
-76.5,-96.5,415.3282003745711
-76.5,-95.5,415.2952338759812
-76.5,-94.5,415.2958088903444
-76.5,-93.5,415.2965406758694
-76.5,-92.5,415.3204565855728
-76.5,-91.5,415.3078021486221
-76.5,-90.5,415.32291970209246
-76.5,-89.5,415.3176589785172
-76.5,-88.5,415.3177644294643
-76.5,-87.5,415.3056206210834
-76.5,-86.5,415.3181798852932
-76.5,-85.5,415.3495714478723
-76.5,-84.5,415.3493768031127
-76.5,-83.5,415.3491793065649
-76.5,-82.5,415.3588354699683
-76.5,-81.5,415.3654545858956
-76.5,-80.5,415.355716954797
-76.5,-79.5,415.3636122265722
-76.5,-78.5,415.3543908986921
-76.5,-77.5,415.48056246530905
-76.5,-76.5,415.48042457155856
-76.5,-75.5,415.47374165854274
-76.5,-74.5,415.47989689574746
-76.5,-73.5,415.4192885479516
-76.5,-72.5,415.47592483986864
-76.5,-71.5,415.4701061485418
-76.5,-70.5,415.3962413795167
-76.5,-69.5,415.48993903367415
-76.5,-68.5,415.4856516320581
-76.5,-67.5,415.4854046383206
-76.5,-66.5,415.49174477964175
-76.5,-65.5,415.4870738693119
-76.5,-64.5,415.4881899122555
-76.5,-63.5,415.4893218059544
-76.5,-62.5,415.4966392762744
-76.5,-61.5,415.49942302166176
-76.5,-60.5,415.49457853218127
-76.5,-59.5,415.49612912313074
-76.5,-58.5,415.5039024902584
-76.5,-57.5,415.50595118525166
-76.5,-56.5,415.50726339042745
-76.5,-55.5,415.5086391012232
-76.5,-54.5,415.5099629324151
-76.5,-53.5,415.5163034362381
-76.5,-52.5,415.51773223414034
-76.5,-51.5,415.5190740354848
-76.5,-50.5,415.52031284210585
-76.5,-49.5,415.516957081976
-76.5,-48.5,415.5181862485601
-76.5,-47.5,415.5251856966831
-76.5,-46.5,415.5261353201095
-76.5,-45.5,415.5228784642488
-76.5,-44.5,415.523898135814
-76.5,-43.5,415.5292523694434
-76.5,-42.5,415.5299392560156
-76.5,-41.5,415.53084282681925
-76.5,-40.5,415.5321724154752
-76.5,-39.5,415.5331131053664
-76.5,-38.5,415.5340078026198
-76.5,-37.5,415.5348498527834
-76.5,-36.5,415.5308425576035
-76.5,-35.5,415.5313009612335
-76.5,-34.5,415.52342296206086
-76.5,-33.5,415.52989439658097
-76.5,-32.5,415.52674120525774
-76.5,-31.5,415.53334440444735
-76.5,-30.5,415.53882060114
-76.5,-29.5,415.5402982670982
-76.5,-28.5,415.4009734437708
-76.5,-27.5,415.4204124086684
-76.5,-26.5,415.4226556761996
-76.5,-25.5,415.4249736918591
-76.5,-24.5,415.4316612166372
-76.5,-23.5,415.307972144643
-76.5,-22.5,415.3087380297972
-76.5,-21.5,415.31319447449823
-76.5,-20.5,415.3955017223279
-76.5,-19.5,415.3964761633305
-76.5,-18.5,415.3975511826469
-76.5,-17.5,415.3145662304087
-76.5,-16.5,415.31965405382965
-76.5,-15.5,415.32151010561626
-76.5,-14.5,415.3212074328857
-76.5,-13.5,415.2116981610209
-76.5,-12.5,415.2126111520501
-76.5,-11.5,415.2123065712618
-76.5,-10.5,415.2134420500462
-76.5,-9.5,415.1749151813189
-76.5,-8.5,415.1746981120402
-76.5,-7.5,415.1738472875949
-76.5,-6.5,415.17416733458776
-76.5,-5.5,415.1401869432928
-76.5,-4.5,415.1399229455774
-76.5,-3.5,415.13880351593
-76.5,-2.5,415.13805273200063
-76.5,-1.5,415.096819110644
-76.5,-0.5,415.0969300108408
-76.5,0.5,415.0962751009235
-76.5,1.5,415.0513984055631
-76.5,2.5,415.0455382226296
-76.5,3.5,415.0444660669579
-76.5,4.5,415.04337781215366
-76.5,5.5,415.0424911320713
-76.5,6.5,414.9949920346799
-76.5,7.5,414.99362036114
-76.5,8.5,414.9922184646533
-76.5,9.5,414.99097173964407
-76.5,10.5,414.9518484040677
-76.5,11.5,414.9503759339708
-76.5,12.5,414.9485193709348
-76.5,13.5,414.9493751104179
-76.5,14.5,414.9155812040669
-76.5,15.5,414.9110525131081
-76.5,16.5,414.91266080007614
-76.5,17.5,414.9110800824884
-76.5,18.5,414.880727081629
-76.5,19.5,414.8757761413572
-76.5,20.5,414.8782516887247
-76.5,21.5,414.87092676931536
-76.5,22.5,414.86595489531226
-76.5,23.5,414.8690579761209
-76.5,24.5,414.8352482827574
-76.5,25.5,414.83455147764994
-76.5,26.5,414.83384953601694
-76.5,27.5,414.8376517926313
-76.5,28.5,414.8260618381629
-76.5,29.5,414.8261738528648
-76.5,30.5,414.825746451074
-76.5,31.5,414.8170809844714
-76.5,32.5,414.81715574656624
-76.5,33.5,414.81220259774375
-76.5,34.5,414.8172226301336
-76.5,35.5,414.8254968636423
-76.5,36.5,414.82568009185593
-76.5,37.5,414.8054441986442
-76.5,38.5,414.80549298892106
-76.5,39.5,414.8055468115936
-76.5,40.5,414.8105830090456
-76.5,41.5,414.8254735616949
-76.5,42.5,414.8302633178407
-76.5,43.5,414.8136319134464
-76.5,44.5,414.8434109699632
-76.5,45.5,414.8428979278752
-76.5,46.5,414.84730212956606
-76.5,47.5,414.8467786354343
-76.5,48.5,414.8729131217496
-76.5,49.5,414.8768560833811
-76.5,50.5,414.8709023220296
-76.5,51.5,414.91520427749646
-76.5,52.5,414.918615789649
-76.5,53.5,414.9121816335249
-76.5,54.5,414.9573217795536
-76.5,55.5,414.9602220114023
-76.5,56.5,414.9534081203169
-76.5,57.5,414.95634152028913
-76.5,58.5,415.0053721757234
-76.5,59.5,415.0034094737772
-76.5,60.5,414.9965878634191
-76.5,61.5,414.999463392118
-76.5,62.5,415.0426038639259
-76.5,63.5,415.0413599062241
-76.5,64.5,415.0400856330164
-76.5,65.5,415.0387781681149
-76.5,66.5,415.0410634993644
-76.5,67.5,415.035772130229
-76.5,68.5,415.039915965816
-76.5,69.5,415.0393275892266
-76.5,70.5,415.09673869135526
-76.5,71.5,415.0299546403381
-76.5,72.5,415.0297621792037
-76.5,73.5,415.0487838289948
-76.5,74.5,414.9919069860482
-76.5,75.5,414.99196339372094
-76.5,76.5,414.9920250929598
-76.5,77.5,414.9920793086475
-76.5,78.5,414.93578497829833
-76.5,79.5,414.9359420032538
-76.5,80.5,414.940752547207
-76.5,81.5,414.9362081239523
-76.5,82.5,414.8699407741104
-76.5,83.5,414.8747691864855
-76.5,84.5,414.8746260291424
-76.5,85.5,414.8693512276681
-76.5,86.5,414.82873700002506
-76.5,87.5,414.8228058467377
-76.5,88.5,414.8275841113297
-76.5,89.5,414.8269885590091
-76.5,90.5,414.7855039271678
-76.5,91.5,414.7844590752513
-76.5,92.5,414.78930109081983
-76.5,93.5,414.7581210782761
-76.5,94.5,414.76285852083936
-76.5,95.5,414.7614996786061
-76.5,96.5,414.77731060243696
-76.5,97.5,414.7754761517633
-76.5,98.5,414.7735778568039
-76.5,99.5,414.7716219257513
-76.5,100.5,414.7874624472698
-76.5,101.5,414.802102089964
-76.5,102.5,414.7930605907213
-76.5,103.5,414.79852100276094
-76.5,104.5,414.79665882151374
-76.5,105.5,414.7947989856469
-76.5,106.5,414.8006239489453
-76.5,107.5,414.8213372862999
-76.5,108.5,414.8194659104693
-76.5,109.5,414.8379997556834
-76.5,110.5,414.8280791546148
-76.5,111.5,414.8262121890676
-76.5,112.5,414.8327943332994
-76.5,113.5,414.8448720215313
-76.5,114.5,414.8517950149503
-76.5,115.5,414.8412174166141
-76.5,116.5,414.85358912275217
-76.5,117.5,414.8519508897868
-76.5,118.5,414.8412270894036
-76.5,119.5,414.84864492951135
-76.5,120.5,414.86366101071656
-76.5,121.5,414.8528482110249
-76.5,122.5,414.8605144478457
-76.5,123.5,414.8464010555918
-76.5,124.5,414.8450219391783
-76.5,125.5,414.8436369634176
-76.5,126.5,414.8714829785679
-76.5,127.5,414.8699610404789
-76.5,128.5,414.8683990817775
-76.5,129.5,414.8572459462781
-76.5,130.5,414.90886825231166
-76.5,131.5,414.89783193728886
-76.5,132.5,414.9058448771705
-76.5,133.5,414.9043072515296
-76.5,134.5,414.937760299747
-76.5,135.5,414.9365115311842
-76.5,136.5,414.9352309813758
-76.5,137.5,414.9339587654368
-76.5,138.5,414.9587991481872
-76.5,139.5,414.9578240697205
-76.5,140.5,414.9567894209067
-76.5,141.5,414.9557155592464
-76.5,142.5,414.9512717736812
-76.5,143.5,414.9749347402992
-76.5,144.5,414.9742222806311
-76.5,145.5,414.9703589221896
-76.5,146.5,414.9753230807998
-76.5,147.5,414.9749856055278
-76.5,148.5,414.9746491471885
-76.5,149.5,414.9832360649917
-76.5,150.5,414.9980320020074
-76.5,151.5,414.98883888357886
-76.5,152.5,414.9969361647939
-76.5,153.5,414.99626130695566
-76.5,154.5,415.0417223352024
-76.5,155.5,415.0398521797363
-76.5,156.5,415.0379636185614
-76.5,157.5,415.0360824259896
-76.5,158.5,415.15083762646015
-76.5,159.5,415.1455893750585
-76.5,160.5,415.1403413243422
-76.5,161.5,415.1421856395009
-76.5,162.5,415.4053725100603
-76.5,163.5,415.40212502862505
-76.5,164.5,415.3934816584706
-76.5,165.5,415.3987935086688
-76.5,166.5,415.40277386048285
-76.5,167.5,415.4014737146405
-76.5,168.5,415.4031967315442
-76.5,169.5,415.39775906288247
-76.5,170.5,415.4024691136949
-76.5,171.5,415.4020774320033
-76.5,172.5,415.399980088273
-76.5,173.5,415.401128053532
-76.5,174.5,415.4014119953196
-76.5,175.5,415.3954547639639
-76.5,176.5,415.3963445205512
-76.5,177.5,415.4017768024715
-76.5,178.5,415.40255587887975
-76.5,179.5,415.3986577216344
-75.5,-179.5,415.4066581663152
-75.5,-178.5,415.407883201733
-75.5,-177.5,415.4126463501957
-75.5,-176.5,415.4094018781699
-75.5,-175.5,415.4106705535444
-75.5,-174.5,415.4156639624746
-75.5,-173.5,415.4170448714653
-75.5,-172.5,415.4183451198909
-75.5,-171.5,415.4189204135205
-75.5,-170.5,415.4156373747375
-75.5,-169.5,415.42160102147295
-75.5,-168.5,415.42253989451535
-75.5,-167.5,415.4186718234509
-75.5,-166.5,415.4244376527856
-75.5,-165.5,415.4250374198565
-75.5,-164.5,415.4206337462048
-75.5,-163.5,415.42149109478703
-75.5,-162.5,415.4223321179354
-75.5,-161.5,415.4273456697623
-75.5,-160.5,415.4281910457799
-75.5,-159.5,415.423489971539
-75.5,-158.5,415.4289833951362
-75.5,-157.5,415.42971342293794
-75.5,-156.5,415.4304811340446
-75.5,-155.5,415.4305934270504
-75.5,-154.5,415.4311940947951
-75.5,-153.5,415.43127105510433
-75.5,-152.5,415.42577012538527
-75.5,-151.5,415.4321849845467
-75.5,-150.5,415.42659129128543
-75.5,-149.5,415.4329848882046
-75.5,-148.5,415.4264921818617
-75.5,-147.5,415.4334286636371
-75.5,-146.5,415.4286037500814
-75.5,-145.5,415.428576693897
-75.5,-144.5,415.4249727888246
-75.5,-143.5,415.4338054113229
-75.5,-142.5,415.4365086880315
-75.5,-141.5,415.40851117865714
-75.5,-140.5,415.4115257742266
-75.5,-139.5,415.4146042353462
-75.5,-138.5,415.3601897639916
-75.5,-137.5,415.3728795187411
-75.5,-136.5,415.3660613770308
-75.5,-135.5,415.380110963523
-75.5,-134.5,415.2220428768646
-75.5,-133.5,415.36075741871656
-75.5,-132.5,415.3629026050328
-75.5,-131.5,415.1898674088346
-75.5,-130.5,415.1916760837834
-75.5,-129.5,415.2131372909135
-75.5,-128.5,415.2104705839481
-75.5,-127.5,415.2117618146406
-75.5,-126.5,415.21312156170166
-75.5,-125.5,415.2784132844547
-75.5,-124.5,415.259524868242
-75.5,-123.5,415.259896726733
-75.5,-122.5,415.2795180371203
-75.5,-121.5,415.20105684134734
-75.5,-120.5,415.3329845210106
-75.5,-119.5,415.35116172707006
-75.5,-118.5,415.2757057588232
-75.5,-117.5,415.2556393783846
-75.5,-116.5,415.2731180302127
-75.5,-115.5,415.37916381365113
-75.5,-114.5,415.377356022013
-75.5,-113.5,415.37560867993966
-75.5,-112.5,415.3606166718501
-75.5,-111.5,415.3595564576214
-75.5,-110.5,415.3416339503016
-75.5,-109.5,415.42032079901526
-75.5,-108.5,415.4200989009384
-75.5,-107.5,415.4355873038675
-75.5,-106.5,415.4353841345809
-75.5,-105.5,415.3531936151767
-75.5,-104.5,415.3535119284554
-75.5,-103.5,415.37063027393646
-75.5,-102.5,415.4257075444424
-75.5,-101.5,415.4417564769765
-75.5,-100.5,415.4424673096474
-75.5,-99.5,415.3866912825736
-75.5,-98.5,415.38771193348697
-75.5,-97.5,415.3886213533938
-75.5,-96.5,415.35850123349707
-75.5,-95.5,415.37582889207937
-75.5,-94.5,415.36182630212977
-75.5,-93.5,415.3647624137484
-75.5,-92.5,415.36672978233184
-75.5,-91.5,415.3544724427566
-75.5,-90.5,415.3567369403594
-75.5,-89.5,415.3216522328616
-75.5,-88.5,415.32311880165497
-75.5,-87.5,415.3104697752258
-75.5,-86.5,415.3217524786925
-75.5,-85.5,415.3217470809229
-75.5,-84.5,415.33531448089497
-75.5,-83.5,415.3619554037741
-75.5,-82.5,415.3484543125864
-75.5,-81.5,415.38638764460114
-75.5,-80.5,415.411082491325
-75.5,-79.5,415.3996029521521
-75.5,-78.5,415.4101537423254
-75.5,-77.5,415.40947268322265
-75.5,-76.5,415.4200482367066
-75.5,-75.5,415.4317275744664
-75.5,-74.5,415.433265121818
-75.5,-73.5,415.3574334882084
-75.5,-72.5,415.3708053123321
-75.5,-71.5,415.37310716397263
-75.5,-70.5,415.3754530236605
-75.5,-69.5,415.3114425325746
-75.5,-68.5,415.2998749279902
-75.5,-67.5,415.299461949788
-75.5,-66.5,415.4387486414628
-75.5,-65.5,415.4445339065284
-75.5,-64.5,415.442527343249
-75.5,-63.5,415.4403582644734
-75.5,-62.5,415.4934793597612
-75.5,-61.5,415.5023697414711
-75.5,-60.5,415.4955565527223
-75.5,-59.5,415.498209965016
-75.5,-58.5,415.4999807821356
-75.5,-57.5,415.50874597483846
-75.5,-56.5,415.5158138932362
-75.5,-55.5,415.51729151360536
-75.5,-54.5,415.5125650423027
-75.5,-53.5,415.5223180444402
-75.5,-52.5,415.5239423190682
-75.5,-51.5,415.5254088258041
-75.5,-50.5,415.5269845677921
-75.5,-49.5,415.5280231119715
-75.5,-48.5,415.52381939982337
-75.5,-47.5,415.5251210694439
-75.5,-46.5,415.5307322099309
-75.5,-45.5,415.53167235949786
-75.5,-44.5,415.5326208631642
-75.5,-43.5,415.5285070132869
-75.5,-42.5,415.5293638373004
-75.5,-41.5,415.534805872027
-75.5,-40.5,415.5317049677115
-75.5,-39.5,415.5370882490142
-75.5,-38.5,415.5332003238475
-75.5,-37.5,415.53357021813616
-75.5,-36.5,415.53850156187895
-75.5,-35.5,415.5339284321695
-75.5,-34.5,415.5389831270841
-75.5,-33.5,415.533579944806
-75.5,-32.5,415.533830991049
-75.5,-31.5,415.5340841770515
-75.5,-30.5,415.53938140089
-75.5,-29.5,415.534437359223
-75.5,-28.5,415.5400724482109
-75.5,-27.5,415.532396099392
-75.5,-26.5,415.538875265002
-75.5,-25.5,415.5351500674282
-75.5,-24.5,415.5407919175309
-75.5,-23.5,415.54148096386393
-75.5,-22.5,415.45419310006463
-75.5,-21.5,415.5239254737331
-75.5,-20.5,415.5255662276326
-75.5,-19.5,415.5311124986661
-75.5,-18.5,415.5326501610995
-75.5,-17.5,415.42549856131393
-75.5,-16.5,415.4319101736158
-75.5,-15.5,415.4351360480858
-75.5,-14.5,415.2735884078792
-75.5,-13.5,415.27848172515183
-75.5,-12.5,415.2816276862499
-75.5,-11.5,415.1992088578544
-75.5,-10.5,415.200968908952
-75.5,-9.5,415.1860522916083
-75.5,-8.5,415.13423416372
-75.5,-7.5,415.1341712546545
-75.5,-6.5,415.1346315190614
-75.5,-5.5,415.1354754196805
-75.5,-4.5,415.10339373447846
-75.5,-3.5,415.1022966367837
-75.5,-2.5,415.1011754303
-75.5,-1.5,415.0666073106722
-75.5,-0.5,415.0649065948376
-75.5,0.5,415.0637195603261
-75.5,1.5,415.06200424275
-75.5,2.5,415.02423339601626
-75.5,3.5,415.02301883684027
-75.5,4.5,415.02196699187255
-75.5,5.5,414.9800582456528
-75.5,6.5,414.9787809155262
-75.5,7.5,414.9774720580031
-75.5,8.5,414.9761357915805
-75.5,9.5,414.9654396050243
-75.5,10.5,414.936456628969
-75.5,11.5,414.93473189105856
-75.5,12.5,414.92692244677625
-75.5,13.5,414.9248351776717
-75.5,14.5,414.9231119819212
-75.5,15.5,414.8918406152703
-75.5,16.5,414.8925578047746
-75.5,17.5,414.8882381731667
-75.5,18.5,414.8701469387834
-75.5,19.5,414.8656782763782
-75.5,20.5,414.8674139864025
-75.5,21.5,414.8626198898468
-75.5,22.5,414.85339718741454
-75.5,23.5,414.8596279941164
-75.5,24.5,414.8545272758465
-75.5,25.5,414.8455313787289
-75.5,26.5,414.8404978116654
-75.5,27.5,414.8437266329044
-75.5,28.5,414.8699150787712
-75.5,29.5,414.8649793272088
-75.5,30.5,414.8643599730816
-75.5,31.5,414.8457035250191
-75.5,32.5,414.8502553375616
-75.5,33.5,414.850319373269
-75.5,34.5,414.8609746964218
-75.5,35.5,414.8658636490606
-75.5,36.5,414.8662718236219
-75.5,37.5,414.8621291039466
-75.5,38.5,414.83827486214057
-75.5,39.5,414.8339602826564
-75.5,40.5,414.838595702224
-75.5,41.5,414.85350715655954
-75.5,42.5,414.8579082099482
-75.5,43.5,414.8535222944566
-75.5,44.5,414.8613854165076
-75.5,45.5,414.8609879496729
-75.5,46.5,414.8561760754056
-75.5,47.5,414.888549962216
-75.5,48.5,414.89215933089247
-75.5,49.5,414.87911393534665
-75.5,50.5,414.9258467865948
-75.5,51.5,414.92420214433616
-75.5,52.5,414.9269415188491
-75.5,53.5,414.9208841960109
-75.5,54.5,414.98279931395206
-75.5,55.5,414.976309052965
-75.5,56.5,414.9784027628409
-75.5,57.5,415.0314108874711
-75.5,58.5,415.0288884022559
-75.5,59.5,415.02645888904016
-75.5,60.5,415.1298082584681
-75.5,61.5,415.1313983903743
-75.5,62.5,415.0814375521168
-75.5,63.5,415.16967124281086
-75.5,64.5,415.16415799230833
-75.5,65.5,415.1667757583701
-75.5,66.5,415.1613471722376
-75.5,67.5,415.16252137670375
-75.5,68.5,415.1664306341232
-75.5,69.5,415.1626778419761
-75.5,70.5,415.12680810252175
-75.5,71.5,415.1241122823178
-75.5,72.5,415.1251753838833
-75.5,73.5,415.12624856298135
-75.5,74.5,415.0456584980821
-75.5,75.5,415.0506535907447
-75.5,76.5,415.0519753895655
-75.5,77.5,414.9658253966148
-75.5,78.5,414.966441221666
-75.5,79.5,414.9669963822957
-75.5,80.5,414.9636633533692
-75.5,81.5,414.9218051647634
-75.5,82.5,414.9069916276109
-75.5,83.5,414.9110282524555
-75.5,84.5,414.86903238239927
-75.5,85.5,414.8640230324066
-75.5,86.5,414.8682408555659
-75.5,87.5,414.82340795388217
-75.5,88.5,414.8275638856642
-75.5,89.5,414.826763631183
-75.5,90.5,414.78832569207975
-75.5,91.5,414.7923978695972
-75.5,92.5,414.7857771694351
-75.5,93.5,414.79001120581256
-75.5,94.5,414.77122106204456
-75.5,95.5,414.7899624742691
-75.5,96.5,414.7881424094575
-75.5,97.5,414.79661382483727
-75.5,98.5,414.7945396426546
-75.5,99.5,414.7924775901933
-75.5,100.5,414.81736639644026
-75.5,101.5,414.8152616082242
-75.5,102.5,414.8131536234684
-75.5,103.5,414.82038696988224
-75.5,104.5,414.8183281047358
-75.5,105.5,414.8162649209863
-75.5,106.5,414.8570038170584
-75.5,107.5,414.8550462764649
-75.5,108.5,414.853180623708
-75.5,109.5,414.8512608029108
-75.5,110.5,414.85716842768977
-75.5,111.5,414.8553760155038
-75.5,112.5,414.8455610571509
-75.5,113.5,414.8726486569193
-75.5,114.5,414.8627559389897
-75.5,115.5,414.8695691296377
-75.5,116.5,414.85253145634425
-75.5,117.5,414.8510526590716
-75.5,118.5,414.8495788348292
-75.5,119.5,414.8461808149577
-75.5,120.5,414.8541084729592
-75.5,121.5,414.8512603267653
-75.5,122.5,414.8344514493377
-75.5,123.5,414.84247902737656
-75.5,124.5,414.8321178745738
-75.5,125.5,414.8402238942483
-75.5,126.5,414.8554033383697
-75.5,127.5,414.8540110457844
-75.5,128.5,414.84308662742166
-75.5,129.5,414.8821056583025
-75.5,130.5,414.8804911935723
-75.5,131.5,414.8884037036877
-75.5,132.5,414.9054442589793
-75.5,133.5,414.8944964989206
-75.5,134.5,414.9118001242431
-75.5,135.5,414.928325408841
-75.5,136.5,414.9270948207383
-75.5,137.5,414.9258098821336
-75.5,138.5,414.9151486692883
-75.5,139.5,414.9441854560437
-75.5,140.5,414.9524439717366
-75.5,141.5,414.94203740630377
-75.5,142.5,414.9778917586801
-75.5,143.5,414.9771232839179
-75.5,144.5,414.9762994951573
-75.5,145.5,414.9664823003865
-75.5,146.5,414.9930967834762
-75.5,147.5,414.9925088782864
-75.5,148.5,414.9833143077103
-75.5,149.5,415.02104238171705
-75.5,150.5,415.0202826865146
-75.5,151.5,415.0112059317963
-75.5,152.5,415.0186778001748
-75.5,153.5,415.0336395502837
-75.5,154.5,415.08241843415
-75.5,155.5,415.0733335304328
-75.5,156.5,415.1189454851404
-75.5,157.5,415.1158142737349
-75.5,158.5,415.1054049637792
-75.5,159.5,415.2945273386827
-75.5,160.5,415.2895471552725
-75.5,161.5,415.2845531225579
-75.5,162.5,415.4126635996195
-75.5,163.5,415.4100766633059
-75.5,164.5,415.4184344324002
-75.5,165.5,415.4107844142876
-75.5,166.5,415.41163217087006
-75.5,167.5,415.4106417249834
-75.5,168.5,415.4098606399591
-75.5,169.5,415.40294834569625
-75.5,170.5,415.40880036168
-75.5,171.5,415.40275211681126
-75.5,172.5,415.4073796763344
-75.5,173.5,415.4078523463522
-75.5,174.5,415.4027102659381
-75.5,175.5,415.40764755109205
-75.5,176.5,415.4085499888456
-75.5,177.5,415.4042551418932
-75.5,178.5,415.4090476877139
-75.5,179.5,415.410200360397
-74.5,-179.5,415.4198175711897
-74.5,-178.5,415.4161286154293
-74.5,-177.5,415.41640833022507
-74.5,-176.5,415.4178459301904
-74.5,-175.5,415.4233506204764
-74.5,-174.5,415.4249641330776
-74.5,-173.5,415.4265196152338
-74.5,-172.5,415.4231224700264
-74.5,-171.5,415.4287982354918
-74.5,-170.5,415.4303200439654
-74.5,-169.5,415.4315923900935
-74.5,-168.5,415.43290485935256
-74.5,-167.5,415.434255395231
-74.5,-166.5,415.4289658843934
-74.5,-165.5,415.4356796340859
-74.5,-164.5,415.4366674201025
-74.5,-163.5,415.4314823632061
-74.5,-162.5,415.4308217354471
-74.5,-161.5,415.4315630143948
-74.5,-160.5,415.4321355021885
-74.5,-159.5,415.439391004229
-74.5,-158.5,415.4401801901176
-74.5,-157.5,415.4334915568886
-74.5,-156.5,415.434067830016
-74.5,-155.5,415.44167326207327
-74.5,-154.5,415.44226202063
-74.5,-153.5,415.4422775016834
-74.5,-152.5,415.4356676949288
-74.5,-151.5,415.4360197399023
-74.5,-150.5,415.44297154013145
-74.5,-149.5,415.4433198028049
-74.5,-148.5,415.43611372088696
-74.5,-147.5,415.436325258824
-74.5,-146.5,415.4356854991031
-74.5,-145.5,415.4437915350206
-74.5,-144.5,415.4444636122643
-74.5,-143.5,415.4436614976538
-74.5,-142.5,415.4374969132553
-74.5,-141.5,415.4385888406618
-74.5,-140.5,415.4453705447276
-74.5,-139.5,415.4387987315443
-74.5,-138.5,415.4498871878011
-74.5,-137.5,415.4426159409544
-74.5,-136.5,415.41977364110295
-74.5,-135.5,415.4323504126591
-74.5,-134.5,415.4233468502798
-74.5,-133.5,415.451670246318
-74.5,-132.5,415.4528801081643
-74.5,-131.5,415.45432301965167
-74.5,-130.5,415.4426829450853
-74.5,-129.5,415.4622691045419
-74.5,-128.5,415.4637238874119
-74.5,-127.5,415.46497371512
-74.5,-126.5,415.4024750119225
-74.5,-125.5,415.3869000454406
-74.5,-124.5,415.4492245121058
-74.5,-123.5,415.4339702778168
-74.5,-122.5,415.4508267972246
-74.5,-121.5,415.4517523998083
-74.5,-120.5,415.4596584026084
-74.5,-119.5,415.4603194009418
-74.5,-118.5,415.4451035649095
-74.5,-117.5,415.3773489331579
-74.5,-116.5,415.3595189118101
-74.5,-115.5,415.4641354419582
-74.5,-114.5,415.4633134174638
-74.5,-113.5,415.44706968261113
-74.5,-112.5,415.4463298617726
-74.5,-111.5,415.46711573194017
-74.5,-110.5,415.4513511894572
-74.5,-109.5,415.4573473045923
-74.5,-108.5,415.457041550201
-74.5,-107.5,415.4722963348602
-74.5,-106.5,415.4564882393207
-74.5,-105.5,415.4681126903948
-74.5,-104.5,415.4682778665895
-74.5,-103.5,415.464387469125
-74.5,-102.5,415.4658478310009
-74.5,-101.5,415.46745735602536
-74.5,-100.5,415.46897295215246
-74.5,-99.5,415.4180816672221
-74.5,-98.5,415.4205303869858
-74.5,-97.5,415.31065987458953
-74.5,-96.5,415.3297081299943
-74.5,-95.5,415.3318822050252
-74.5,-94.5,415.359258636666
-74.5,-93.5,415.3455394566764
-74.5,-92.5,415.34737299013057
-74.5,-91.5,415.36405789345343
-74.5,-90.5,415.3364853853769
-74.5,-89.5,415.3232858968912
-74.5,-88.5,415.32033357725584
-74.5,-87.5,415.3210205922167
-74.5,-86.5,415.32164717658185
-74.5,-85.5,415.3281310197903
-74.5,-84.5,415.34275087452727
-74.5,-83.5,415.3425375225178
-74.5,-82.5,415.3421416535476
-74.5,-81.5,415.3480098315118
-74.5,-80.5,415.3481772240415
-74.5,-79.5,415.348304251902
-74.5,-78.5,415.3756798357583
-74.5,-77.5,415.3769157309093
-74.5,-76.5,415.3651122711643
-74.5,-75.5,415.3793913493603
-74.5,-74.5,415.3172175792221
-74.5,-73.5,415.3205817114334
-74.5,-72.5,415.323722083436
-74.5,-71.5,415.2642717289026
-74.5,-70.5,415.26673140428863
-74.5,-69.5,415.2689655105053
-74.5,-68.5,415.2243657182836
-74.5,-67.5,415.2355177409663
-74.5,-66.5,415.2202122617861
-74.5,-65.5,415.2327729574151
-74.5,-64.5,415.4417040950517
-74.5,-63.5,415.4381952687051
-74.5,-62.5,415.4257453147144
-74.5,-61.5,415.4976933964167
-74.5,-60.5,415.497839508772
-74.5,-59.5,415.49798414868826
-74.5,-58.5,415.49822985986
-74.5,-57.5,415.5184868826548
-74.5,-56.5,415.520407672366
-74.5,-55.5,415.5224327252451
-74.5,-54.5,415.5252557788945
-74.5,-53.5,415.52715966705006
-74.5,-52.5,415.52220137560494
-74.5,-51.5,415.52396659646087
-74.5,-50.5,415.5257180673928
-74.5,-49.5,415.5335342553683
-74.5,-48.5,415.5342619895619
-74.5,-47.5,415.5352216918033
-74.5,-46.5,415.53620336086817
-74.5,-45.5,415.5317139956366
-74.5,-44.5,415.5326090975099
-74.5,-43.5,415.5328904452488
-74.5,-42.5,415.533522166779
-74.5,-41.5,415.53413448585343
-74.5,-40.5,415.53474676962406
-74.5,-39.5,415.534828838913
-74.5,-38.5,415.5396262832396
-74.5,-37.5,415.5360223379797
-74.5,-36.5,415.5361235645879
-74.5,-35.5,415.5407930020778
-74.5,-34.5,415.536311797532
-74.5,-33.5,415.5354858188292
-74.5,-32.5,415.53546137369096
-74.5,-31.5,415.5404143605284
-74.5,-30.5,415.5359882754108
-74.5,-29.5,415.5361339639367
-74.5,-28.5,415.54096445235945
-74.5,-27.5,415.5365075456542
-74.5,-26.5,415.5416734845025
-74.5,-25.5,415.5395557470175
-74.5,-24.5,415.54002380660415
-74.5,-23.5,415.54049138055024
-74.5,-22.5,415.5389665214025
-74.5,-21.5,415.5356741436796
-74.5,-20.5,415.5409669616637
-74.5,-19.5,415.5380710640121
-74.5,-18.5,415.4879120971081
-74.5,-17.5,415.4940408696066
-74.5,-16.5,415.5008365513732
-74.5,-15.5,415.5061388239455
-74.5,-14.5,415.508777384284
-74.5,-13.5,415.3975552442137
-74.5,-12.5,415.4016017929244
-74.5,-11.5,415.4057693521955
-74.5,-10.5,415.4100619667912
-74.5,-9.5,415.2053364283635
-74.5,-8.5,415.20821383395867
-74.5,-7.5,415.21161691842906
-74.5,-6.5,415.08268850372576
-74.5,-5.5,415.0827433921388
-74.5,-4.5,415.08318655399216
-74.5,-3.5,415.0831978759831
-74.5,-2.5,415.080371135957
-74.5,-1.5,415.07827385732605
-74.5,-0.5,415.0764581440842
-74.5,0.5,415.0658982312589
-74.5,1.5,415.0645139431783
-74.5,2.5,415.063325833203
-74.5,3.5,415.020301601827
-74.5,4.5,415.019023464692
-74.5,5.5,415.0181151824557
-74.5,6.5,415.01697638501935
-74.5,7.5,414.96927133794463
-74.5,8.5,414.9677766723647
-74.5,9.5,414.9662618639971
-74.5,10.5,414.93522156797366
-74.5,11.5,414.9329075771356
-74.5,12.5,414.9309987084008
-74.5,13.5,414.9285937658056
-74.5,14.5,414.9222975806989
-74.5,15.5,414.9198806254298
-74.5,16.5,414.9186091909745
-74.5,17.5,414.8937738973559
-74.5,18.5,414.892084395305
-74.5,19.5,414.89272111741286
-74.5,20.5,414.8887840474173
-74.5,21.5,414.887172515243
-74.5,22.5,414.88846283313705
-74.5,23.5,414.900771522393
-74.5,24.5,414.8961232257055
-74.5,25.5,414.8945894999138
-74.5,26.5,414.8843883436495
-74.5,27.5,414.8793752879645
-74.5,28.5,414.9403914786807
-74.5,29.5,414.93578892164993
-74.5,30.5,414.9390741311802
-74.5,31.5,414.93840783307166
-74.5,32.5,414.9662543847693
-74.5,33.5,414.970855465962
-74.5,34.5,414.9161655745384
-74.5,35.5,414.91276724657024
-74.5,36.5,414.9174521065558
-74.5,37.5,414.9181519195784
-74.5,38.5,414.9157478806355
-74.5,39.5,414.91611309135055
-74.5,40.5,414.8899136886869
-74.5,41.5,414.89001571205375
-74.5,42.5,414.8900985790112
-74.5,43.5,414.8901441043812
-74.5,44.5,414.8827296277548
-74.5,45.5,414.8824349865829
-74.5,46.5,414.907473910845
-74.5,47.5,414.906889777459
-74.5,48.5,414.91004757652775
-74.5,49.5,414.9344878564952
-74.5,50.5,414.9292420964376
-74.5,51.5,414.9312442905775
-74.5,52.5,414.9296445724577
-74.5,53.5,414.9994651242254
-74.5,54.5,414.9969882095472
-74.5,55.5,415.0696218138317
-74.5,56.5,415.0667146283107
-74.5,57.5,415.0601874089159
-74.5,58.5,415.1393261014656
-74.5,59.5,415.1396006685608
-74.5,60.5,415.136352735933
-74.5,61.5,415.1331521722682
-74.5,62.5,415.2176559507582
-74.5,63.5,415.2150069756454
-74.5,64.5,415.2085959704776
-74.5,65.5,415.2452861143813
-74.5,66.5,415.248293540899
-74.5,67.5,415.244197490814
-74.5,68.5,415.2437055194053
-74.5,69.5,415.213758187646
-74.5,70.5,415.2184876378421
-74.5,71.5,415.2166402655452
-74.5,72.5,415.13801303101496
-74.5,73.5,415.1433971541788
-74.5,74.5,415.1455725980665
-74.5,75.5,415.0220143813906
-74.5,76.5,415.0237517978448
-74.5,77.5,415.0254263860182
-74.5,78.5,415.0271408410038
-74.5,79.5,414.95854005023153
-74.5,80.5,414.9554945969149
-74.5,81.5,414.9591638035327
-74.5,82.5,414.904723962094
-74.5,83.5,414.90435449735753
-74.5,84.5,414.9039765471594
-74.5,85.5,414.903575478622
-74.5,86.5,414.859691202048
-74.5,87.5,414.8588797148281
-74.5,88.5,414.8622850339651
-74.5,89.5,414.8244374494434
-74.5,90.5,414.8279407955951
-74.5,91.5,414.7996808982476
-74.5,92.5,414.80295096591766
-74.5,93.5,414.8015402467859
-74.5,94.5,414.8000986284208
-74.5,95.5,414.8157215225671
-74.5,96.5,414.8086143778608
-74.5,97.5,414.81183230945913
-74.5,98.5,414.8192053506605
-74.5,99.5,414.8171294725332
-74.5,100.5,414.8525914704159
-74.5,101.5,414.8504628332993
-74.5,102.5,414.84836218734506
-74.5,103.5,414.8461784888316
-74.5,104.5,414.8831105375596
-74.5,105.5,414.8871288221075
-74.5,106.5,414.88839552213415
-74.5,107.5,414.87975807343537
-74.5,108.5,414.8844036184301
-74.5,109.5,414.8824432839823
-74.5,110.5,414.9059442980276
-74.5,111.5,414.8970756837006
-74.5,112.5,414.89489886495306
-74.5,113.5,414.893474184439
-74.5,114.5,414.8919859688377
-74.5,115.5,414.89057334323184
-74.5,116.5,414.8694621883672
-74.5,117.5,414.86818877685647
-74.5,118.5,414.8707294562979
-74.5,119.5,414.8698813622975
-74.5,120.5,414.86077153361447
-74.5,121.5,414.8498341093103
-74.5,122.5,414.8403698554043
-74.5,123.5,414.83939616572286
-74.5,124.5,414.83840319541775
-74.5,125.5,414.85059525228553
-74.5,126.5,414.8493231971628
-74.5,127.5,414.8662234379695
-74.5,128.5,414.8558959934692
-74.5,129.5,414.8636071333372
-74.5,130.5,414.8857337337994
-74.5,131.5,414.8934146160407
-74.5,132.5,414.8920571207635
-74.5,133.5,414.8814474607967
-74.5,134.5,414.9089710297404
-74.5,135.5,414.9167190844345
-74.5,136.5,414.9153742799814
-74.5,137.5,414.9399711194174
-74.5,138.5,414.9478245889886
-74.5,139.5,414.9466839458837
-74.5,140.5,414.9454378793085
-74.5,141.5,414.9639564097285
-74.5,142.5,414.97174527941536
-74.5,143.5,414.9621171784423
-74.5,144.5,414.9837897348071
-74.5,145.5,414.99165139759367
-74.5,146.5,414.98267004683936
-74.5,147.5,415.0072033322171
-74.5,148.5,414.9984475035933
-74.5,149.5,415.0060275633638
-74.5,150.5,415.0054345742028
-74.5,151.5,415.02967684560286
-74.5,152.5,415.0288879128146
-74.5,153.5,415.028085755937
-74.5,154.5,415.0822760286407
-74.5,155.5,415.0811625657647
-74.5,156.5,415.0875355659822
-74.5,157.5,415.08629064147874
-74.5,158.5,415.1115333741124
-74.5,159.5,415.1162880325726
-74.5,160.5,415.1062233045155
-74.5,161.5,415.3267872333632
-74.5,162.5,415.3220597561007
-74.5,163.5,415.42398590253913
-74.5,164.5,415.4214045993488
-74.5,165.5,415.4122867274199
-74.5,166.5,415.4159644306487
-74.5,167.5,415.413325835501
-74.5,168.5,415.4190939135084
-74.5,169.5,415.4182643272013
-74.5,170.5,415.41673242919904
-74.5,171.5,415.41672564639913
-74.5,172.5,415.4093902239607
-74.5,173.5,415.4101228436015
-74.5,174.5,415.4168257887771
-74.5,175.5,415.4173320462315
-74.5,176.5,415.4168859247451
-74.5,177.5,415.41242501915735
-74.5,178.5,415.4121600813515
-74.5,179.5,415.41351387861454
-73.5,-179.5,415.4253058266535
-73.5,-178.5,415.4257153485944
-73.5,-177.5,415.4272820882992
-73.5,-176.5,415.4288076067599
-73.5,-175.5,415.42966847920377
-73.5,-174.5,415.4313364703426
-73.5,-173.5,415.4380066473054
-73.5,-172.5,415.4391192799205
-73.5,-171.5,415.4355197593845
-73.5,-170.5,415.4421202514894
-73.5,-169.5,415.4426242141049
-73.5,-168.5,415.43868728429646
-73.5,-167.5,415.43983144917104
-73.5,-166.5,415.43999385127967
-73.5,-165.5,415.44673157615085
-73.5,-164.5,415.4408948362139
-73.5,-163.5,415.4419423663742
-73.5,-162.5,415.4494894676669
-73.5,-161.5,415.4434950496797
-73.5,-160.5,415.4444958983116
-73.5,-159.5,415.4454413228647
-73.5,-158.5,415.4535674773225
-73.5,-157.5,415.44662588145496
-73.5,-156.5,415.45563483792455
-73.5,-155.5,415.4567992895832
-73.5,-154.5,415.4478741806093
-73.5,-153.5,415.457793631335
-73.5,-152.5,415.4590939345158
-73.5,-151.5,415.44974414911474
-73.5,-150.5,415.4494181369154
-73.5,-149.5,415.4503647427544
-73.5,-148.5,415.4505129171153
-73.5,-147.5,415.45062816081247
-73.5,-146.5,415.4500922524804
-73.5,-145.5,415.4613367400405
-73.5,-144.5,415.45021179395246
-73.5,-143.5,415.46137905846535
-73.5,-142.5,415.45047992413487
-73.5,-141.5,415.4617745663492
-73.5,-140.5,415.4617647932694
-73.5,-139.5,415.45070685186414
-73.5,-138.5,415.4619853632927
-73.5,-137.5,415.4488822110688
-73.5,-136.5,415.4628943925417
-73.5,-135.5,415.46336748243226
-73.5,-134.5,415.4506311213325
-73.5,-133.5,415.45147115471167
-73.5,-132.5,415.4660765636449
-73.5,-131.5,415.4680410997845
-73.5,-130.5,415.4555856576528
-73.5,-129.5,415.4712675307629
-73.5,-128.5,415.4171062941253
-73.5,-127.5,415.4179919464273
-73.5,-126.5,415.4188484635612
-73.5,-125.5,415.4689652091392
-73.5,-124.5,415.46862891889526
-73.5,-123.5,415.4524841026448
-73.5,-122.5,415.4347324323596
-73.5,-121.5,415.451631902754
-73.5,-120.5,415.4565864507645
-73.5,-119.5,415.472370051269
-73.5,-118.5,415.45669714231815
-73.5,-117.5,415.47401766052576
-73.5,-116.5,415.474137548178
-73.5,-115.5,415.4741921846427
-73.5,-114.5,415.4722459136589
-73.5,-113.5,415.4569973850119
-73.5,-112.5,415.4727956157597
-73.5,-111.5,415.46122099368097
-73.5,-110.5,415.4614105858503
-73.5,-109.5,415.4768741781949
-73.5,-108.5,415.4770296067312
-73.5,-107.5,415.4615570370452
-73.5,-106.5,415.4733671493371
-73.5,-105.5,415.4581924498461
-73.5,-104.5,415.4732263038778
-73.5,-103.5,415.4654473067857
-73.5,-102.5,415.4519885226865
-73.5,-101.5,415.4685317766469
-73.5,-100.5,415.45283710418266
-73.5,-99.5,415.4542497015256
-73.5,-98.5,415.4414615821671
-73.5,-97.5,415.37977352729865
-73.5,-96.5,415.3817456349676
-73.5,-95.5,415.38377563030167
-73.5,-94.5,415.3286911230591
-73.5,-93.5,415.3297849348956
-73.5,-92.5,415.4446112134951
-73.5,-91.5,415.4452920205061
-73.5,-90.5,415.4459409471756
-73.5,-89.5,415.40634837340446
-73.5,-88.5,415.3917216633199
-73.5,-87.5,415.4067192785488
-73.5,-86.5,415.4280739540488
-73.5,-85.5,415.4131866592693
-73.5,-84.5,415.4127659605808
-73.5,-83.5,415.49063980445766
-73.5,-82.5,415.4476541537701
-73.5,-81.5,415.43427745348913
-73.5,-80.5,415.4728884891486
-73.5,-79.5,415.486971275613
-73.5,-78.5,415.40590104916606
-73.5,-77.5,415.4914455846484
-73.5,-76.5,415.4924111277281
-73.5,-75.5,415.48108185354073
-73.5,-74.5,415.4773870299369
-73.5,-73.5,415.4917078064322
-73.5,-72.5,415.4818159079322
-73.5,-71.5,415.46590276636414
-73.5,-70.5,415.45815824677504
-73.5,-69.5,415.4738805686918
-73.5,-68.5,415.3778041161914
-73.5,-67.5,415.3696855879324
-73.5,-66.5,415.3863441268724
-73.5,-65.5,415.2227254870027
-73.5,-64.5,415.2614251643942
-73.5,-63.5,415.2603226551343
-73.5,-62.5,415.4436337050143
-73.5,-61.5,415.4396347734838
-73.5,-60.5,415.5070544193895
-73.5,-59.5,415.51222105052057
-73.5,-58.5,415.51294369323335
-73.5,-57.5,415.5062370117466
-73.5,-56.5,415.5173171197496
-73.5,-55.5,415.5197418721469
-73.5,-54.5,415.5290597846398
-73.5,-53.5,415.5243091760419
-73.5,-52.5,415.5327155970533
-73.5,-51.5,415.5346299017319
-73.5,-50.5,415.5360958873047
-73.5,-49.5,415.5315735045369
-73.5,-48.5,415.538210855371
-73.5,-47.5,415.53382309381806
-73.5,-46.5,415.53999199680936
-73.5,-45.5,415.5358547080555
-73.5,-44.5,415.5367389130694
-73.5,-43.5,415.5376122953544
-73.5,-42.5,415.5381787559536
-73.5,-41.5,415.5386799597418
-73.5,-40.5,415.5429411227387
-73.5,-39.5,415.5392979417665
-73.5,-38.5,415.5431437722346
-73.5,-37.5,415.54328935540497
-73.5,-36.5,415.5434011726701
-73.5,-35.5,415.5434339950632
-73.5,-34.5,415.5391143152511
-73.5,-33.5,415.5389930818116
-73.5,-32.5,415.5424753342556
-73.5,-31.5,415.5389193048873
-73.5,-30.5,415.5424376391833
-73.5,-29.5,415.53917651504446
-73.5,-28.5,415.5392197428128
-73.5,-27.5,415.5427207048233
-73.5,-26.5,415.5397173999745
-73.5,-25.5,415.54055101764607
-73.5,-24.5,415.5409759406498
-73.5,-23.5,415.5447486134496
-73.5,-22.5,415.5434206454965
-73.5,-21.5,415.5439967088554
-73.5,-20.5,415.5380863283293
-73.5,-19.5,415.5420957092175
-73.5,-18.5,415.5427864423516
-73.5,-17.5,415.51673692187967
-73.5,-16.5,415.51837965184455
-73.5,-15.5,415.5199844472346
-73.5,-14.5,415.4433283958488
-73.5,-13.5,415.4466361440454
-73.5,-12.5,415.4500665702699
-73.5,-11.5,415.4464308727629
-73.5,-10.5,415.3529174210383
-73.5,-9.5,415.35687816595134
-73.5,-8.5,415.313706345724
-73.5,-7.5,415.3163762297973
-73.5,-6.5,415.25423347851154
-73.5,-5.5,415.2467269439446
-73.5,-4.5,415.2469509057346
-73.5,-3.5,415.2475954889272
-73.5,-2.5,415.22999749360406
-73.5,-1.5,415.2293619969835
-73.5,-0.5,415.22879312399925
-73.5,0.5,415.1618624114157
-73.5,1.5,415.1627778191532
-73.5,2.5,415.1632341342866
-73.5,3.5,415.0603478284153
-73.5,4.5,415.0601186973321
-73.5,5.5,415.0600909398997
-73.5,6.5,415.0129805649688
-73.5,7.5,415.0112886840923
-73.5,8.5,415.0092369507608
-73.5,9.5,414.9712386097534
-73.5,10.5,414.9705987307555
-73.5,11.5,415.001937730322
-73.5,12.5,414.9528280524677
-73.5,13.5,414.95015783063417
-73.5,14.5,414.9474834388887
-73.5,15.5,414.97450372596
-73.5,16.5,414.97158820445134
-73.5,17.5,414.9686813121734
-73.5,18.5,415.0073311737382
-73.5,19.5,415.0050870782265
-73.5,20.5,415.0041352835784
-73.5,21.5,414.94338842274135
-73.5,22.5,414.9439208904347
-73.5,23.5,414.9568998550981
-73.5,24.5,414.95308050055513
-73.5,25.5,414.9515246626398
-73.5,26.5,415.042651570079
-73.5,27.5,415.0431633025963
-73.5,28.5,415.0382295756292
-73.5,29.5,415.0255706900413
-73.5,30.5,415.0281249969906
-73.5,31.5,415.0243605743021
-73.5,32.5,415.040164080346
-73.5,33.5,415.0412243431725
-73.5,34.5,415.04232715194325
-73.5,35.5,414.9727352187748
-73.5,36.5,414.9736636903792
-73.5,37.5,414.97869935286246
-73.5,38.5,414.9790697364714
-73.5,39.5,414.9794081640634
-73.5,40.5,414.9410942122332
-73.5,41.5,414.9410885093274
-73.5,42.5,414.9377783537859
-73.5,43.5,414.967609623266
-73.5,44.5,414.97106665365874
-73.5,45.5,414.9712422921044
-73.5,46.5,414.9440078185911
-73.5,47.5,414.9438588481488
-73.5,48.5,414.94079564266383
-73.5,49.5,414.9433456755732
-73.5,50.5,414.9393366337441
-73.5,51.5,414.9776604514395
-73.5,52.5,414.97846247109214
-73.5,53.5,414.9740321932659
-73.5,54.5,415.0356990637192
-73.5,55.5,415.0354578800296
-73.5,56.5,415.0325934863156
-73.5,57.5,415.1174879374548
-73.5,58.5,415.1109462546218
-73.5,59.5,415.1071703041452
-73.5,60.5,415.1780535486112
-73.5,61.5,415.2119463247951
-73.5,62.5,415.2112284867316
-73.5,63.5,415.3118854539922
-73.5,64.5,415.303698801418
-73.5,65.5,415.3236364089046
-73.5,66.5,415.42364144743686
-73.5,67.5,415.4190834301504
-73.5,68.5,415.4180708591838
-73.5,69.5,415.3015586608248
-73.5,70.5,415.3046756473415
-73.5,71.5,415.31082369641433
-73.5,72.5,415.204846490758
-73.5,73.5,415.2087136813501
-73.5,74.5,415.2125991119802
-73.5,75.5,415.07094896565593
-73.5,76.5,415.07116127922575
-73.5,77.5,415.0741553661819
-73.5,78.5,415.00843091459865
-73.5,79.5,415.00361509063634
-73.5,80.5,415.0017915132349
-73.5,81.5,414.95572925759166
-73.5,82.5,414.9557971510843
-73.5,83.5,414.9592808768618
-73.5,84.5,414.9123487803003
-73.5,85.5,414.9084805186986
-73.5,86.5,414.9079027808404
-73.5,87.5,414.876852167149
-73.5,88.5,414.8762419118484
-73.5,89.5,414.8753980839705
-73.5,90.5,414.8500705590421
-73.5,91.5,414.8490938014351
-73.5,92.5,414.8438547842308
-73.5,93.5,414.8234571080496
-73.5,94.5,414.81747390035287
-73.5,95.5,414.84369236192464
-73.5,96.5,414.8417634987202
-73.5,97.5,414.8351318185874
-73.5,98.5,414.8732717147892
-73.5,99.5,414.8711076391708
-73.5,100.5,414.8641008446588
-73.5,101.5,414.87832385937753
-73.5,102.5,414.8758849764429
-73.5,103.5,414.8787576649744
-73.5,104.5,414.9245920068674
-73.5,105.5,414.9223758435538
-73.5,106.5,414.9145615446063
-73.5,107.5,414.9189880161075
-73.5,108.5,414.9170421041286
-73.5,109.5,414.9328917335886
-73.5,110.5,414.9251273920623
-73.5,111.5,414.9299825315712
-73.5,112.5,414.90570221565
-73.5,113.5,414.9042988124969
-73.5,114.5,414.9028642803144
-73.5,115.5,414.8985005642522
-73.5,116.5,414.8972868739375
-73.5,117.5,414.90309902325214
-73.5,118.5,414.88464783334734
-73.5,119.5,414.8837549186452
-73.5,120.5,414.8754651367872
-73.5,121.5,414.8676534731797
-73.5,122.5,414.8668032371275
-73.5,123.5,414.8692852681237
-73.5,124.5,414.8607267894466
-73.5,125.5,414.8679404446685
-73.5,126.5,414.8583037512727
-73.5,127.5,414.8576961454879
-73.5,128.5,414.86475834510577
-73.5,129.5,414.8790865392709
-73.5,130.5,414.87768517867823
-73.5,131.5,414.87625909201546
-73.5,132.5,414.90127021345984
-73.5,133.5,414.9105623574088
-73.5,134.5,414.9090868887688
-73.5,135.5,414.9455837339239
-73.5,136.5,414.9358121333237
-73.5,137.5,414.9502970835896
-73.5,138.5,414.9684270990328
-73.5,139.5,414.96738754009255
-73.5,140.5,414.96632106906577
-73.5,141.5,415.0062549021528
-73.5,142.5,414.99727702555816
-73.5,143.5,414.9964759693551
-73.5,144.5,415.0220433177839
-73.5,145.5,415.0214112142606
-73.5,146.5,415.01291015773137
-73.5,147.5,415.02861462180505
-73.5,148.5,415.0282181707911
-73.5,149.5,415.0278006516049
-73.5,150.5,415.01318447739465
-73.5,151.5,415.03866470539066
-73.5,152.5,415.03859326723455
-73.5,153.5,415.04135920771375
-73.5,154.5,415.0411294447173
-73.5,155.5,415.0385723345922
-73.5,156.5,415.0615015787161
-73.5,157.5,415.0613704375556
-73.5,158.5,415.0534430101061
-73.5,159.5,415.0507134735742
-73.5,160.5,415.0488471372341
-73.5,161.5,415.0469455893045
-73.5,162.5,415.1556522854519
-73.5,163.5,415.1520141562647
-73.5,164.5,415.1401419391232
-73.5,165.5,415.41961061460125
-73.5,166.5,415.4161459149057
-73.5,167.5,415.41735901187656
-73.5,168.5,415.41592487541806
-73.5,169.5,415.4208971819292
-73.5,170.5,415.4175721740711
-73.5,171.5,415.4172186870034
-73.5,172.5,415.4106646146036
-73.5,173.5,415.42034763779
-73.5,174.5,415.4268514996172
-73.5,175.5,415.4273541016274
-73.5,176.5,415.4269993954495
-73.5,177.5,415.42269602724025
-73.5,178.5,415.42931960125446
-73.5,179.5,415.4292915608953
-72.5,-179.5,415.4449137936315
-72.5,-178.5,415.4454821882083
-72.5,-177.5,415.4470835394778
-72.5,-176.5,415.44296628596953
-72.5,-175.5,415.44942328204536
-72.5,-174.5,415.45090981239485
-72.5,-173.5,415.4518507637373
-72.5,-172.5,415.4534076725306
-72.5,-171.5,415.45479440491965
-72.5,-170.5,415.4552695457703
-72.5,-169.5,415.4513474053269
-72.5,-168.5,415.4525304878708
-72.5,-167.5,415.4586636008205
-72.5,-166.5,415.4543367228664
-72.5,-165.5,415.4606183525275
-72.5,-164.5,415.4622312494185
-72.5,-163.5,415.4569345665335
-72.5,-162.5,415.46457989426005
-72.5,-161.5,415.4584996419154
-72.5,-160.5,415.4679326615045
-72.5,-159.5,415.4703010975481
-72.5,-158.5,415.4622624052533
-72.5,-157.5,415.4622618482805
-72.5,-156.5,415.475100609158
-72.5,-155.5,415.4644588780135
-72.5,-154.5,415.46497811452286
-72.5,-153.5,415.4786345846403
-72.5,-152.5,415.4796133397375
-72.5,-151.5,415.4803451942446
-72.5,-150.5,415.4808754033147
-72.5,-149.5,415.48157235155617
-72.5,-148.5,415.48173344047103
-72.5,-147.5,415.4818420604765
-72.5,-146.5,415.4820238246666
-72.5,-145.5,415.4664622873131
-72.5,-144.5,415.4816525210573
-72.5,-143.5,415.4815975063789
-72.5,-142.5,415.4815338805733
-72.5,-141.5,415.481715306106
-72.5,-140.5,415.4667285041041
-72.5,-139.5,415.4815534013688
-72.5,-138.5,415.4661243637368
-72.5,-137.5,415.465895553312
-72.5,-136.5,415.4800003018778
-72.5,-135.5,415.4795406969727
-72.5,-134.5,415.46492442458526
-72.5,-133.5,415.4793794673105
-72.5,-132.5,415.4651611001268
-72.5,-131.5,415.4654104267956
-72.5,-130.5,415.48005156740703
-72.5,-129.5,415.4818998041512
-72.5,-128.5,415.46721802929824
-72.5,-127.5,415.4655980132465
-72.5,-126.5,415.4656796164946
-72.5,-125.5,415.46562157151743
-72.5,-124.5,415.4818100998651
-72.5,-123.5,415.48164556241295
-72.5,-122.5,415.466033149174
-72.5,-121.5,415.4822829458522
-72.5,-120.5,415.4823954965554
-72.5,-119.5,415.4668260162914
-72.5,-118.5,415.4818221171133
-72.5,-117.5,415.48168338779607
-72.5,-116.5,415.4667122101689
-72.5,-115.5,415.4666137515495
-72.5,-114.5,415.4808479144095
-72.5,-113.5,415.4661718222991
-72.5,-112.5,415.4800860246659
-72.5,-111.5,415.4655534115397
-72.5,-110.5,415.47961036399096
-72.5,-109.5,415.4793856921969
-72.5,-108.5,415.4783750121478
-72.5,-107.5,415.4782047694183
-72.5,-106.5,415.4638381281312
-72.5,-105.5,415.47807504592544
-72.5,-104.5,415.4779429119207
-72.5,-103.5,415.4753401678304
-72.5,-102.5,415.4750985367607
-72.5,-101.5,415.4728597149288
-72.5,-100.5,415.47292927875
-72.5,-99.5,415.4595021516248
-72.5,-98.5,415.4714585909932
-72.5,-97.5,415.4718658228121
-72.5,-96.5,415.4722367231852
-72.5,-95.5,415.4610413793658
-72.5,-94.5,415.4611695232829
-72.5,-93.5,415.4620197862084
-72.5,-92.5,415.4625522920603
-72.5,-91.5,415.463125937333
-72.5,-90.5,415.4769666996039
-72.5,-89.5,415.47744421631216
-72.5,-88.5,415.4778017702472
-72.5,-87.5,415.4667797248513
-72.5,-86.5,415.480941481552
-72.5,-85.5,415.4791168162594
-72.5,-84.5,415.4691269523991
-72.5,-83.5,415.4834358302791
-72.5,-82.5,415.4848836702259
-72.5,-81.5,415.4731191341106
-72.5,-80.5,415.4871206667689
-72.5,-79.5,415.4873230808138
-72.5,-78.5,415.4759520083535
-72.5,-77.5,415.48947142458513
-72.5,-76.5,415.48672378616345
-72.5,-75.5,415.4878482560984
-72.5,-74.5,415.4890816717437
-72.5,-73.5,415.49259774807047
-72.5,-72.5,415.4827246961436
-72.5,-71.5,415.4971627712803
-72.5,-70.5,415.49931796430207
-72.5,-69.5,415.4798160640728
-72.5,-68.5,415.4963321698631
-72.5,-67.5,415.5008339406307
-72.5,-66.5,415.3616074220836
-72.5,-65.5,415.3793766731607
-72.5,-64.5,415.3714327287501
-72.5,-63.5,415.3615858788461
-72.5,-62.5,415.37049521082247
-72.5,-61.5,415.3552916016187
-72.5,-60.5,415.51855510479766
-72.5,-59.5,415.5095817539752
-72.5,-58.5,415.5233720882309
-72.5,-57.5,415.5187628891041
-72.5,-56.5,415.5284991463605
-72.5,-55.5,415.5311534554457
-72.5,-54.5,415.5334233201963
-72.5,-53.5,415.52959691215926
-72.5,-52.5,415.53676584743096
-72.5,-51.5,415.53839614373226
-72.5,-50.5,415.5346989070956
-72.5,-49.5,415.5406663478764
-72.5,-48.5,415.5371596062064
-72.5,-47.5,415.5434075910535
-72.5,-46.5,415.5445028593222
-72.5,-45.5,415.5456207062614
-72.5,-44.5,415.5423798596719
-72.5,-43.5,415.5433461343792
-72.5,-42.5,415.5442963099419
-72.5,-41.5,415.5445731127257
-72.5,-40.5,415.5482030209258
-72.5,-39.5,415.5453187213873
-72.5,-38.5,415.5454129384488
-72.5,-37.5,415.545471761756
-72.5,-36.5,415.5447911114843
-72.5,-35.5,415.5473550129573
-72.5,-34.5,415.54708422705335
-72.5,-33.5,415.5441254889669
-72.5,-32.5,415.5439476382514
-72.5,-31.5,415.5462014436429
-72.5,-30.5,415.5437640514723
-72.5,-29.5,415.54639163414345
-72.5,-28.5,415.546500051623
-72.5,-27.5,415.5466514049861
-72.5,-26.5,415.5448578291177
-72.5,-25.5,415.5451225726189
-72.5,-24.5,415.5476346584164
-72.5,-23.5,415.5456717761724
-72.5,-22.5,415.54588574741126
-72.5,-21.5,415.5457873349645
-72.5,-20.5,415.5462294767602
-72.5,-19.5,415.54667536891833
-72.5,-18.5,415.5430034065004
-72.5,-17.5,415.54591046431335
-72.5,-16.5,415.5446783370031
-72.5,-15.5,415.5489047635361
-72.5,-14.5,415.5483375133975
-72.5,-13.5,415.5331337957178
-72.5,-12.5,415.54190117083175
-72.5,-11.5,415.544510943675
-72.5,-10.5,415.4331301362493
-72.5,-9.5,415.43680787033855
-72.5,-8.5,415.43995155838905
-72.5,-7.5,415.3109995005116
-72.5,-6.5,415.31141268722513
-72.5,-5.5,415.31148975374737
-72.5,-4.5,415.3515576729078
-72.5,-3.5,415.3501613308648
-72.5,-2.5,415.3485253050866
-72.5,-1.5,415.3065489662403
-72.5,-0.5,415.3077607712742
-72.5,0.5,415.3087657390148
-72.5,1.5,415.3104349577909
-72.5,2.5,415.1439901820338
-72.5,3.5,415.1452958109488
-72.5,4.5,415.1464084243462
-72.5,5.5,415.05911259583047
-72.5,6.5,415.0576625920043
-72.5,7.5,415.0568032378092
-72.5,8.5,415.107908890831
-72.5,9.5,415.1055911538029
-72.5,10.5,415.1036400254806
-72.5,11.5,415.09021885729857
-72.5,12.5,415.0876688158438
-72.5,13.5,415.00136606755655
-72.5,14.5,415.1770352274892
-72.5,15.5,415.1737151042266
-72.5,16.5,415.0671508440549
-72.5,17.5,415.063176653188
-72.5,18.5,415.0602880035352
-72.5,19.5,415.1689809086696
-72.5,20.5,415.166223323788
-72.5,21.5,415.1635520103768
-72.5,22.5,415.243334900146
-72.5,23.5,415.2430409516064
-72.5,24.5,415.0197272995428
-72.5,25.5,415.020050665397
-72.5,26.5,415.0189279213441
-72.5,27.5,415.19575613439787
-72.5,28.5,415.1946310916071
-72.5,29.5,415.193594491916
-72.5,30.5,415.2345774147079
-72.5,31.5,415.23380636958666
-72.5,32.5,415.129238299444
-72.5,33.5,415.12859639567824
-72.5,34.5,415.1325448268404
-72.5,35.5,415.1203825179787
-72.5,36.5,415.1243871716808
-72.5,37.5,415.0508176367631
-72.5,38.5,415.0512539492511
-72.5,39.5,415.0516980158639
-72.5,40.5,415.0943695230766
-72.5,41.5,415.0948385080931
-72.5,42.5,415.0362381531692
-72.5,43.5,415.0369496023391
-72.5,44.5,415.0354578205156
-72.5,45.5,414.98906318346894
-72.5,46.5,414.9896470225431
-72.5,47.5,414.99239908818
-72.5,48.5,414.99576429106224
-72.5,49.5,414.9983343586037
-72.5,50.5,414.9730129414189
-72.5,51.5,414.97411792034114
-72.5,52.5,414.9731212338341
-72.5,53.5,415.0091530189754
-72.5,54.5,415.0088322718056
-72.5,55.5,415.0042373997325
-72.5,56.5,415.0288107576301
-72.5,57.5,415.0258742181821
-72.5,58.5,415.0662191097799
-72.5,59.5,415.1179673496785
-72.5,60.5,415.1139205758385
-72.5,61.5,415.22970792387787
-72.5,62.5,415.22455651538166
-72.5,63.5,415.2225684924608
-72.5,64.5,415.3787780950588
-72.5,65.5,415.37724804635934
-72.5,66.5,415.3723554517076
-72.5,67.5,415.4267109981856
-72.5,68.5,415.43066728417546
-72.5,69.5,415.4311278235904
-72.5,70.5,415.3040278569934
-72.5,71.5,415.3116887544559
-72.5,72.5,415.3131198391857
-72.5,73.5,415.3205576566736
-72.5,74.5,415.1893293094906
-72.5,75.5,415.1938275988829
-72.5,76.5,415.1957679961581
-72.5,77.5,415.0748015814261
-72.5,78.5,415.0748485360649
-72.5,79.5,415.0776430835188
-72.5,80.5,415.0072055689605
-72.5,81.5,415.01102516106687
-72.5,82.5,415.0090522843366
-72.5,83.5,414.9690509170191
-72.5,84.5,414.9689745488571
-72.5,85.5,414.9273744117714
-72.5,86.5,414.9487047334532
-72.5,87.5,414.9449565338986
-72.5,88.5,414.89884243428384
-72.5,89.5,414.8980359317428
-72.5,90.5,414.8972294636064
-72.5,91.5,414.8823582053515
-72.5,92.5,414.88128041825
-72.5,93.5,414.8840993956081
-72.5,94.5,414.89122512551216
-72.5,95.5,414.885641775234
-72.5,96.5,414.8724939503663
-72.5,97.5,414.87471743697057
-72.5,98.5,414.8727358595893
-72.5,99.5,414.9060220772153
-72.5,100.5,414.8995502328959
-72.5,101.5,414.901776995508
-72.5,102.5,414.9422216057592
-72.5,103.5,414.9401081436212
-72.5,104.5,414.95729738672674
-72.5,105.5,414.950288485146
-72.5,106.5,414.95281978886425
-72.5,107.5,414.9748717161596
-72.5,108.5,414.9729195417321
-72.5,109.5,414.9639798788924
-72.5,110.5,414.9626283076872
-72.5,111.5,414.9612058616858
-72.5,112.5,414.96405811811536
-72.5,113.5,414.96267164631627
-72.5,114.5,414.93925139554347
-72.5,115.5,414.9439156597539
-72.5,116.5,414.9425846122553
-72.5,117.5,414.9174952553743
-72.5,118.5,414.9165509282325
-72.5,119.5,414.9156467321246
-72.5,120.5,414.921201362918
-72.5,121.5,414.9207608091301
-72.5,122.5,414.8881907280968
-72.5,123.5,414.8878810844333
-72.5,124.5,414.8944123930992
-72.5,125.5,414.8813714395401
-72.5,126.5,414.8736950474559
-72.5,127.5,414.873012608586
-72.5,128.5,414.8825565412173
-72.5,129.5,414.88178900507074
-72.5,130.5,414.8710699712004
-72.5,131.5,414.9006437619988
-72.5,132.5,414.8992894177321
-72.5,133.5,414.9431294917391
-72.5,134.5,414.9414892716258
-72.5,135.5,414.9322753798793
-72.5,136.5,414.98700729322366
-72.5,137.5,414.9857198393786
-72.5,138.5,414.9844103325876
-72.5,139.5,415.0164908080752
-72.5,140.5,415.0078851842445
-72.5,141.5,415.0069083040548
-72.5,142.5,415.04088684999147
-72.5,143.5,415.03253433897737
-72.5,144.5,415.0393130829625
-72.5,145.5,415.03848154638337
-72.5,146.5,415.056470674496
-72.5,147.5,415.0557932580566
-72.5,148.5,415.05506727539006
-72.5,149.5,415.063343737688
-72.5,150.5,415.0630457361521
-72.5,151.5,415.070128379519
-72.5,152.5,415.068370066773
-72.5,153.5,415.0689707311537
-72.5,154.5,415.0619731548968
-72.5,155.5,415.0650548393317
-72.5,156.5,415.0581386571368
-72.5,157.5,415.04074638200615
-72.5,158.5,415.07072833818506
-72.5,159.5,415.0613670151222
-72.5,160.5,415.1313271882649
-72.5,161.5,415.1294295006649
-72.5,162.5,415.1275254680504
-72.5,163.5,415.1457558063391
-72.5,164.5,415.1447821488424
-72.5,165.5,415.1521515778624
-72.5,166.5,415.1786312822182
-72.5,167.5,415.18445740526295
-72.5,168.5,415.4203436451749
-72.5,169.5,415.4173051997055
-72.5,170.5,415.41414923325226
-72.5,171.5,415.4275667331588
-72.5,172.5,415.4329004441783
-72.5,173.5,415.43205202033903
-72.5,174.5,415.4375798689325
-72.5,175.5,415.4386989120208
-72.5,176.5,415.433574090034
-72.5,177.5,415.44081587028137
-72.5,178.5,415.4367369900786
-72.5,179.5,415.44319850723593
-71.5,-179.5,415.4552521765902
-71.5,-178.5,415.4623833930394
-71.5,-177.5,415.4639263179337
-71.5,-176.5,415.4655093968014
-71.5,-175.5,415.4661899191864
-71.5,-174.5,415.46130844666135
-71.5,-173.5,415.4623637901507
-71.5,-172.5,415.4640086251362
-71.5,-171.5,415.47178364142354
-71.5,-170.5,415.4666934414594
-71.5,-169.5,415.4745521620377
-71.5,-168.5,415.4694651365289
-71.5,-167.5,415.4774540135208
-71.5,-166.5,415.4790893085384
-71.5,-165.5,415.4730030858328
-71.5,-164.5,415.47427776374
-71.5,-163.5,415.48393172323017
-71.5,-162.5,415.47708132935946
-71.5,-161.5,415.4775158787062
-71.5,-160.5,415.4795561144725
-71.5,-159.5,415.4921945190947
-71.5,-158.5,415.4941674715235
-71.5,-157.5,415.4958962194228
-71.5,-156.5,415.49765013525473
-71.5,-155.5,415.4988741844136
-71.5,-154.5,415.48484386774766
-71.5,-153.5,415.50131519073454
-71.5,-152.5,415.5018228361469
-71.5,-151.5,415.5026969585258
-71.5,-150.5,415.4866711700234
-71.5,-149.5,415.5048888127312
-71.5,-148.5,415.4867940783517
-71.5,-147.5,415.5050530431018
-71.5,-146.5,415.5049594425323
-71.5,-145.5,415.5031203275937
-71.5,-144.5,415.50386839344384
-71.5,-143.5,415.5033280042968
-71.5,-142.5,415.50177160007127
-71.5,-141.5,415.4850241789991
-71.5,-140.5,415.4845845804176
-71.5,-139.5,415.50040663392485
-71.5,-138.5,415.483517946483
-71.5,-137.5,415.4823101832545
-71.5,-136.5,415.4982255978575
-71.5,-135.5,415.4815224633886
-71.5,-134.5,415.4968777507241
-71.5,-133.5,415.4964883051446
-71.5,-132.5,415.4959768194004
-71.5,-131.5,415.49573576825145
-71.5,-130.5,415.4955815872296
-71.5,-129.5,415.4952688955545
-71.5,-128.5,415.48032712711097
-71.5,-127.5,415.4949459531171
-71.5,-126.5,415.4925964004015
-71.5,-125.5,415.4934774491176
-71.5,-124.5,415.4923363666164
-71.5,-123.5,415.4923617764004
-71.5,-122.5,415.4779142110359
-71.5,-121.5,415.47833538538384
-71.5,-120.5,415.4785238579781
-71.5,-119.5,415.49248489632765
-71.5,-118.5,415.4924202415507
-71.5,-117.5,415.4919426008942
-71.5,-116.5,415.4776245746893
-71.5,-115.5,415.49053671818206
-71.5,-114.5,415.4897734950088
-71.5,-113.5,415.4751019244269
-71.5,-112.5,415.4743282053416
-71.5,-111.5,415.4727196621492
-71.5,-110.5,415.4721805550887
-71.5,-109.5,415.4845962913393
-71.5,-108.5,415.48398798099146
-71.5,-107.5,415.4706520701175
-71.5,-106.5,415.48346932368224
-71.5,-105.5,415.4834133207844
-71.5,-104.5,415.46988637467126
-71.5,-103.5,415.46949449013175
-71.5,-102.5,415.4822632022326
-71.5,-101.5,415.4658065013165
-71.5,-100.5,415.4656786988388
-71.5,-99.5,415.47801882331567
-71.5,-98.5,415.479452233098
-71.5,-97.5,415.4671177009996
-71.5,-96.5,415.4794881534353
-71.5,-95.5,415.46740240372185
-71.5,-94.5,415.4673690959853
-71.5,-93.5,415.4800793584794
-71.5,-92.5,415.4679740356705
-71.5,-91.5,415.46821800261023
-71.5,-90.5,415.4811102344544
-71.5,-89.5,415.48107841757394
-71.5,-88.5,415.4824004175032
-71.5,-87.5,415.4830548120448
-71.5,-86.5,415.4842320892475
-71.5,-85.5,415.4853197537263
-71.5,-84.5,415.4863748963015
-71.5,-83.5,415.4751920112245
-71.5,-82.5,415.4886156606415
-71.5,-81.5,415.489618043468
-71.5,-80.5,415.4782576429512
-71.5,-79.5,415.49120209030593
-71.5,-78.5,415.4804259989135
-71.5,-77.5,415.4926631550087
-71.5,-76.5,415.4936790093769
-71.5,-75.5,415.4961756458397
-71.5,-74.5,415.4978821238344
-71.5,-73.5,415.4916988810894
-71.5,-72.5,415.469217304468
-71.5,-71.5,415.4831787404874
-71.5,-70.5,415.44549055274433
-71.5,-69.5,415.4597806676204
-71.5,-68.5,415.4758710973628
-71.5,-67.5,415.498061386355
-71.5,-66.5,415.3734821489194
-71.5,-65.5,415.31628419860766
-71.5,-64.5,415.3178921420186
-71.5,-63.5,415.3060847651914
-71.5,-62.5,415.4984631743259
-71.5,-61.5,415.4954682400602
-71.5,-60.5,415.4923577390962
-71.5,-59.5,415.5153220818337
-71.5,-58.5,415.5255442355594
-71.5,-57.5,415.5195312663874
-71.5,-56.5,415.5341326412303
-71.5,-55.5,415.5365350209291
-71.5,-54.5,415.532776571287
-71.5,-53.5,415.534854069816
-71.5,-52.5,415.53677116382994
-71.5,-51.5,415.53864343188656
-71.5,-50.5,415.5404940967356
-71.5,-49.5,415.5467215249694
-71.5,-48.5,415.5483165004804
-71.5,-47.5,415.5499408053725
-71.5,-46.5,415.5516982740892
-71.5,-45.5,415.5493102386641
-71.5,-44.5,415.55056813893214
-71.5,-43.5,415.551662457462
-71.5,-42.5,415.5527264817765
-71.5,-41.5,415.55677691271154
-71.5,-40.5,415.5572090292318
-71.5,-39.5,415.5540087768821
-71.5,-38.5,415.5540553794429
-71.5,-37.5,415.5540602842424
-71.5,-36.5,415.5539974200329
-71.5,-35.5,415.55368576324565
-71.5,-34.5,415.5551774569218
-71.5,-33.5,415.55250513947726
-71.5,-32.5,415.552176675615
-71.5,-31.5,415.5540065656929
-71.5,-30.5,415.5536479841146
-71.5,-29.5,415.5514941794014
-71.5,-28.5,415.5530738707622
-71.5,-27.5,415.5529278477606
-71.5,-26.5,415.5530309726823
-71.5,-25.5,415.55282763992375
-71.5,-24.5,415.5530366552365
-71.5,-23.5,415.5530150177324
-71.5,-22.5,415.5529632531121
-71.5,-21.5,415.55160706673
-71.5,-20.5,415.5532536869181
-71.5,-19.5,415.5533523565118
-71.5,-18.5,415.5536584356109
-71.5,-17.5,415.5535718908129
-71.5,-16.5,415.5531507339006
-71.5,-15.5,415.5547861356578
-71.5,-14.5,415.552080346097
-71.5,-13.5,415.5524113715568
-71.5,-12.5,415.5544863960616
-71.5,-11.5,415.5124524447801
-71.5,-10.5,415.5134629551495
-71.5,-9.5,415.5156719405129
-71.5,-8.5,415.4790302996028
-71.5,-7.5,415.4800726157355
-71.5,-6.5,415.48073813367705
-71.5,-5.5,415.5415678331579
-71.5,-4.5,415.4219085104453
-71.5,-3.5,415.54306511151816
-71.5,-2.5,415.54148919082365
-71.5,-1.5,415.4767398481588
-71.5,-0.5,415.543238592851
-71.5,0.5,415.54326880741166
-71.5,1.5,415.38900220776327
-71.5,2.5,415.48373429631727
-71.5,3.5,415.4842675817308
-71.5,4.5,415.3070895176644
-71.5,5.5,415.4556905225704
-71.5,6.5,415.31932154934566
-71.5,7.5,415.31797593445873
-71.5,8.5,415.3167522624503
-71.5,9.5,415.28840517106687
-71.5,10.5,415.2864770017244
-71.5,11.5,415.28496726091583
-71.5,12.5,415.3173840389964
-71.5,13.5,415.31509117189694
-71.5,14.5,415.3125603167224
-71.5,15.5,415.33462094107466
-71.5,16.5,415.331817906225
-71.5,17.5,415.2371705262216
-71.5,18.5,415.416841313943
-71.5,19.5,415.3464591978701
-71.5,20.5,415.3442135830764
-71.5,21.5,415.3415619669637
-71.5,22.5,415.3990920084077
-71.5,23.5,415.3980700735814
-71.5,24.5,415.39654608341147
-71.5,25.5,415.4622830863318
-71.5,26.5,415.4619805991575
-71.5,27.5,415.329041818728
-71.5,28.5,415.3299864748524
-71.5,29.5,415.3301061788157
-71.5,30.5,415.3214871216992
-71.5,31.5,415.3223300988799
-71.5,32.5,415.2322900469426
-71.5,33.5,415.2353574895498
-71.5,34.5,415.2372512647384
-71.5,35.5,415.229866703042
-71.5,36.5,415.2312979434086
-71.5,37.5,415.1413783830661
-71.5,38.5,415.1421855456754
-71.5,39.5,415.144654947378
-71.5,40.5,415.18938962816367
-71.5,41.5,415.189446083971
-71.5,42.5,415.1033133020902
-71.5,43.5,415.1065295694091
-71.5,44.5,415.1081941596266
-71.5,45.5,415.0969242853768
-71.5,46.5,415.0988400315141
-71.5,47.5,415.0417214424516
-71.5,48.5,415.0444747482015
-71.5,49.5,415.043970334792
-71.5,50.5,414.99345105255327
-71.5,51.5,414.9952787555934
-71.5,52.5,414.9934056499864
-71.5,53.5,415.00633691129946
-71.5,54.5,414.9907864623439
-71.5,55.5,415.0057299725062
-71.5,56.5,415.0038257128346
-71.5,57.5,415.07390409826826
-71.5,58.5,415.0682286011494
-71.5,59.5,415.06466659346665
-71.5,60.5,415.1612932812516
-71.5,61.5,415.1566808952973
-71.5,62.5,415.1547650631468
-71.5,63.5,415.2712111774648
-71.5,64.5,415.2646027089003
-71.5,65.5,415.2609592272578
-71.5,66.5,415.3165893581743
-71.5,67.5,415.4477870083167
-71.5,68.5,415.4712334624961
-71.5,69.5,415.4691848003392
-71.5,70.5,415.4496878890417
-71.5,71.5,415.4184771467132
-71.5,72.5,415.4195017296983
-71.5,73.5,415.29044840565774
-71.5,74.5,415.2559573685461
-71.5,75.5,415.2585831115388
-71.5,76.5,415.1764530880921
-71.5,77.5,415.1654703507236
-71.5,78.5,415.0737967584965
-71.5,79.5,415.0790648558535
-71.5,80.5,415.0815891635636
-71.5,81.5,415.0193621284779
-71.5,82.5,415.0201932956644
-71.5,83.5,415.0210449878592
-71.5,84.5,414.9949933986964
-71.5,85.5,414.9919217722824
-71.5,86.5,414.994893013834
-71.5,87.5,414.9819260795053
-71.5,88.5,414.9847200266266
-71.5,89.5,414.93951252464353
-71.5,90.5,414.9757745997798
-71.5,91.5,414.9281479121803
-71.5,92.5,414.9271380231767
-71.5,93.5,414.929798199772
-71.5,94.5,414.9398045740558
-71.5,95.5,414.9344471470354
-71.5,96.5,414.9327847638396
-71.5,97.5,414.9711918415474
-71.5,98.5,414.969293463388
-71.5,99.5,414.9485148661743
-71.5,100.5,414.9505083202263
-71.5,101.5,414.94863177002935
-71.5,102.5,414.9781140569492
-71.5,103.5,414.9764974405164
-71.5,104.5,414.9754073470051
-71.5,105.5,414.96903245142767
-71.5,106.5,414.9667552308662
-71.5,107.5,414.9963307376817
-71.5,108.5,414.9987399896788
-71.5,109.5,414.99198097854526
-71.5,110.5,414.9855908973043
-71.5,111.5,414.9838745041335
-71.5,112.5,414.9988602404877
-71.5,113.5,415.002256054811
-71.5,114.5,414.9793750215284
-71.5,115.5,414.9831700203546
-71.5,116.5,414.9817166276602
-71.5,117.5,414.9970647788368
-71.5,118.5,415.0017431853917
-71.5,119.5,414.9726800333427
-71.5,120.5,414.97246424154827
-71.5,121.5,414.966386840991
-71.5,122.5,414.930709793097
-71.5,123.5,414.9368001956148
-71.5,124.5,414.9308158608332
-71.5,125.5,414.9394255894427
-71.5,126.5,414.8986073150424
-71.5,127.5,414.92481273453865
-71.5,128.5,414.9243692889018
-71.5,129.5,414.9219909904336
-71.5,130.5,414.9210144884658
-71.5,131.5,414.92001311937753
-71.5,132.5,414.9475183803655
-71.5,133.5,414.94614148722445
-71.5,134.5,414.9446888407134
-71.5,135.5,414.9837882155201
-71.5,136.5,414.9823032952425
-71.5,137.5,414.98766473283
-71.5,138.5,415.0142916822256
-71.5,139.5,415.02162393090754
-71.5,140.5,415.06332602771215
-71.5,141.5,415.0547781749979
-71.5,142.5,415.0586830349111
-71.5,143.5,415.090491880028
-71.5,144.5,415.0958597800337
-71.5,145.5,415.0773222662638
-71.5,146.5,415.1173922892225
-71.5,147.5,415.10959849061663
-71.5,148.5,415.0966410573196
-71.5,149.5,415.13478207090327
-71.5,150.5,415.0952652258096
-71.5,151.5,415.0953382075822
-71.5,152.5,415.1024661891792
-71.5,153.5,415.1053983697529
-71.5,154.5,415.0994284579675
-71.5,155.5,415.10051407627367
-71.5,156.5,415.095742353816
-71.5,157.5,415.0955590241439
-71.5,158.5,415.0879199013044
-71.5,159.5,415.2027545144548
-71.5,160.5,415.198868969292
-71.5,161.5,415.2688155376224
-71.5,162.5,415.4076574867535
-71.5,163.5,415.2603285955529
-71.5,164.5,415.260944762588
-71.5,165.5,415.2691532097306
-71.5,166.5,415.3199473630559
-71.5,167.5,415.31108911353056
-71.5,168.5,415.3169534834725
-71.5,169.5,415.4403024420959
-71.5,170.5,415.43955150812695
-71.5,171.5,415.45036029617
-71.5,172.5,415.4442119827619
-71.5,173.5,415.44413961048735
-71.5,174.5,415.4512780404058
-71.5,175.5,415.44713712188457
-71.5,176.5,415.4482834903396
-71.5,177.5,415.4564461886948
-71.5,178.5,415.4584173593112
-71.5,179.5,415.45987663815015
-70.5,-179.5,415.4805457288778
-70.5,-178.5,415.48144062670326
-70.5,-177.5,415.4749658184893
-70.5,-176.5,415.4762567752732
-70.5,-175.5,415.4865306956122
-70.5,-174.5,415.488301282276
-70.5,-173.5,415.4892627595143
-70.5,-172.5,415.4910520075632
-70.5,-171.5,415.4846717061586
-70.5,-170.5,415.4865362290345
-70.5,-169.5,415.4972456490925
-70.5,-168.5,415.49860589359866
-70.5,-167.5,415.49124817094776
-70.5,-166.5,415.5025989069021
-70.5,-165.5,415.4942738481244
-70.5,-164.5,415.5065659194675
-70.5,-163.5,415.49729212972215
-70.5,-162.5,415.498861027986
-70.5,-161.5,415.5126364240184
-70.5,-160.5,415.50166586415605
-70.5,-159.5,415.50303488775046
-70.5,-158.5,415.5176189435381
-70.5,-157.5,415.51924718746335
-70.5,-156.5,415.5066941301881
-70.5,-155.5,415.5217370929413
-70.5,-154.5,415.52392751517687
-70.5,-153.5,415.50854734705285
-70.5,-152.5,415.5089790074925
-70.5,-151.5,415.526111838902
-70.5,-150.5,415.5267252160635
-70.5,-149.5,415.5096929893949
-70.5,-148.5,415.5274171425182
-70.5,-147.5,415.5276408643952
-70.5,-146.5,415.5273477863288
-70.5,-145.5,415.5270260997771
-70.5,-144.5,415.5265388899624
-70.5,-143.5,415.50744241503656
-70.5,-142.5,415.506844466121
-70.5,-141.5,415.5240015235428
-70.5,-140.5,415.5231028161067
-70.5,-139.5,415.5222359003764
-70.5,-138.5,415.50352849909336
-70.5,-137.5,415.5195985244292
-70.5,-136.5,415.5017396639444
-70.5,-135.5,415.517124767202
-70.5,-134.5,415.5162227814729
-70.5,-133.5,415.5152591157614
-70.5,-132.5,415.513565786663
-70.5,-131.5,415.4984823600675
-70.5,-130.5,415.5123997339194
-70.5,-129.5,415.51191344704034
-70.5,-128.5,415.5115460800671
-70.5,-127.5,415.5110747727498
-70.5,-126.5,415.4962078658958
-70.5,-125.5,415.5091696653202
-70.5,-124.5,415.5083194834544
-70.5,-123.5,415.5073940555727
-70.5,-122.5,415.4933090535484
-70.5,-121.5,415.50584800299896
-70.5,-120.5,415.5050454225203
-70.5,-119.5,415.5046566148321
-70.5,-118.5,415.5039440674728
-70.5,-117.5,415.50321921566257
-70.5,-116.5,415.5025431730171
-70.5,-115.5,415.500811170618
-70.5,-114.5,415.4886399272333
-70.5,-113.5,415.4873287769445
-70.5,-112.5,415.4973885300147
-70.5,-111.5,415.49629497482914
-70.5,-110.5,415.4839266466185
-70.5,-109.5,415.49391938714746
-70.5,-108.5,415.48164437567743
-70.5,-107.5,415.4810402773256
-70.5,-106.5,415.4802790924858
-70.5,-105.5,415.4798213151533
-70.5,-104.5,415.4917570326504
-70.5,-103.5,415.47943013904745
-70.5,-102.5,415.4910279756068
-70.5,-101.5,415.4894384291584
-70.5,-100.5,415.4771181927363
-70.5,-99.5,415.4884774600848
-70.5,-98.5,415.4883233309069
-70.5,-97.5,415.4881066425124
-70.5,-96.5,415.48743032960834
-70.5,-95.5,415.4874425909359
-70.5,-94.5,415.4875026536084
-70.5,-93.5,415.47592076515934
-70.5,-92.5,415.48773015980544
-70.5,-91.5,415.4881117266768
-70.5,-90.5,415.47665399959385
-70.5,-89.5,415.489077452571
-70.5,-88.5,415.4898554954626
-70.5,-87.5,415.4905201572856
-70.5,-86.5,415.4916816307241
-70.5,-85.5,415.4926696482331
-70.5,-84.5,415.4824553735097
-70.5,-83.5,415.482884695688
-70.5,-82.5,415.49582609573474
-70.5,-81.5,415.49632168288895
-70.5,-80.5,415.4850941900425
-70.5,-79.5,415.49714328656864
-70.5,-78.5,415.4861168464201
-70.5,-77.5,415.4979631238437
-70.5,-76.5,415.49926220684085
-70.5,-75.5,415.50017335820417
-70.5,-74.5,415.50056405675
-70.5,-73.5,415.5021056491098
-70.5,-72.5,415.5038089060912
-70.5,-71.5,415.5013267556986
-70.5,-70.5,415.4930240102413
-70.5,-69.5,415.4961150806652
-70.5,-68.5,415.476845685336
-70.5,-67.5,415.4730108858755
-70.5,-66.5,415.2556617649967
-70.5,-65.5,415.2445941893093
-70.5,-64.5,415.2474473430885
-70.5,-63.5,415.4704436570124
-70.5,-62.5,415.4663116258701
-70.5,-61.5,415.4730704160568
-70.5,-60.5,415.5275004161332
-70.5,-59.5,415.53097825776086
-70.5,-58.5,415.52765447014497
-70.5,-57.5,415.5306009983164
-70.5,-56.5,415.534552202435
-70.5,-55.5,415.5374311168621
-70.5,-54.5,415.54027059641896
-70.5,-53.5,415.54759694800737
-70.5,-52.5,415.5448501207183
-70.5,-51.5,415.5515003208876
-70.5,-50.5,415.5532276538937
-70.5,-49.5,415.5552712558364
-70.5,-48.5,415.553252716853
-70.5,-47.5,415.55526827807466
-70.5,-46.5,415.5615960355526
-70.5,-45.5,415.563173394337
-70.5,-44.5,415.5609024804456
-70.5,-43.5,415.5618336344553
-70.5,-42.5,415.5664116592579
-70.5,-41.5,415.5638937274732
-70.5,-40.5,415.5643736633164
-70.5,-39.5,415.56783430433086
-70.5,-38.5,415.5678004538256
-70.5,-37.5,415.5675701414078
-70.5,-36.5,415.56702806474254
-70.5,-35.5,415.5639068658413
-70.5,-34.5,415.56362661202087
-70.5,-33.5,415.565506453997
-70.5,-32.5,415.5623201903608
-70.5,-31.5,415.5637841125869
-70.5,-30.5,415.5613722225663
-70.5,-29.5,415.5619997901665
-70.5,-28.5,415.5615557303251
-70.5,-27.5,415.5613815170877
-70.5,-26.5,415.5609095601309
-70.5,-25.5,415.5592751663627
-70.5,-24.5,415.5600149707817
-70.5,-23.5,415.55868961569627
-70.5,-22.5,415.5593539753175
-70.5,-21.5,415.558958735264
-70.5,-20.5,415.5589973726958
-70.5,-19.5,415.55787542792615
-70.5,-18.5,415.5586630094596
-70.5,-17.5,415.5588832312935
-70.5,-16.5,415.55793742495183
-70.5,-15.5,415.5589096863324
-70.5,-14.5,415.55897107850825
-70.5,-13.5,415.5602240059072
-70.5,-12.5,415.5604943364349
-70.5,-11.5,415.5577654414191
-70.5,-10.5,415.5594975822589
-70.5,-9.5,415.559833026633
-70.5,-8.5,415.5596219531266
-70.5,-7.5,415.5562804964538
-70.5,-6.5,415.5559351917152
-70.5,-5.5,415.5550901266592
-70.5,-4.5,415.551530523267
-70.5,-3.5,415.5504956171584
-70.5,-2.5,415.5471573971647
-70.5,-1.5,415.5463010506604
-70.5,-0.5,415.544697761764
-70.5,0.5,415.54494536678885
-70.5,1.5,415.5439608334467
-70.5,2.5,415.54370267305706
-70.5,3.5,415.5408436556396
-70.5,4.5,415.54001710751385
-70.5,5.5,415.5341753034163
-70.5,6.5,415.53335217073067
-70.5,7.5,415.5322733845665
-70.5,8.5,415.525337720082
-70.5,9.5,415.5236798009788
-70.5,10.5,415.5220536625815
-70.5,11.5,415.44126836747705
-70.5,12.5,415.5262571181996
-70.5,13.5,415.4555991166826
-70.5,14.5,415.45364667484495
-70.5,15.5,415.4789230341675
-70.5,16.5,415.47612011410064
-70.5,17.5,415.4740306663558
-70.5,18.5,415.51216528865336
-70.5,19.5,415.51004624282535
-70.5,20.5,415.5079480764607
-70.5,21.5,415.5071559711453
-70.5,22.5,415.5057838108908
-70.5,23.5,415.491771670046
-70.5,24.5,415.4910672776581
-70.5,25.5,415.5040175361225
-70.5,26.5,415.5035457585992
-70.5,27.5,415.5024201242617
-70.5,28.5,415.4444161694677
-70.5,29.5,415.4455469839712
-70.5,30.5,415.43284007883545
-70.5,31.5,415.4354090901119
-70.5,32.5,415.4372269367089
-70.5,33.5,415.4104992564428
-70.5,34.5,415.41085117945386
-70.5,35.5,415.29212365800447
-70.5,36.5,415.2936473168412
-70.5,37.5,415.4259915465228
-70.5,38.5,415.4274285430712
-70.5,39.5,415.2802638978776
-70.5,40.5,415.2837966532574
-70.5,41.5,415.2862511549243
-70.5,42.5,415.1708058306804
-70.5,43.5,415.17281145619495
-70.5,44.5,415.1317133834506
-70.5,45.5,415.1351955071731
-70.5,46.5,415.1374910156746
-70.5,47.5,415.0888433968451
-70.5,48.5,415.0913294240647
-70.5,49.5,415.1215250262487
-70.5,50.5,415.12269336876216
-70.5,51.5,415.0566475304544
-70.5,52.5,415.05920476161583
-70.5,53.5,415.0601442484634
-70.5,54.5,415.01610683922905
-70.5,55.5,415.0156523439455
-70.5,56.5,415.0151991175586
-70.5,57.5,415.0325382861937
-70.5,58.5,415.03234259645984
-70.5,59.5,415.0635081249317
-70.5,60.5,415.095068244097
-70.5,61.5,415.1093113415622
-70.5,62.5,415.1067895197897
-70.5,63.5,415.10182849284354
-70.5,64.5,415.2715853970792
-70.5,65.5,415.26601749632897
-70.5,66.5,415.2547177596611
-70.5,67.5,415.4620588230494
-70.5,68.5,415.4564254390213
-70.5,69.5,415.4728757977456
-70.5,70.5,415.47310670728064
-70.5,71.5,415.47659044163504
-70.5,72.5,415.3710865503148
-70.5,73.5,415.37563071696417
-70.5,74.5,415.3831571754174
-70.5,75.5,415.2707381711526
-70.5,76.5,415.2756097109572
-70.5,77.5,415.1937775380368
-70.5,78.5,415.2001940256366
-70.5,79.5,415.2011681295461
-70.5,80.5,415.13411778362
-70.5,81.5,415.1362313269764
-70.5,82.5,415.1383804198218
-70.5,83.5,415.0506901230272
-70.5,84.5,415.100762544447
-70.5,85.5,415.0360113739796
-70.5,86.5,415.03899676576
-70.5,87.5,415.0319933608025
-70.5,88.5,415.0290056371615
-70.5,89.5,415.0291064468295
-70.5,90.5,415.01984131774856
-70.5,91.5,415.0198982306544
-70.5,92.5,415.0166647384427
-70.5,93.5,415.0095739217534
-70.5,94.5,415.00859082818965
-70.5,95.5,414.9896667261796
-70.5,96.5,414.9876690544218
-70.5,97.5,415.03286352385226
-70.5,98.5,415.0273597095193
-70.5,99.5,415.0288531152573
-70.5,100.5,415.00681721525183
-70.5,101.5,415.0017066267946
-70.5,102.5,415.0216812678079
-70.5,103.5,415.016948453469
-70.5,104.5,415.0157655623808
-70.5,105.5,415.0315861986492
-70.5,106.5,415.02990160603736
-70.5,107.5,415.0256053565327
-70.5,108.5,415.0273853969724
-70.5,109.5,415.0514019851877
-70.5,110.5,415.0532831602263
-70.5,111.5,415.0499643768514
-70.5,112.5,415.05224326069344
-70.5,113.5,415.0502461108056
-70.5,114.5,415.0353829964852
-70.5,115.5,415.033930444402
-70.5,116.5,415.0535050898998
-70.5,117.5,415.0577367771797
-70.5,118.5,415.05215856649926
-70.5,119.5,415.0229425431213
-70.5,120.5,415.017744130298
-70.5,121.5,415.03385522473
-70.5,122.5,415.0395327581794
-70.5,123.5,414.9962924036902
-70.5,124.5,414.996486093454
-70.5,125.5,414.996647830385
-70.5,126.5,414.97688807266064
-70.5,127.5,414.9765955166882
-70.5,128.5,414.9762847738935
-70.5,129.5,414.9758697324906
-70.5,130.5,414.9696601015739
-70.5,131.5,415.00759726676745
-70.5,132.5,414.9640786552196
-70.5,133.5,415.0133815812941
-70.5,134.5,415.01273281370817
-70.5,135.5,415.0120118169612
-70.5,136.5,415.0227612839356
-70.5,137.5,415.0218685456782
-70.5,138.5,415.0209248105612
-70.5,139.5,415.0468206454017
-70.5,140.5,415.0449935595092
-70.5,141.5,415.1093165916582
-70.5,142.5,415.1069470067438
-70.5,143.5,415.104605938964
-70.5,144.5,415.1525609099096
-70.5,145.5,415.15079737698494
-70.5,146.5,415.14896081267096
-70.5,147.5,415.1690563412015
-70.5,148.5,415.16777439880696
-70.5,149.5,415.1989558347647
-70.5,150.5,415.1987750644429
-70.5,151.5,415.19861335324
-70.5,152.5,415.2090008681792
-70.5,153.5,415.21653207105953
-70.5,154.5,415.2118533478255
-70.5,155.5,415.1507261256057
-70.5,156.5,415.20185540786736
-70.5,157.5,415.13115462538
-70.5,158.5,415.1358412022146
-70.5,159.5,415.3746559396182
-70.5,160.5,415.3705594236308
-70.5,161.5,415.366404610057
-70.5,162.5,415.422379295184
-70.5,163.5,415.4286938109589
-70.5,164.5,415.4286433502409
-70.5,165.5,415.451990587028
-70.5,166.5,415.4531898732487
-70.5,167.5,415.4484695789722
-70.5,168.5,415.4489590921378
-70.5,169.5,415.459191198652
-70.5,170.5,415.46096301177175
-70.5,171.5,415.4626306051522
-70.5,172.5,415.4577208837326
-70.5,173.5,415.46572612054126
-70.5,174.5,415.4615504521189
-70.5,175.5,415.4708685019033
-70.5,176.5,415.4732339995241
-70.5,177.5,415.47486885816176
-70.5,178.5,415.47713665865456
-70.5,179.5,415.4708175526266
-69.5,-179.5,415.4934067226117
-69.5,-178.5,415.5046770328522
-69.5,-177.5,415.4970590532391
-69.5,-176.5,415.5087655378991
-69.5,-175.5,415.5108931953667
-69.5,-174.5,415.5023728177787
-69.5,-173.5,415.5155505596794
-69.5,-172.5,415.51774886381816
-69.5,-171.5,415.5196091806712
-69.5,-170.5,415.52173712889805
-69.5,-169.5,415.52370776379496
-69.5,-168.5,415.5252857063716
-69.5,-167.5,415.5152664512701
-69.5,-166.5,415.5171065875445
-69.5,-165.5,415.5188030263417
-69.5,-164.5,415.5334826985643
-69.5,-163.5,415.53562628145016
-69.5,-162.5,415.5372688311554
-69.5,-161.5,415.5251751378089
-69.5,-160.5,415.5411126148929
-69.5,-159.5,415.5436135203017
-69.5,-158.5,415.5451663010389
-69.5,-157.5,415.5315085371585
-69.5,-156.5,415.53242660775504
-69.5,-155.5,415.5329597776318
-69.5,-154.5,415.5335974747461
-69.5,-153.5,415.5499430258041
-69.5,-152.5,415.5500732282789
-69.5,-151.5,415.5343212491288
-69.5,-150.5,415.5339587102677
-69.5,-149.5,415.5506523543575
-69.5,-148.5,415.5339226663937
-69.5,-147.5,415.5506451343493
-69.5,-146.5,415.5333352056304
-69.5,-145.5,415.53385476598766
-69.5,-144.5,415.5496067790378
-69.5,-143.5,415.5490046193137
-69.5,-142.5,415.5489242775463
-69.5,-141.5,415.546934201354
-69.5,-140.5,415.5460130229037
-69.5,-139.5,415.5277715875267
-69.5,-138.5,415.5432692774169
-69.5,-137.5,415.5255851370512
-69.5,-136.5,415.5237362257883
-69.5,-135.5,415.5387955336688
-69.5,-134.5,415.5375905625964
-69.5,-133.5,415.53655037616255
-69.5,-132.5,415.5355144065194
-69.5,-131.5,415.5195853404259
-69.5,-130.5,415.5334879438528
-69.5,-129.5,415.5178110094888
-69.5,-128.5,415.5310164302484
-69.5,-127.5,415.5287811971924
-69.5,-126.5,415.514578167576
-69.5,-125.5,415.5267195426072
-69.5,-124.5,415.5253692569581
-69.5,-123.5,415.5242614165164
-69.5,-122.5,415.5112763244621
-69.5,-121.5,415.510654483527
-69.5,-120.5,415.5211219541012
-69.5,-119.5,415.5194934939583
-69.5,-118.5,415.51867598266233
-69.5,-117.5,415.5077056935788
-69.5,-116.5,415.5168873348146
-69.5,-115.5,415.5064081936384
-69.5,-114.5,415.5147313582777
-69.5,-113.5,415.5122729026684
-69.5,-112.5,415.5112226629859
-69.5,-111.5,415.51005993095566
-69.5,-110.5,415.5093058797753
-69.5,-109.5,415.4995011133069
-69.5,-108.5,415.5061052783858
-69.5,-107.5,415.49606130827306
-69.5,-106.5,415.5047447263099
-69.5,-105.5,415.50405562388136
-69.5,-104.5,415.4926501283773
-69.5,-103.5,415.49210328233977
-69.5,-102.5,415.5019938403743
-69.5,-101.5,415.490786494367
-69.5,-100.5,415.5009769858689
-69.5,-99.5,415.50010680890017
-69.5,-98.5,415.499891964472
-69.5,-97.5,415.4996712932083
-69.5,-96.5,415.48809972285983
-69.5,-95.5,415.4987515209098
-69.5,-94.5,415.4986947822912
-69.5,-93.5,415.49856601167306
-69.5,-92.5,415.4983152488513
-69.5,-91.5,415.48747099919575
-69.5,-90.5,415.48744036951706
-69.5,-89.5,415.4880761875511
-69.5,-88.5,415.4995188688948
-69.5,-87.5,415.50064441387065
-69.5,-86.5,415.5011064106841
-69.5,-85.5,415.5024186023833
-69.5,-84.5,415.49242355159134
-69.5,-83.5,415.503917984889
-69.5,-82.5,415.5043417698829
-69.5,-81.5,415.4940496728094
-69.5,-80.5,415.5049327696698
-69.5,-79.5,415.5053139261389
-69.5,-78.5,415.50579911583344
-69.5,-77.5,415.5064153827572
-69.5,-76.5,415.5070341317529
-69.5,-75.5,415.507568273824
-69.5,-74.5,415.49783983879297
-69.5,-73.5,415.50187288303147
-69.5,-72.5,415.4998371510144
-69.5,-71.5,415.50131486333066
-69.5,-70.5,415.4879502211097
-69.5,-69.5,415.4997621071967
-69.5,-68.5,415.5157800712213
-69.5,-67.5,415.38969551455193
-69.5,-66.5,415.39622875116737
-69.5,-65.5,415.40279848907056
-69.5,-64.5,415.35212393540456
-69.5,-63.5,415.3509632224942
-69.5,-62.5,415.53834975584607
-69.5,-61.5,415.5278403517596
-69.5,-60.5,415.536715210339
-69.5,-59.5,415.5329075284168
-69.5,-58.5,415.53580521705067
-69.5,-57.5,415.5396367112792
-69.5,-56.5,415.5427206483061
-69.5,-55.5,415.55214151434535
-69.5,-54.5,415.5544531032832
-69.5,-53.5,415.556743190504
-69.5,-52.5,415.5539351395886
-69.5,-51.5,415.5610580539726
-69.5,-50.5,415.5586518039155
-69.5,-49.5,415.5652965284096
-69.5,-48.5,415.5674559866615
-69.5,-47.5,415.56972368956383
-69.5,-46.5,415.57240632238734
-69.5,-45.5,415.5739377726866
-69.5,-44.5,415.57156429405546
-69.5,-43.5,415.5731649656869
-69.5,-42.5,415.5740667976304
-69.5,-41.5,415.5779523402934
-69.5,-40.5,415.574753303768
-69.5,-39.5,415.5783711064901
-69.5,-38.5,415.5747319241953
-69.5,-37.5,415.5776558225877
-69.5,-36.5,415.5738097429267
-69.5,-35.5,415.5734495613609
-69.5,-34.5,415.57596055662776
-69.5,-33.5,415.5753702328293
-69.5,-32.5,415.5746011719229
-69.5,-31.5,415.57180416317726
-69.5,-30.5,415.57314455893146
-69.5,-29.5,415.5707825260321
-69.5,-28.5,415.57171767301134
-69.5,-27.5,415.5692126094314
-69.5,-26.5,415.56976845490885
-69.5,-25.5,415.5678049600269
-69.5,-24.5,415.5666893594459
-69.5,-23.5,415.5675861887231
-69.5,-22.5,415.5653703698018
-69.5,-21.5,415.5647889710393
-69.5,-20.5,415.564696689663
-69.5,-19.5,415.5642668295535
-69.5,-18.5,415.5638352281202
-69.5,-17.5,415.5644908267641
-69.5,-16.5,415.5642460913267
-69.5,-15.5,415.5639405579775
-69.5,-14.5,415.5629558963058
-69.5,-13.5,415.5643901445906
-69.5,-12.5,415.5642623759632
-69.5,-11.5,415.5643301747984
-69.5,-10.5,415.56412377093415
-69.5,-9.5,415.563884613356
-69.5,-8.5,415.5633041265486
-69.5,-7.5,415.5627736854051
-69.5,-6.5,415.5625089516205
-69.5,-5.5,415.5608851751475
-69.5,-4.5,415.55971213785153
-69.5,-3.5,415.5574485692702
-69.5,-2.5,415.5559706575014
-69.5,-1.5,415.5544506103575
-69.5,-0.5,415.550867812604
-69.5,0.5,415.5495267943269
-69.5,1.5,415.5501442028166
-69.5,2.5,415.54887033425337
-69.5,3.5,415.5475218363469
-69.5,4.5,415.54683067691656
-69.5,5.5,415.5455330690624
-69.5,6.5,415.5442361548776
-69.5,7.5,415.5421519588339
-69.5,8.5,415.54074926131386
-69.5,9.5,415.5385023166132
-69.5,10.5,415.5367617668032
-69.5,11.5,415.5350063207557
-69.5,12.5,415.5334706915941
-69.5,13.5,415.53144487885584
-69.5,14.5,415.528024458264
-69.5,15.5,415.5264136217261
-69.5,16.5,415.5203670074336
-69.5,17.5,415.5184988481648
-69.5,18.5,415.5166148509764
-69.5,19.5,415.51961311815217
-69.5,20.5,415.5177414597738
-69.5,21.5,415.5174241805676
-69.5,22.5,415.5163042547492
-69.5,23.5,415.51561319110766
-69.5,24.5,415.5124663252564
-69.5,25.5,415.5107784876071
-69.5,26.5,415.5103743417561
-69.5,27.5,415.5087662340492
-69.5,28.5,415.50617811970864
-69.5,29.5,415.5061055727041
-69.5,30.5,415.50376802293215
-69.5,31.5,415.5044375782163
-69.5,32.5,415.5044071291268
-69.5,33.5,415.4647570712026
-69.5,34.5,415.4643659240688
-69.5,35.5,415.4604292870469
-69.5,36.5,415.46063968185103
-69.5,37.5,415.4959658512701
-69.5,38.5,415.4977534025557
-69.5,39.5,415.3583532968712
-69.5,40.5,415.3647057580747
-69.5,41.5,415.3691894765488
-69.5,42.5,415.2858081278558
-69.5,43.5,415.2916204822122
-69.5,44.5,415.1818223069891
-69.5,45.5,415.1851473026906
-69.5,46.5,415.187469978179
-69.5,47.5,415.1424030321175
-69.5,48.5,415.213225315099
-69.5,49.5,415.2151812299641
-69.5,50.5,415.2172094297534
-69.5,51.5,415.1142479470164
-69.5,52.5,415.1147543268296
-69.5,53.5,415.0597430792959
-69.5,54.5,415.0602307836976
-69.5,55.5,415.05881228302303
-69.5,56.5,415.0993318031157
-69.5,57.5,415.0985139156164
-69.5,58.5,415.110526619601
-69.5,59.5,415.10810820677847
-69.5,60.5,415.1452400030647
-69.5,61.5,415.14375894472016
-69.5,62.5,415.1400084520819
-69.5,63.5,415.2043415726546
-69.5,64.5,415.2005429275942
-69.5,65.5,415.3578071665789
-69.5,66.5,415.3526435302031
-69.5,67.5,415.3448200024734
-69.5,68.5,415.4815510503379
-69.5,69.5,415.4805898599121
-69.5,70.5,415.4843936104408
-69.5,71.5,415.47875679015726
-69.5,72.5,415.4755822997934
-69.5,73.5,415.47814955821065
-69.5,74.5,415.4563523548141
-69.5,75.5,415.45663476846
-69.5,76.5,415.3237791676159
-69.5,77.5,415.32606020274886
-69.5,78.5,415.3344785240397
-69.5,79.5,415.2342162781571
-69.5,80.5,415.2413971055559
-69.5,81.5,415.1728957119707
-69.5,82.5,415.1777815008236
-69.5,83.5,415.1798455673349
-69.5,84.5,415.1576870467879
-69.5,85.5,415.1556997986228
-69.5,86.5,415.1505328734074
-69.5,87.5,415.154074950902
-69.5,88.5,415.0817638535917
-69.5,89.5,415.0793627930536
-69.5,90.5,415.0831009763929
-69.5,91.5,415.0733523604785
-69.5,92.5,415.0737893220761
-69.5,93.5,415.0703079774096
-69.5,94.5,415.0695125980064
-69.5,95.5,415.0656661010758
-69.5,96.5,415.0374766521303
-69.5,97.5,415.0857495274458
-69.5,98.5,415.0836601705895
-69.5,99.5,415.08156869300456
-69.5,100.5,415.1148133783931
-69.5,101.5,415.11141596897
-69.5,102.5,415.06435470409167
-69.5,103.5,415.06362696293854
-69.5,104.5,415.06287613239897
-69.5,105.5,415.08717270582014
-69.5,106.5,415.0854238906878
-69.5,107.5,415.0740948761397
-69.5,108.5,415.071882659694
-69.5,109.5,415.11436120201233
-69.5,110.5,415.1116951682959
-69.5,111.5,415.1112350298991
-69.5,112.5,415.1089478245482
-69.5,113.5,415.11069415683727
-69.5,114.5,415.1591586197753
-69.5,115.5,415.1578234571131
-69.5,116.5,415.12113420278496
-69.5,117.5,415.1250307313633
-69.5,118.5,415.1245693772712
-69.5,119.5,415.0817750001082
-69.5,120.5,415.10545716642986
-69.5,121.5,415.11091452855874
-69.5,122.5,415.1117345438361
-69.5,123.5,415.0591674224667
-69.5,124.5,415.0594897610993
-69.5,125.5,415.03616078702674
-69.5,126.5,415.03588175960334
-69.5,127.5,415.0405622624924
-69.5,128.5,415.0915676265873
-69.5,129.5,415.0913851919189
-69.5,130.5,415.0747100751708
-69.5,131.5,415.07529606274665
-69.5,132.5,415.0401436701701
-69.5,133.5,415.0402953831144
-69.5,134.5,415.03496967474615
-69.5,135.5,415.0484876474032
-69.5,136.5,415.05341441576127
-69.5,137.5,415.0532924845366
-69.5,138.5,415.04618431066166
-69.5,139.5,415.0446494090264
-69.5,140.5,415.09712950098697
-69.5,141.5,415.0941603509498
-69.5,142.5,415.20059583956015
-69.5,143.5,415.1760327187972
-69.5,144.5,415.17313426786336
-69.5,145.5,415.2615627001912
-69.5,146.5,415.21935113311486
-69.5,147.5,415.2172615661368
-69.5,148.5,415.24011204166345
-69.5,149.5,415.2388793036686
-69.5,150.5,415.24259564679136
-69.5,151.5,415.2861769281181
-69.5,152.5,415.28637043921856
-69.5,153.5,415.2780500334735
-69.5,154.5,415.27888407715153
-69.5,155.5,415.2848544650651
-69.5,156.5,415.3672167055895
-69.5,157.5,415.3660478936994
-69.5,158.5,415.4556404469024
-69.5,159.5,415.45453119601575
-69.5,160.5,415.4484039713304
-69.5,161.5,415.4468507869239
-69.5,162.5,415.44527810760576
-69.5,163.5,415.4553445524169
-69.5,164.5,415.4567238660532
-69.5,165.5,415.4588404386846
-69.5,166.5,415.4612471482762
-69.5,167.5,415.4635634645775
-69.5,168.5,415.4720875815966
-69.5,169.5,415.4746915245297
-69.5,170.5,415.4709157924013
-69.5,171.5,415.4805110532374
-69.5,172.5,415.4830863358424
-69.5,173.5,415.4788333691628
-69.5,174.5,415.4814968580795
-69.5,175.5,415.4920181869199
-69.5,176.5,415.4948034394314
-69.5,177.5,415.4883042155615
-69.5,178.5,415.490442485587
-69.5,179.5,415.50053153142585
-68.5,-179.5,415.5349946210745
-68.5,-178.5,415.52167407851937
-68.5,-177.5,415.523950100747
-68.5,-176.5,415.5369638305348
-68.5,-175.5,415.5388534416675
-68.5,-174.5,415.5418274652174
-68.5,-173.5,415.5319140189813
-68.5,-172.5,415.5463246335888
-68.5,-171.5,415.5482241842586
-68.5,-170.5,415.5372018348256
-68.5,-169.5,415.53994784876943
-68.5,-168.5,415.54206354970006
-68.5,-167.5,415.5442217068082
-68.5,-166.5,415.54624719518864
-68.5,-165.5,415.56130548434754
-68.5,-164.5,415.5633683611285
-68.5,-163.5,415.5665520038216
-68.5,-162.5,415.5682429120516
-68.5,-161.5,415.5699579921618
-68.5,-160.5,415.57156488519365
-68.5,-159.5,415.5729862577222
-68.5,-158.5,415.5740126677414
-68.5,-157.5,415.575133290596
-68.5,-156.5,415.5757334175034
-68.5,-155.5,415.5766279593173
-68.5,-154.5,415.5619058383527
-68.5,-153.5,415.5787943870864
-68.5,-152.5,415.5777498525536
-68.5,-151.5,415.5788626100767
-68.5,-150.5,415.5785126428429
-68.5,-149.5,415.5779665210353
-68.5,-148.5,415.5616060659072
-68.5,-147.5,415.5769387329492
-68.5,-146.5,415.5766862350067
-68.5,-145.5,415.5598883882385
-68.5,-144.5,415.55920587658113
-68.5,-143.5,415.5748495519493
-68.5,-142.5,415.557227751596
-68.5,-141.5,415.5563944008076
-68.5,-140.5,415.5715232753576
-68.5,-139.5,415.55454453740543
-68.5,-138.5,415.5691668327609
-68.5,-137.5,415.5677247778439
-68.5,-136.5,415.5508154026352
-68.5,-135.5,415.5625967072778
-68.5,-134.5,415.54754751936616
-68.5,-133.5,415.5449584214406
-68.5,-132.5,415.5579184859302
-68.5,-131.5,415.5564666808147
-68.5,-130.5,415.5417062342556
-68.5,-129.5,415.5406050264712
-68.5,-128.5,415.53940495404174
-68.5,-127.5,415.53826625338166
-68.5,-126.5,415.53700374510896
-68.5,-125.5,415.5466532238263
-68.5,-124.5,415.54490641974513
-68.5,-123.5,415.5422565492473
-68.5,-122.5,415.54099432760165
-68.5,-121.5,415.5301204372062
-68.5,-120.5,415.5384663229322
-68.5,-119.5,415.5374455881307
-68.5,-118.5,415.5279798988304
-68.5,-117.5,415.53424933452527
-68.5,-116.5,415.5331583297136
-68.5,-115.5,415.5321057782975
-68.5,-114.5,415.5310408299747
-68.5,-113.5,415.5299784792814
-68.5,-112.5,415.5278687650901
-68.5,-111.5,415.5267484252418
-68.5,-110.5,415.51898597795787
-68.5,-109.5,415.5251154238032
-68.5,-108.5,415.5245311300956
-68.5,-107.5,415.5162794329016
-68.5,-106.5,415.5217355265223
-68.5,-105.5,415.5207524154387
-68.5,-104.5,415.5196464850831
-68.5,-103.5,415.5172505089626
-68.5,-102.5,415.5164378828571
-68.5,-101.5,415.5157688566706
-68.5,-100.5,415.5149360936829
-68.5,-99.5,415.5044549980243
-68.5,-98.5,415.513485769526
-68.5,-97.5,415.5133647212341
-68.5,-96.5,415.503310868409
-68.5,-95.5,415.5126146033221
-68.5,-94.5,415.51245443288974
-68.5,-93.5,415.5120114561566
-68.5,-92.5,415.5122216593578
-68.5,-91.5,415.5122557711983
-68.5,-90.5,415.51249449502143
-68.5,-89.5,415.51257181192005
-68.5,-88.5,415.5030702194752
-68.5,-87.5,415.5133961410163
-68.5,-86.5,415.51389188147886
-68.5,-85.5,415.504523082713
-68.5,-84.5,415.50443041678346
-68.5,-83.5,415.5145777996391
-68.5,-82.5,415.5147455324137
-68.5,-81.5,415.514867375996
-68.5,-80.5,415.5151563192055
-68.5,-79.5,415.5162178823881
-68.5,-78.5,415.5063833724963
-68.5,-77.5,415.5174601498152
-68.5,-76.5,415.51809718558064
-68.5,-75.5,415.5195268784177
-68.5,-74.5,415.5204143885048
-68.5,-73.5,415.52124976103016
-68.5,-72.5,415.5222703473959
-68.5,-71.5,415.51213277410176
-68.5,-70.5,415.514329230348
-68.5,-69.5,415.526938631647
-68.5,-68.5,415.5285073347949
-68.5,-67.5,415.5084824126717
-68.5,-66.5,415.50017392522375
-68.5,-65.5,415.53243212426736
-68.5,-64.5,415.5335905235844
-68.5,-63.5,415.5271407340266
-68.5,-62.5,415.5385183615809
-68.5,-61.5,415.543654169831
-68.5,-60.5,415.5367850454908
-68.5,-59.5,415.5478955014237
-68.5,-58.5,415.54545595758185
-68.5,-57.5,415.5485661724987
-68.5,-56.5,415.5586453196392
-68.5,-55.5,415.5547111468235
-68.5,-54.5,415.5577180396983
-68.5,-53.5,415.5669227484546
-68.5,-52.5,415.5636474480531
-68.5,-51.5,415.5718374814538
-68.5,-50.5,415.57405155405047
-68.5,-49.5,415.5763034976357
-68.5,-48.5,415.578455802078
-68.5,-47.5,415.576376674398
-68.5,-46.5,415.5827710477749
-68.5,-45.5,415.58061801732816
-68.5,-44.5,415.58223769583344
-68.5,-43.5,415.58770859266014
-68.5,-42.5,415.5846271347868
-68.5,-41.5,415.5890778492752
-68.5,-40.5,415.5850816907731
-68.5,-39.5,415.5886893809307
-68.5,-38.5,415.5846609780206
-68.5,-37.5,415.584238303303
-68.5,-36.5,415.58670838938457
-68.5,-35.5,415.58618710884326
-68.5,-34.5,415.5855986286871
-68.5,-33.5,415.58505714746167
-68.5,-32.5,415.5844831471511
-68.5,-31.5,415.5813240088912
-68.5,-30.5,415.58314763512914
-68.5,-29.5,415.5823483261515
-68.5,-28.5,415.5796356786265
-68.5,-27.5,415.5785878501301
-68.5,-26.5,415.57916872384766
-68.5,-25.5,415.5777986618273
-68.5,-24.5,415.5767671954562
-68.5,-23.5,415.5753498401815
-68.5,-22.5,415.5744801853797
-68.5,-21.5,415.5735568330357
-68.5,-20.5,415.5720373902208
-68.5,-19.5,415.5714256487638
-68.5,-18.5,415.5716629997893
-68.5,-17.5,415.5711421096676
-68.5,-16.5,415.57062085273503
-68.5,-15.5,415.57009119071415
-68.5,-14.5,415.569856157108
-68.5,-13.5,415.5688031742656
-68.5,-12.5,415.5691847894975
-68.5,-11.5,415.5683986145083
-68.5,-10.5,415.5687221066776
-68.5,-9.5,415.5677632693698
-68.5,-8.5,415.5684904576023
-68.5,-7.5,415.56783626567926
-68.5,-6.5,415.5669327533544
-68.5,-5.5,415.5657452647652
-68.5,-4.5,415.5646659949099
-68.5,-3.5,415.5633064660707
-68.5,-2.5,415.56152503853104
-68.5,-1.5,415.5604185831471
-68.5,-0.5,415.5586114826197
-68.5,0.5,415.5570594560276
-68.5,1.5,415.55520074185614
-68.5,2.5,415.5535825076505
-68.5,3.5,415.5519252028005
-68.5,4.5,415.54981113885503
-68.5,5.5,415.5486898156806
-68.5,6.5,415.5468452855052
-68.5,7.5,415.5458759431701
-68.5,8.5,415.545658600619
-68.5,9.5,415.5428771888538
-68.5,10.5,415.5423470265889
-68.5,11.5,415.5404031915842
-68.5,12.5,415.5387295357144
-68.5,13.5,415.5365899057591
-68.5,14.5,415.5347053460769
-68.5,15.5,415.53233848848623
-68.5,16.5,415.5308259248502
-68.5,17.5,415.5292831248438
-68.5,18.5,415.5268640282947
-68.5,19.5,415.5257240227157
-68.5,20.5,415.52486510939787
-68.5,21.5,415.5232838772015
-68.5,22.5,415.5219468555328
-68.5,23.5,415.52091466366943
-68.5,24.5,415.519104867598
-68.5,25.5,415.5179298098008
-68.5,26.5,415.5173990241632
-68.5,27.5,415.5156389578452
-68.5,28.5,415.5141698830831
-68.5,29.5,415.5126905275496
-68.5,30.5,415.51174460386005
-68.5,31.5,415.5022656430138
-68.5,32.5,415.50809659084257
-68.5,33.5,415.5065231934817
-68.5,34.5,415.5056377154161
-68.5,35.5,415.50807380042505
-68.5,36.5,415.5080892189989
-68.5,37.5,415.5061221286575
-68.5,38.5,415.5061116791363
-68.5,39.5,415.5078307525764
-68.5,40.5,415.42673635723474
-68.5,41.5,415.4200714966724
-68.5,42.5,415.4222621488221
-68.5,43.5,415.4255115089094
-68.5,44.5,415.2863707376296
-68.5,45.5,415.2875446766172
-68.5,46.5,415.3765670973601
-68.5,47.5,415.37761313036606
-68.5,48.5,415.33707146629126
-68.5,49.5,415.3414819838878
-68.5,50.5,415.1846026121356
-68.5,51.5,415.1895971157088
-68.5,52.5,415.2031356342914
-68.5,53.5,415.2039952556774
-68.5,54.5,415.2109790952517
-68.5,55.5,415.21128829057966
-68.5,56.5,415.20986462722
-68.5,57.5,415.1789126463987
-68.5,58.5,415.17881215879686
-68.5,59.5,415.2196549817357
-68.5,60.5,415.21402998065344
-68.5,61.5,415.21088355334064
-68.5,62.5,415.3387563691634
-68.5,63.5,415.2326172038352
-68.5,64.5,415.3564380113104
-68.5,65.5,415.3529373372204
-68.5,66.5,415.377411298766
-68.5,67.5,415.3695943033993
-68.5,68.5,415.4670206850315
-68.5,69.5,415.4591589111555
-68.5,70.5,415.4579482713864
-68.5,71.5,415.4900163120336
-68.5,72.5,415.4875955886109
-68.5,73.5,415.48070085392624
-68.5,74.5,415.4840454451298
-68.5,75.5,415.47996404161415
-68.5,76.5,415.4801615846018
-68.5,77.5,415.4859525658663
-68.5,78.5,415.43673042679137
-68.5,79.5,415.4441922903491
-68.5,80.5,415.2651771197783
-68.5,81.5,415.38570191357394
-68.5,82.5,415.2379914868159
-68.5,83.5,415.2401586776948
-68.5,84.5,415.2424068415552
-68.5,85.5,415.2169755632635
-68.5,86.5,415.21833411251527
-68.5,87.5,415.2271734472703
-68.5,88.5,415.2283911092825
-68.5,89.5,415.22966319533776
-68.5,90.5,415.21923474096326
-68.5,91.5,415.2234930264307
-68.5,92.5,415.1391794190428
-68.5,93.5,415.13689951492654
-68.5,94.5,415.1469433226937
-68.5,95.5,415.14366013433295
-68.5,96.5,415.1585687266494
-68.5,97.5,415.1540252703374
-68.5,98.5,415.15685588288
-68.5,99.5,415.1549850613594
-68.5,100.5,415.1658394754919
-68.5,101.5,415.16388909469583
-68.5,102.5,415.1670466222762
-68.5,103.5,415.1037306041098
-68.5,104.5,415.1339157595433
-68.5,105.5,415.1292195584398
-68.5,106.5,415.1271233995431
-68.5,107.5,415.1968114875791
-68.5,108.5,415.19058467941016
-68.5,109.5,415.1854778625036
-68.5,110.5,415.1823780331302
-68.5,111.5,415.182626120848
-68.5,112.5,415.1792798849166
-68.5,113.5,415.24679595485344
-68.5,114.5,415.2485800965807
-68.5,115.5,415.246937845728
-68.5,116.5,415.20460053908926
-68.5,117.5,415.2041002190766
-68.5,118.5,415.2689735222156
-68.5,119.5,415.269614029652
-68.5,120.5,415.1926704629003
-68.5,121.5,415.1900042352826
-68.5,122.5,415.13298093197216
-68.5,123.5,415.1337387596851
-68.5,124.5,415.1798203983204
-68.5,125.5,415.1795410528578
-68.5,126.5,415.1780670160715
-68.5,127.5,415.1775961161988
-68.5,128.5,415.1726761892844
-68.5,129.5,415.15365051585326
-68.5,130.5,415.1592494139529
-68.5,131.5,415.0954137294617
-68.5,132.5,415.1014007459372
-68.5,133.5,415.1027378581961
-68.5,134.5,415.133525881645
-68.5,135.5,415.0712090631136
-68.5,136.5,415.1220218629399
-68.5,137.5,415.1213831377897
-68.5,138.5,415.1475045367161
-68.5,139.5,415.1496932644534
-68.5,140.5,415.23367958106337
-68.5,141.5,415.2292848234062
-68.5,142.5,415.2293182210556
-68.5,143.5,415.33779181307887
-68.5,144.5,415.3334390413884
-68.5,145.5,415.3981922373069
-68.5,146.5,415.3920365828071
-68.5,147.5,415.3931237438667
-68.5,148.5,415.43261387737806
-68.5,149.5,415.4315228070394
-68.5,150.5,415.45479902385216
-68.5,151.5,415.4581889360943
-68.5,152.5,415.4021788333764
-68.5,153.5,415.4565346350178
-68.5,154.5,415.4252836586365
-68.5,155.5,415.4256901309018
-68.5,156.5,415.4299533226288
-68.5,157.5,415.4640967170516
-68.5,158.5,415.4604703484429
-68.5,159.5,415.4633056851622
-68.5,160.5,415.4649026379017
-68.5,161.5,415.466412824562
-68.5,162.5,415.4741520369301
-68.5,163.5,415.4771192156911
-68.5,164.5,415.4751566722104
-68.5,165.5,415.483692612289
-68.5,166.5,415.4812436278304
-68.5,167.5,415.490443932684
-68.5,168.5,415.4935181337982
-68.5,169.5,415.4970299914125
-68.5,170.5,415.500403639915
-68.5,171.5,415.4966889344784
-68.5,172.5,415.50728304062807
-68.5,173.5,415.5027509122908
-68.5,174.5,415.5055675982281
-68.5,175.5,415.51615930200927
-68.5,176.5,415.51875740292223
-68.5,177.5,415.5125197101616
-68.5,178.5,415.514932502212
-68.5,179.5,415.5265084546111
-67.5,-179.5,415.5608858849836
-67.5,-178.5,415.56323346555047
-67.5,-177.5,415.5660017766779
-67.5,-176.5,415.5585718898958
-67.5,-175.5,415.5607661877303
-67.5,-174.5,415.5741766634183
-67.5,-173.5,415.5641680907203
-67.5,-172.5,415.579752949842
-67.5,-171.5,415.582005433956
-67.5,-170.5,415.5836653876141
-67.5,-169.5,415.5859944956995
-67.5,-168.5,415.57454619123234
-67.5,-167.5,415.59055344029497
-67.5,-166.5,415.5927596646695
-67.5,-165.5,415.5822862046295
-67.5,-164.5,415.5975875953196
-67.5,-163.5,415.5991804728916
-67.5,-162.5,415.600662976637
-67.5,-161.5,415.58747133081096
-67.5,-160.5,415.5887542844484
-67.5,-159.5,415.6040556475965
-67.5,-158.5,415.605340573936
-67.5,-157.5,415.5932663109404
-67.5,-156.5,415.6087034560669
-67.5,-155.5,415.5943309714309
-67.5,-154.5,415.5946133884623
-67.5,-153.5,415.60933898991647
-67.5,-152.5,415.5942438767965
-67.5,-151.5,415.5939384434705
-67.5,-150.5,415.59309889159255
-67.5,-149.5,415.59245717889314
-67.5,-148.5,415.6061806715304
-67.5,-147.5,415.590539328288
-67.5,-146.5,415.6048903922455
-67.5,-145.5,415.6040700053475
-67.5,-144.5,415.58803781273247
-67.5,-143.5,415.6020059183413
-67.5,-142.5,415.5857126844052
-67.5,-141.5,415.59959565236505
-67.5,-140.5,415.5834799571177
-67.5,-139.5,415.5972371922981
-67.5,-138.5,415.58150163968105
-67.5,-137.5,415.5801637437128
-67.5,-136.5,415.5920975885798
-67.5,-135.5,415.5764758866807
-67.5,-134.5,415.5877864853477
-67.5,-133.5,415.5727474467592
-67.5,-132.5,415.58326580617626
-67.5,-131.5,415.5812146469592
-67.5,-130.5,415.5676408573664
-67.5,-129.5,415.5761713875372
-67.5,-128.5,415.5743986882599
-67.5,-127.5,415.5722003850773
-67.5,-126.5,415.5702824791748
-67.5,-125.5,415.5681111573888
-67.5,-124.5,415.55769756984256
-67.5,-123.5,415.5640927606473
-67.5,-122.5,415.5616478550152
-67.5,-121.5,415.55864931635614
-67.5,-120.5,415.5504576496048
-67.5,-119.5,415.5493506001297
-67.5,-118.5,415.54827765012055
-67.5,-117.5,415.5471132638894
-67.5,-116.5,415.5460721224854
-67.5,-115.5,415.5504552775943
-67.5,-114.5,415.5484593013509
-67.5,-113.5,415.5422189160187
-67.5,-112.5,415.5414153997867
-67.5,-111.5,415.54550948092856
-67.5,-110.5,415.5436469505871
-67.5,-109.5,415.5375441776396
-67.5,-108.5,415.5421754646347
-67.5,-107.5,415.5413381474971
-67.5,-106.5,415.5334651174568
-67.5,-105.5,415.53820179117207
-67.5,-104.5,415.5367868657634
-67.5,-103.5,415.5290858342017
-67.5,-102.5,415.52679083601686
-67.5,-101.5,415.5256560627424
-67.5,-100.5,415.53173290372666
-67.5,-99.5,415.5308691292326
-67.5,-98.5,415.5291415623167
-67.5,-97.5,415.5285935450085
-67.5,-96.5,415.51982555112255
-67.5,-95.5,415.51898781479247
-67.5,-94.5,415.5270874307405
-67.5,-93.5,415.5272155164122
-67.5,-92.5,415.5182532690757
-67.5,-91.5,415.5271915681624
-67.5,-90.5,415.5185803082516
-67.5,-89.5,415.51871320367934
-67.5,-88.5,415.528024783357
-67.5,-87.5,415.5192529238598
-67.5,-86.5,415.5196697918186
-67.5,-85.5,415.5204208617904
-67.5,-84.5,415.5296935256412
-67.5,-83.5,415.52971172570574
-67.5,-82.5,415.5297413519444
-67.5,-81.5,415.5294386816532
-67.5,-80.5,415.5295877162201
-67.5,-79.5,415.520328311253
-67.5,-78.5,415.5303473457855
-67.5,-77.5,415.5307576991958
-67.5,-76.5,415.5321432590877
-67.5,-75.5,415.5329022238931
-67.5,-74.5,415.5335646556702
-67.5,-73.5,415.52457164066215
-67.5,-72.5,415.5357702964838
-67.5,-71.5,415.5372507869315
-67.5,-70.5,415.5382215334473
-67.5,-69.5,415.52980152621126
-67.5,-68.5,415.531834980518
-67.5,-67.5,415.533797815972
-67.5,-66.5,415.51867245120417
-67.5,-65.5,415.51008907435767
-67.5,-64.5,415.54445535770185
-67.5,-63.5,415.545990064548
-67.5,-62.5,415.54741128891607
-67.5,-61.5,415.5520715651622
-67.5,-60.5,415.55451997547726
-67.5,-59.5,415.55215881592414
-67.5,-58.5,415.5549873455888
-67.5,-57.5,415.5585632909381
-67.5,-56.5,415.5689618389652
-67.5,-55.5,415.5721957440993
-67.5,-54.5,415.56811497344887
-67.5,-53.5,415.5780180675539
-67.5,-52.5,415.5805936084225
-67.5,-51.5,415.5830966773205
-67.5,-50.5,415.5858354881474
-67.5,-49.5,415.5824166079661
-67.5,-48.5,415.5902960049093
-67.5,-47.5,415.58738676253415
-67.5,-46.5,415.59427116743313
-67.5,-45.5,415.591395712607
-67.5,-44.5,415.5979635156524
-67.5,-43.5,415.5991602522036
-67.5,-42.5,415.5956979948999
-67.5,-41.5,415.596398350467
-67.5,-40.5,415.5963322728361
-67.5,-39.5,415.59626695957775
-67.5,-38.5,415.5990952008842
-67.5,-37.5,415.5985917101959
-67.5,-36.5,415.5979559888864
-67.5,-35.5,415.59746868691934
-67.5,-34.5,415.59279810937176
-67.5,-33.5,415.5958202555873
-67.5,-32.5,415.5955077753148
-67.5,-31.5,415.5948217671802
-67.5,-30.5,415.59376823446826
-67.5,-29.5,415.5929355141503
-67.5,-28.5,415.5918389521153
-67.5,-27.5,415.590754682361
-67.5,-26.5,415.5872923084554
-67.5,-25.5,415.5880589787112
-67.5,-24.5,415.5854150493104
-67.5,-23.5,415.5841909388651
-67.5,-22.5,415.58450805595527
-67.5,-21.5,415.583539019882
-67.5,-20.5,415.5812385586341
-67.5,-19.5,415.580487166732
-67.5,-18.5,415.57971053519526
-67.5,-17.5,415.5797925937471
-67.5,-16.5,415.57812900286194
-67.5,-15.5,415.5781173917108
-67.5,-14.5,415.5766937004328
-67.5,-13.5,415.5759173213856
-67.5,-12.5,415.5759347516344
-67.5,-11.5,415.5749334584997
-67.5,-10.5,415.5747272671384
-67.5,-9.5,415.5754740778411
-67.5,-8.5,415.57482923654976
-67.5,-7.5,415.57503515823606
-67.5,-6.5,415.57424875307055
-67.5,-5.5,415.5734379723141
-67.5,-4.5,415.57180650553175
-67.5,-3.5,415.57087615570487
-67.5,-2.5,415.5692687515742
-67.5,-1.5,415.56737923514993
-67.5,-0.5,415.5657792519669
-67.5,0.5,415.5640046987498
-67.5,1.5,415.5622558409269
-67.5,2.5,415.55993345081066
-67.5,3.5,415.5581793887701
-67.5,4.5,415.55607956199015
-67.5,5.5,415.5543250651486
-67.5,6.5,415.5528102284901
-67.5,7.5,415.5508065545283
-67.5,8.5,415.5494178557816
-67.5,9.5,415.5482489526579
-67.5,10.5,415.5461897166805
-67.5,11.5,415.5447505996135
-67.5,12.5,415.5425970004927
-67.5,13.5,415.5412527731951
-67.5,14.5,415.5403346589188
-67.5,15.5,415.5388847546158
-67.5,16.5,415.5370856898813
-67.5,17.5,415.5359916785789
-67.5,18.5,415.53425299992495
-67.5,19.5,415.5328309947724
-67.5,20.5,415.5318090049419
-67.5,21.5,415.5298741065071
-67.5,22.5,415.52812296465095
-67.5,23.5,415.52721442448376
-67.5,24.5,415.5255858963983
-67.5,25.5,415.524076419339
-67.5,26.5,415.522834638237
-67.5,27.5,415.5213544961359
-67.5,28.5,415.5203726262197
-67.5,29.5,415.5194326113451
-67.5,30.5,415.5184716538205
-67.5,31.5,415.5181187429713
-67.5,32.5,415.51742569206647
-67.5,33.5,415.5164911114833
-67.5,34.5,415.5157218375981
-67.5,35.5,415.5158556081632
-67.5,36.5,415.5151634880119
-67.5,37.5,415.51382545056
-67.5,38.5,415.5143946092
-67.5,39.5,415.5141359640892
-67.5,40.5,415.513618724162
-67.5,41.5,415.5133497141599
-67.5,42.5,415.5125949796516
-67.5,43.5,415.5125043258273
-67.5,44.5,415.5126611906741
-67.5,45.5,415.5031307212557
-67.5,46.5,415.50399378881536
-67.5,47.5,415.5063792942104
-67.5,48.5,415.4747034134046
-67.5,49.5,415.4758620552532
-67.5,50.5,415.5009864410789
-67.5,51.5,415.3322951870156
-67.5,52.5,415.337136051042
-67.5,53.5,415.3382352414432
-67.5,54.5,415.3295222488264
-67.5,55.5,415.3285606664083
-67.5,56.5,415.31907546359065
-67.5,57.5,415.3135390538093
-67.5,58.5,415.4769929889571
-67.5,59.5,415.4746139985149
-67.5,60.5,415.4895311661394
-67.5,61.5,415.4876958693524
-67.5,62.5,415.4797865405285
-67.5,63.5,415.47444140529234
-67.5,64.5,415.4725733255807
-67.5,65.5,415.4849521477042
-67.5,66.5,415.4788948232359
-67.5,67.5,415.49245349535255
-67.5,68.5,415.48936935927264
-67.5,69.5,415.49012113445065
-67.5,70.5,415.4983387603792
-67.5,71.5,415.4958544362054
-67.5,72.5,415.4925898611911
-67.5,73.5,415.4910723887898
-67.5,74.5,415.4880801187098
-67.5,75.5,415.4834044842984
-67.5,76.5,415.4827655262036
-67.5,77.5,415.4843675217137
-67.5,78.5,415.48129273804807
-67.5,79.5,415.47671047502456
-67.5,80.5,415.47485313399216
-67.5,81.5,415.4805187385232
-67.5,82.5,415.48628383527296
-67.5,83.5,415.4883058147835
-67.5,84.5,415.45391205758864
-67.5,85.5,415.4562549443047
-67.5,86.5,415.3070899802324
-67.5,87.5,415.30926782157
-67.5,88.5,415.307726709214
-67.5,89.5,415.309749116339
-67.5,90.5,415.2976137441525
-67.5,91.5,415.2990963756537
-67.5,92.5,415.3006774386435
-67.5,93.5,415.3360848990584
-67.5,94.5,415.2250336871178
-67.5,95.5,415.224667092751
-67.5,96.5,415.2560959936993
-67.5,97.5,415.25457806933497
-67.5,98.5,415.2531539493335
-67.5,99.5,415.3670528505336
-67.5,100.5,415.36783888547626
-67.5,101.5,415.2294427965534
-67.5,102.5,415.2336334418178
-67.5,103.5,415.2254897528428
-67.5,104.5,415.2233502954639
-67.5,105.5,415.1905528624978
-67.5,106.5,415.1898399714389
-67.5,107.5,415.3378167803716
-67.5,108.5,415.3311635186387
-67.5,109.5,415.2887358484984
-67.5,110.5,415.2861725164449
-67.5,111.5,415.3603287620332
-67.5,112.5,415.356722542434
-67.5,113.5,415.3904499715927
-67.5,114.5,415.3876433391789
-67.5,115.5,415.4575261620864
-67.5,116.5,415.4552725459806
-67.5,117.5,415.40893135752026
-67.5,118.5,415.40931008906506
-67.5,119.5,415.4097223717384
-67.5,120.5,415.31827389172815
-67.5,121.5,415.3205626481365
-67.5,122.5,415.37179501383696
-67.5,123.5,415.2741952535698
-67.5,124.5,415.2744826026962
-67.5,125.5,415.2747628317594
-67.5,126.5,415.289708758463
-67.5,127.5,415.2845771795177
-67.5,128.5,415.2572712441316
-67.5,129.5,415.2627154913298
-67.5,130.5,415.29876969662143
-67.5,131.5,415.302283550538
-67.5,132.5,415.2378699799892
-67.5,133.5,415.2355369384631
-67.5,134.5,415.2166615310489
-67.5,135.5,415.2166442681977
-67.5,136.5,415.2166692037755
-67.5,137.5,415.2189803587996
-67.5,138.5,415.217316303239
-67.5,139.5,415.26021599970704
-67.5,140.5,415.2567593867311
-67.5,141.5,415.2533886431156
-67.5,142.5,415.34583678518175
-67.5,143.5,415.3379857844847
-67.5,144.5,415.44327084495166
-67.5,145.5,415.4404434684184
-67.5,146.5,415.4682498664903
-67.5,147.5,415.4674532985874
-67.5,148.5,415.4691065147732
-67.5,149.5,415.46862724149554
-67.5,150.5,415.4689868497358
-67.5,151.5,415.4714115684395
-67.5,152.5,415.4726591687194
-67.5,153.5,415.4713351288865
-67.5,154.5,415.4727512851736
-67.5,155.5,415.4773105895441
-67.5,156.5,415.476213352334
-67.5,157.5,415.4787641610816
-67.5,158.5,415.48096042192174
-67.5,159.5,415.4863304461691
-67.5,160.5,415.4871692946217
-67.5,161.5,415.4900865615421
-67.5,162.5,415.4935211321364
-67.5,163.5,415.4969047490808
-67.5,164.5,415.5053066169314
-67.5,165.5,415.509518661998
-67.5,166.5,415.50760789837017
-67.5,167.5,415.5110873309637
-67.5,168.5,415.5207426508199
-67.5,169.5,415.5183535825858
-67.5,170.5,415.52175957571467
-67.5,171.5,415.5250933797043
-67.5,172.5,415.5284030898776
-67.5,173.5,415.53129107877845
-67.5,174.5,415.5420749788248
-67.5,175.5,415.5368861904216
-67.5,176.5,415.5482594300551
-67.5,177.5,415.5508642335112
-67.5,178.5,415.5538535212039
-67.5,179.5,415.55785423866
-66.5,-179.5,415.58714438077175
-66.5,-178.5,415.59901039098
-66.5,-177.5,415.5916188299588
-66.5,-176.5,415.6063321421676
-66.5,-175.5,415.60897415199184
-66.5,-174.5,415.6107107309696
-66.5,-173.5,415.6132163976399
-66.5,-172.5,415.6168316049295
-66.5,-171.5,415.6061118806164
-66.5,-170.5,415.6203784673506
-66.5,-169.5,415.6223823674863
-66.5,-168.5,415.6253997727741
-66.5,-167.5,415.6252142672497
-66.5,-166.5,415.6150971978472
-66.5,-165.5,415.61675532346646
-66.5,-164.5,415.6181551482111
-66.5,-163.5,415.6330964299294
-66.5,-162.5,415.6357157968792
-66.5,-161.5,415.6353711726392
-66.5,-160.5,415.6244115945246
-66.5,-159.5,415.62549820391627
-66.5,-158.5,415.6405115088573
-66.5,-157.5,415.64137184167095
-66.5,-156.5,415.6418616648543
-66.5,-155.5,415.6283016828313
-66.5,-154.5,415.64255266304167
-66.5,-153.5,415.6422004175163
-66.5,-152.5,415.6279303831087
-66.5,-151.5,415.6411311838238
-66.5,-150.5,415.6264345271177
-66.5,-149.5,415.64113528477407
-66.5,-148.5,415.6382305195462
-66.5,-147.5,415.6388752268697
-66.5,-146.5,415.6217573255847
-66.5,-145.5,415.6364068756496
-66.5,-144.5,415.6207138368309
-66.5,-143.5,415.6330496715987
-66.5,-142.5,415.6171977440384
-66.5,-141.5,415.62836576513047
-66.5,-140.5,415.6283333731644
-66.5,-139.5,415.62548004113154
-66.5,-138.5,415.6253417371676
-66.5,-137.5,415.622109312587
-66.5,-136.5,415.6201850943736
-66.5,-135.5,415.605116471533
-66.5,-134.5,415.60318014127176
-66.5,-133.5,415.60077473809815
-66.5,-132.5,415.6094959293909
-66.5,-131.5,415.606957187476
-66.5,-130.5,415.6045774777584
-66.5,-129.5,415.5930936004236
-66.5,-128.5,415.59977146392544
-66.5,-127.5,415.5973261692624
-66.5,-126.5,415.5936913982167
-66.5,-125.5,415.5925083030072
-66.5,-124.5,415.5826064574167
-66.5,-123.5,415.58065095202
-66.5,-122.5,415.58401130994105
-66.5,-121.5,415.5815634820992
-66.5,-120.5,415.5776968081242
-66.5,-119.5,415.5723265462738
-66.5,-118.5,415.5734742829402
-66.5,-117.5,415.56792721374376
-66.5,-116.5,415.56664035137976
-66.5,-115.5,415.5652743258706
-66.5,-114.5,415.5630243315783
-66.5,-113.5,415.5652284512948
-66.5,-112.5,415.5609323158405
-66.5,-111.5,415.5633997489189
-66.5,-110.5,415.5616735854491
-66.5,-109.5,415.5608611567741
-66.5,-108.5,415.5599369868065
-66.5,-107.5,415.5549698517185
-66.5,-106.5,415.5527967528362
-66.5,-105.5,415.55585606912393
-66.5,-104.5,415.54979433265794
-66.5,-103.5,415.54841528040095
-66.5,-102.5,415.54618076406354
-66.5,-101.5,415.5504198454042
-66.5,-100.5,415.5493834809449
-66.5,-99.5,415.54255060672665
-66.5,-98.5,415.5466841622359
-66.5,-97.5,415.5396100278389
-66.5,-96.5,415.5389858620002
-66.5,-95.5,415.5372267406123
-66.5,-94.5,415.5377846517488
-66.5,-93.5,415.5376365863089
-66.5,-92.5,415.5441264447966
-66.5,-91.5,415.5442676097431
-66.5,-90.5,415.5445988604943
-66.5,-89.5,415.54424130314425
-66.5,-88.5,415.5372498785556
-66.5,-87.5,415.5454495571241
-66.5,-86.5,415.5459295561937
-66.5,-85.5,415.5382466808129
-66.5,-84.5,415.5468729364244
-66.5,-83.5,415.5471600792164
-66.5,-82.5,415.53914499275913
-66.5,-81.5,415.5390109994865
-66.5,-80.5,415.5389577492893
-66.5,-79.5,415.5474218384668
-66.5,-78.5,415.5475661826856
-66.5,-77.5,415.5397787224575
-66.5,-76.5,415.5393666947615
-66.5,-75.5,415.54063352944536
-66.5,-74.5,415.55027742490137
-66.5,-73.5,415.5417875866191
-66.5,-72.5,415.5519339309471
-66.5,-71.5,415.54315347854975
-66.5,-70.5,415.553721584206
-66.5,-69.5,415.5446535848124
-66.5,-68.5,415.5546417849516
-66.5,-67.5,415.5457314376441
-66.5,-66.5,415.53238096961246
-66.5,-65.5,415.5240439076449
-66.5,-64.5,415.5252169968783
-66.5,-63.5,415.5604686720615
-66.5,-62.5,415.5530684314274
-66.5,-61.5,415.5675148370552
-66.5,-60.5,415.5608929044432
-66.5,-59.5,415.5721843893298
-66.5,-58.5,415.5689619344143
-66.5,-57.5,415.58006193344073
-66.5,-56.5,415.5752238221438
-66.5,-55.5,415.5780936742597
-66.5,-54.5,415.58078054860863
-66.5,-53.5,415.5839498382794
-66.5,-52.5,415.5866976690029
-66.5,-51.5,415.5894249227822
-66.5,-50.5,415.59244719585774
-66.5,-49.5,415.59488217896927
-66.5,-48.5,415.6028875813512
-66.5,-47.5,415.6052180129944
-66.5,-46.5,415.6068149524475
-66.5,-45.5,415.6084661128277
-66.5,-44.5,415.6102423736427
-66.5,-43.5,415.6113300242502
-66.5,-42.5,415.607309533148
-66.5,-41.5,415.61250052323066
-66.5,-40.5,415.60837216118864
-66.5,-39.5,415.6128721739325
-66.5,-38.5,415.6119779313466
-66.5,-37.5,415.61161971596425
-66.5,-36.5,415.6115588924079
-66.5,-35.5,415.6112044410272
-66.5,-34.5,415.6056267283652
-66.5,-33.5,415.609192414767
-66.5,-32.5,415.6088552502016
-66.5,-31.5,415.60798277277325
-66.5,-30.5,415.6066405376374
-66.5,-29.5,415.6020001095516
-66.5,-28.5,415.601100063407
-66.5,-27.5,415.6034094686305
-66.5,-26.5,415.60181145862055
-66.5,-25.5,415.5979987651523
-66.5,-24.5,415.59711049366456
-66.5,-23.5,415.5956767210795
-66.5,-22.5,415.5950773386806
-66.5,-21.5,415.5942620800249
-66.5,-20.5,415.5946533525896
-66.5,-19.5,415.5937407780987
-66.5,-18.5,415.5931593624304
-66.5,-17.5,415.5899457349967
-66.5,-16.5,415.5906221385952
-66.5,-15.5,415.5894785953815
-66.5,-14.5,415.5871347604461
-66.5,-13.5,415.58698482692034
-66.5,-12.5,415.5854202161566
-66.5,-11.5,415.5847119878548
-66.5,-10.5,415.5833690925887
-66.5,-9.5,415.583740311202
-66.5,-8.5,415.5829654852668
-66.5,-7.5,415.5832492789555
-66.5,-6.5,415.58221550533256
-66.5,-5.5,415.5814817776802
-66.5,-4.5,415.5801363517558
-66.5,-3.5,415.5782498899023
-66.5,-2.5,415.57721388439217
-66.5,-1.5,415.5750870234484
-66.5,-0.5,415.573819764494
-66.5,0.5,415.57180837509713
-66.5,1.5,415.5704358940502
-66.5,2.5,415.5705229982043
-66.5,3.5,415.56694752970986
-66.5,4.5,415.56480276015634
-66.5,5.5,415.56272000803807
-66.5,6.5,415.5607490961081
-66.5,7.5,415.5591602188357
-66.5,8.5,415.5571331912449
-66.5,9.5,415.5556032323342
-66.5,10.5,415.5536073767644
-66.5,11.5,415.5524658877442
-66.5,12.5,415.5508489045925
-66.5,13.5,415.54953657735047
-66.5,14.5,415.5481150038197
-66.5,15.5,415.5467042306516
-66.5,16.5,415.5453454500997
-66.5,17.5,415.5439989658975
-66.5,18.5,415.5428290067188
-66.5,19.5,415.541751552128
-66.5,20.5,415.5404745954344
-66.5,21.5,415.5390082402762
-66.5,22.5,415.5378956160999
-66.5,23.5,415.5357528290821
-66.5,24.5,415.5345898674941
-66.5,25.5,415.53337142304366
-66.5,26.5,415.5322096154292
-66.5,27.5,415.5305230560492
-66.5,28.5,415.529620807319
-66.5,29.5,415.52877920105806
-66.5,30.5,415.5286129274506
-66.5,31.5,415.5278153354327
-66.5,32.5,415.5279050840251
-66.5,33.5,415.5271407822066
-66.5,34.5,415.52645249354185
-66.5,35.5,415.5247140474567
-66.5,36.5,415.523959444301
-66.5,37.5,415.5237952040322
-66.5,38.5,415.5243493169388
-66.5,39.5,415.5231335929815
-66.5,40.5,415.5238397266317
-66.5,41.5,415.5215707959934
-66.5,42.5,415.5207980538544
-66.5,43.5,415.5220778451819
-66.5,44.5,415.51977124516935
-66.5,45.5,415.521777807198
-66.5,46.5,415.5199820899372
-66.5,47.5,415.52131206440174
-66.5,48.5,415.5206208158666
-66.5,49.5,415.51355929443946
-66.5,50.5,415.51673401396056
-66.5,51.5,415.4020303755669
-66.5,52.5,415.4042856258669
-66.5,53.5,415.4492406157093
-66.5,54.5,415.3023044366956
-66.5,55.5,415.4914798321388
-66.5,56.5,415.48401569821374
-66.5,57.5,415.5180482632716
-66.5,58.5,415.5159010187714
-66.5,59.5,415.5168972937664
-66.5,60.5,415.51549940723385
-66.5,61.5,415.51810744067694
-66.5,62.5,415.51273956332375
-66.5,63.5,415.5116912286514
-66.5,64.5,415.5150211150725
-66.5,65.5,415.51386226539
-66.5,66.5,415.5081743520884
-66.5,67.5,415.5068376677166
-66.5,68.5,415.5052247149301
-66.5,69.5,415.50361172106034
-66.5,70.5,415.5062473576727
-66.5,71.5,415.50494627604655
-66.5,72.5,415.5023967428671
-66.5,73.5,415.4964536029435
-66.5,74.5,415.49460933765226
-66.5,75.5,415.4925073178729
-66.5,76.5,415.4952963827113
-66.5,77.5,415.4938629682373
-66.5,78.5,415.4872034248268
-66.5,79.5,415.491543301816
-66.5,80.5,415.48452637587104
-66.5,81.5,415.484925828996
-66.5,82.5,415.48650832269647
-66.5,83.5,415.4911364085846
-66.5,84.5,415.49170229119886
-66.5,85.5,415.4860426063733
-66.5,86.5,415.4868398629473
-66.5,87.5,415.4898061444964
-66.5,88.5,415.49057811029655
-66.5,89.5,415.4390070913833
-66.5,90.5,415.4909528564437
-66.5,91.5,415.4063766953759
-66.5,92.5,415.41027361366025
-66.5,93.5,415.4806966508564
-66.5,94.5,415.477278947296
-66.5,95.5,415.3862647299096
-66.5,96.5,415.4930806548043
-66.5,97.5,415.4479106172087
-66.5,98.5,415.4472355379397
-66.5,99.5,415.4703908047905
-66.5,100.5,415.4696957051683
-66.5,101.5,415.3097429502161
-66.5,102.5,415.3103214735946
-66.5,103.5,415.36043751208047
-66.5,104.5,415.359341962637
-66.5,105.5,415.309633047588
-66.5,106.5,415.3072729258668
-66.5,107.5,415.4724366314471
-66.5,108.5,415.4699583327802
-66.5,109.5,415.4444179661149
-66.5,110.5,415.4467613478957
-66.5,111.5,415.3553500735924
-66.5,112.5,415.35654882856943
-66.5,113.5,415.3756842514447
-66.5,114.5,415.3727008710831
-66.5,115.5,415.4781099088448
-66.5,116.5,415.4776238533671
-66.5,117.5,415.4752761058208
-66.5,118.5,415.4746571959653
-66.5,119.5,415.4767298499725
-66.5,120.5,415.4658912180046
-66.5,121.5,415.47832268463054
-66.5,122.5,415.47920200582337
-66.5,123.5,415.4504507779244
-66.5,124.5,415.4541292954581
-66.5,125.5,415.4740871160503
-66.5,126.5,415.41776740587824
-66.5,127.5,415.478803725022
-66.5,128.5,415.4760004084673
-66.5,129.5,415.42873161354447
-66.5,130.5,415.4354785833721
-66.5,131.5,415.359761074456
-66.5,132.5,415.3617726687589
-66.5,133.5,415.3638145175776
-66.5,134.5,415.3742167174725
-66.5,135.5,415.37094299506737
-66.5,136.5,415.3420181533948
-66.5,137.5,415.3444915774483
-66.5,138.5,415.4730978614197
-66.5,139.5,415.3993041671578
-66.5,140.5,415.4890340408317
-66.5,141.5,415.43878058942624
-66.5,142.5,415.4841088791579
-66.5,143.5,415.4841315152401
-66.5,144.5,415.4839708760128
-66.5,145.5,415.48477208318616
-66.5,146.5,415.48331548934
-66.5,147.5,415.483494234646
-66.5,148.5,415.4869182218308
-66.5,149.5,415.4876457794757
-66.5,150.5,415.48768356762594
-66.5,151.5,415.4892801534394
-66.5,152.5,415.4933037293325
-66.5,153.5,415.4937558280871
-66.5,154.5,415.4982259711604
-66.5,155.5,415.499252576554
-66.5,156.5,415.5044907821393
-66.5,157.5,415.5087817605667
-66.5,158.5,415.5123329484465
-66.5,159.5,415.5163794993193
-66.5,160.5,415.5200102658106
-66.5,161.5,415.52335052948496
-66.5,162.5,415.52772316508447
-66.5,163.5,415.5268534891289
-66.5,164.5,415.5352188386902
-66.5,165.5,415.5344026243473
-66.5,166.5,415.5382047229334
-66.5,167.5,415.5418494678774
-66.5,168.5,415.55236879531753
-66.5,169.5,415.5565395199352
-66.5,170.5,415.5544956582898
-66.5,171.5,415.56555723452414
-66.5,172.5,415.56934901578
-66.5,173.5,415.57215922294114
-66.5,174.5,415.57550440565205
-66.5,175.5,415.5793609417663
-66.5,176.5,415.5827467205003
-66.5,177.5,415.5855693865707
-66.5,178.5,415.5801492504943
-66.5,179.5,415.5842707173105
-65.5,-179.5,415.6252951169493
-65.5,-178.5,415.6390564907845
-65.5,-177.5,415.6420385655422
-65.5,-176.5,415.63390329819725
-65.5,-175.5,415.6472613956576
-65.5,-174.5,415.6508216200186
-65.5,-173.5,415.6529374057452
-65.5,-172.5,415.6545048193405
-65.5,-171.5,415.65639257528807
-65.5,-170.5,415.6577845571565
-65.5,-169.5,415.6595668785532
-65.5,-168.5,415.64954918815846
-65.5,-167.5,415.66373090347497
-65.5,-166.5,415.66544519012587
-65.5,-165.5,415.66683508352486
-65.5,-164.5,415.6544060126913
-65.5,-163.5,415.6571006172375
-65.5,-162.5,415.67170376707406
-65.5,-161.5,415.67262423835786
-65.5,-160.5,415.67369442028337
-65.5,-159.5,415.6745009202248
-65.5,-158.5,415.675412185113
-65.5,-157.5,415.6761181711754
-65.5,-156.5,415.67622311792536
-65.5,-155.5,415.67659078255934
-65.5,-154.5,415.6780876769192
-65.5,-153.5,415.6778890295103
-65.5,-152.5,415.6644337832901
-65.5,-151.5,415.67717570402544
-65.5,-150.5,415.6765531542436
-65.5,-149.5,415.6757866727021
-65.5,-148.5,415.6744196230736
-65.5,-147.5,415.6731995800149
-65.5,-146.5,415.65810017583135
-65.5,-145.5,415.6565675726962
-65.5,-144.5,415.66784132552
-65.5,-143.5,415.65261204586506
-65.5,-142.5,415.6501835047403
-65.5,-141.5,415.66165557453184
-65.5,-140.5,415.6468757210648
-65.5,-139.5,415.6453497689308
-65.5,-138.5,415.6559913528872
-65.5,-137.5,415.6418729243738
-65.5,-136.5,415.65146116347125
-65.5,-135.5,415.6373899138231
-65.5,-134.5,415.6455205818812
-65.5,-133.5,415.6422913484694
-65.5,-132.5,415.6373440294133
-65.5,-131.5,415.6346771107776
-65.5,-130.5,415.62406994674654
-65.5,-129.5,415.6221124638285
-65.5,-128.5,415.6264908426864
-65.5,-127.5,415.623768568965
-65.5,-126.5,415.6157072331101
-65.5,-125.5,415.6134551146961
-65.5,-124.5,415.6110167617234
-65.5,-123.5,415.6072143896751
-65.5,-122.5,415.6080612820733
-65.5,-121.5,415.6053706557457
-65.5,-120.5,415.6025290396982
-65.5,-119.5,415.5995089835745
-65.5,-118.5,415.5926626689201
-65.5,-117.5,415.5933797934348
-65.5,-116.5,415.5911874187446
-65.5,-115.5,415.58706447153423
-65.5,-114.5,415.5850293368544
-65.5,-113.5,415.5861595938281
-65.5,-112.5,415.5846252569712
-65.5,-111.5,415.5836351110556
-65.5,-110.5,415.5801778248895
-65.5,-109.5,415.57893522554633
-65.5,-108.5,415.5790811198655
-65.5,-107.5,415.5754564228704
-65.5,-106.5,415.576698880972
-65.5,-105.5,415.5726934920248
-65.5,-104.5,415.5702492569641
-65.5,-103.5,415.5687813541281
-65.5,-102.5,415.56748615354144
-65.5,-101.5,415.5662149726467
-65.5,-100.5,415.56434420788366
-65.5,-99.5,415.5631824246817
-65.5,-98.5,415.5610564700507
-65.5,-97.5,415.56016840264897
-65.5,-96.5,415.56004966102313
-65.5,-95.5,415.564114924242
-65.5,-94.5,415.56415212336407
-65.5,-93.5,415.5640181273818
-65.5,-92.5,415.5577689068979
-65.5,-91.5,415.56417618107
-65.5,-90.5,415.5643052532001
-65.5,-89.5,415.557293791832
-65.5,-88.5,415.56413232417776
-65.5,-87.5,415.5570331513228
-65.5,-86.5,415.56445908139295
-65.5,-85.5,415.5576290165143
-65.5,-84.5,415.5581434590191
-65.5,-83.5,415.5585455778759
-65.5,-82.5,415.5670505262439
-65.5,-81.5,415.55984316341977
-65.5,-80.5,415.56736145628986
-65.5,-79.5,415.5599247528489
-65.5,-78.5,415.5675802866039
-65.5,-77.5,415.5676274662667
-65.5,-76.5,415.560049218258
-65.5,-75.5,415.5600367258975
-65.5,-74.5,415.5684810749326
-65.5,-73.5,415.5688154642568
-65.5,-72.5,415.5697040751237
-65.5,-71.5,415.5701837333066
-65.5,-70.5,415.57107138409
-65.5,-69.5,415.5630358479803
-65.5,-68.5,415.5666944918166
-65.5,-67.5,415.5593982222823
-65.5,-66.5,415.5541113012069
-65.5,-65.5,415.5562444653024
-65.5,-64.5,415.5670230575895
-65.5,-63.5,415.5493640526623
-65.5,-62.5,415.5428873360158
-65.5,-61.5,415.5608966769665
-65.5,-60.5,415.5878350518812
-65.5,-59.5,415.5896654257161
-65.5,-58.5,415.5927230682768
-65.5,-57.5,415.5950206553577
-65.5,-56.5,415.5892117275316
-65.5,-55.5,415.6005739581788
-65.5,-54.5,415.5953266936613
-65.5,-53.5,415.5983052313216
-65.5,-52.5,415.6007974485111
-65.5,-51.5,415.6032263816812
-65.5,-50.5,415.6061162377701
-65.5,-49.5,415.61509219441575
-65.5,-48.5,415.6170772933097
-65.5,-47.5,415.6127740854426
-65.5,-46.5,415.620285988465
-65.5,-45.5,415.6218627417271
-65.5,-44.5,415.6178599297281
-65.5,-43.5,415.6246029499121
-65.5,-42.5,415.62013046201696
-65.5,-41.5,415.6260476756137
-65.5,-40.5,415.62108690074615
-65.5,-39.5,415.62637983815046
-65.5,-38.5,415.621485743894
-65.5,-37.5,415.6264107697811
-65.5,-36.5,415.6259148356846
-65.5,-35.5,415.6207614519678
-65.5,-34.5,415.625050379034
-65.5,-33.5,415.6243776456358
-65.5,-32.5,415.6229746538465
-65.5,-31.5,415.6174154235615
-65.5,-30.5,415.6210629527632
-65.5,-29.5,415.615215649386
-65.5,-28.5,415.6183883232166
-65.5,-27.5,415.6173285607673
-65.5,-26.5,415.6157740522189
-65.5,-25.5,415.61463965307695
-65.5,-24.5,415.61382079439227
-65.5,-23.5,415.6090916108506
-65.5,-22.5,415.6113619751244
-65.5,-21.5,415.6075683144623
-65.5,-20.5,415.6092154320459
-65.5,-19.5,415.606235375215
-65.5,-18.5,415.6052084754969
-65.5,-17.5,415.60542725479615
-65.5,-16.5,415.604019507326
-65.5,-15.5,415.6007865835711
-65.5,-14.5,415.60083392242007
-65.5,-13.5,415.5983286874764
-65.5,-12.5,415.59737306692216
-65.5,-11.5,415.5952774647669
-65.5,-10.5,415.5947315122994
-65.5,-9.5,415.5931748685825
-65.5,-8.5,415.5915073006548
-65.5,-7.5,415.59105884102223
-65.5,-6.5,415.5899666020484
-65.5,-5.5,415.5883786137118
-65.5,-4.5,415.5869604632802
-65.5,-3.5,415.5861389908177
-65.5,-2.5,415.5845059556094
-65.5,-1.5,415.5833295124608
-65.5,-0.5,415.5818514903003
-65.5,0.5,415.5808009242819
-65.5,1.5,415.5793602261969
-65.5,2.5,415.5780963272394
-65.5,3.5,415.5766007019432
-65.5,4.5,415.5755634361777
-65.5,5.5,415.57353543674566
-65.5,6.5,415.5720447486582
-65.5,7.5,415.5706276694847
-65.5,8.5,415.5680242128987
-65.5,9.5,415.5663075137103
-65.5,10.5,415.5638657124457
-65.5,11.5,415.5625220578691
-65.5,12.5,415.5612007746425
-65.5,13.5,415.5601260934045
-65.5,14.5,415.5591172435728
-65.5,15.5,415.5582008855348
-65.5,16.5,415.556987754477
-65.5,17.5,415.5556969081441
-65.5,18.5,415.55410033792697
-65.5,19.5,415.55300270956224
-65.5,20.5,415.55176704300953
-65.5,21.5,415.5508122823645
-65.5,22.5,415.5496643905724
-65.5,23.5,415.54863874422944
-65.5,24.5,415.5474016183737
-65.5,25.5,415.5455574843912
-65.5,26.5,415.5444706411307
-65.5,27.5,415.5429960200447
-65.5,28.5,415.5426507478842
-65.5,29.5,415.54195919879015
-65.5,30.5,415.5415971022061
-65.5,31.5,415.54103264986566
-65.5,32.5,415.5405866483258
-65.5,33.5,415.5401287829302
-65.5,34.5,415.5395132644048
-65.5,35.5,415.5385369172516
-65.5,36.5,415.53790613036745
-65.5,37.5,415.5375988061842
-65.5,38.5,415.6875686912842
-65.5,39.5,415.5374425525878
-65.5,40.5,415.53568141198497
-65.5,41.5,415.5355333581134
-65.5,42.5,415.5365913416523
-65.5,43.5,415.5363944256476
-65.5,44.5,415.5338116762913
-65.5,45.5,415.5330615867387
-65.5,46.5,415.53441788741225
-65.5,47.5,415.5341345186425
-65.5,48.5,415.53294476171817
-65.5,49.5,415.5332746440682
-65.5,50.5,415.5311100786254
-65.5,51.5,415.52930878825424
-65.5,52.5,415.5362319441852
-65.5,53.5,415.5363985508872
-65.5,54.5,415.5313099833916
-65.5,55.5,415.53247846477217
-65.5,56.5,415.5317956437209
-65.5,57.5,415.530202292717
-65.5,58.5,415.5285732968124
-65.5,59.5,415.525740857488
-65.5,60.5,415.5290461530877
-65.5,61.5,415.5279261470557
-65.5,62.5,415.5274443026265
-65.5,63.5,415.5220877761909
-65.5,64.5,415.5211043453804
-65.5,65.5,415.5253778618518
-65.5,66.5,415.5246849788084
-65.5,67.5,415.5234539349977
-65.5,68.5,415.52259663418215
-65.5,69.5,415.5207510797129
-65.5,70.5,415.51960344691247
-65.5,71.5,415.5175038191067
-65.5,72.5,415.516258295087
-65.5,73.5,415.50879587617686
-65.5,74.5,415.51293313726353
-65.5,75.5,415.5104046778325
-65.5,76.5,415.50889569815433
-65.5,77.5,415.5064595518448
-65.5,78.5,415.5053958063797
-65.5,79.5,415.5042405222165
-65.5,80.5,415.5032975917536
-65.5,81.5,415.4973841285228
-65.5,82.5,415.5009463517676
-65.5,83.5,415.4992226217801
-65.5,84.5,415.4940067400101
-65.5,85.5,415.49276579874976
-65.5,86.5,415.4965007711258
-65.5,87.5,415.4958500387806
-65.5,88.5,415.4956084540896
-65.5,89.5,415.4952618915762
-65.5,90.5,415.49506725060496
-65.5,91.5,415.4947981920525
-65.5,92.5,415.4945479696623
-65.5,93.5,415.4927341923319
-65.5,94.5,415.4927706959588
-65.5,95.5,415.4893642921528
-65.5,96.5,415.4883197574375
-65.5,97.5,415.48740236546433
-65.5,98.5,415.4901673865506
-65.5,99.5,415.4887409480015
-65.5,100.5,415.48675823295486
-65.5,101.5,415.4895447075917
-65.5,102.5,415.491600949605
-65.5,103.5,415.4914841093474
-65.5,104.5,415.4924757015323
-65.5,105.5,415.4895666718052
-65.5,106.5,415.4908977512316
-65.5,107.5,415.4876960252524
-65.5,108.5,415.48897258252606
-65.5,109.5,415.48930084575335
-65.5,110.5,415.4883678378905
-65.5,111.5,415.45942511846647
-65.5,112.5,415.4604689924838
-65.5,113.5,415.4913478959448
-65.5,114.5,415.4910809524765
-65.5,115.5,415.4897935845039
-65.5,116.5,415.486883869286
-65.5,117.5,415.4889065629465
-65.5,118.5,415.4862064748389
-65.5,119.5,415.4886935843727
-65.5,120.5,415.4883622399644
-65.5,121.5,415.48828322796686
-65.5,122.5,415.48815094432274
-65.5,123.5,415.4843337034964
-65.5,124.5,415.4869031814816
-65.5,125.5,415.48370697490856
-65.5,126.5,415.4856234640843
-65.5,127.5,415.4856183481074
-65.5,128.5,415.4821238112837
-65.5,129.5,415.4835987494813
-65.5,130.5,415.4850104513099
-65.5,131.5,415.48336626551645
-65.5,132.5,415.4852101101587
-65.5,133.5,415.4914929930503
-65.5,134.5,415.4933226951399
-65.5,135.5,415.4941679627476
-65.5,136.5,415.4920389712844
-65.5,137.5,415.4958370970306
-65.5,138.5,415.4966342764272
-65.5,139.5,415.49761408412
-65.5,140.5,415.4957210879836
-65.5,141.5,415.4992425541063
-65.5,142.5,415.49797595021903
-65.5,143.5,415.499029585072
-65.5,144.5,415.5030212536363
-65.5,145.5,415.5042939781494
-65.5,146.5,415.5045968849016
-65.5,147.5,415.50647575720063
-65.5,148.5,415.5109948622828
-65.5,149.5,415.5112399115648
-65.5,150.5,415.5143053137226
-65.5,151.5,415.51916690684567
-65.5,152.5,415.5225008283688
-65.5,153.5,415.5236843682283
-65.5,154.5,415.530030665128
-65.5,155.5,415.5302988365355
-65.5,156.5,415.5366982008968
-65.5,157.5,415.53817905323353
-65.5,158.5,415.5452304170363
-65.5,159.5,415.5489918318784
-65.5,160.5,415.5499966758126
-65.5,161.5,415.5536147840693
-65.5,162.5,415.557802247126
-65.5,163.5,415.5615079769255
-65.5,164.5,415.56911703142
-65.5,165.5,415.57387543522833
-65.5,166.5,415.573234802172
-65.5,167.5,415.57725519091775
-65.5,168.5,415.5883011268367
-65.5,169.5,415.5925003108765
-65.5,170.5,415.59683980978
-65.5,171.5,415.595423020096
-65.5,172.5,415.6057697371404
-65.5,173.5,415.609856685043
-65.5,174.5,415.6135635909722
-65.5,175.5,415.61653015750846
-65.5,176.5,415.6121053228389
-65.5,177.5,415.62479152532745
-65.5,178.5,415.6282709701316
-65.5,179.5,415.6223167077709
-64.5,-179.5,415.6637650462766
-64.5,-178.5,415.6776389896284
-64.5,-177.5,415.68058801213226
-64.5,-176.5,415.6830175337123
-64.5,-175.5,415.68566573571593
-64.5,-174.5,415.6893086812763
-64.5,-173.5,415.68001203615006
-64.5,-172.5,415.69290319586975
-64.5,-171.5,415.6841126821132
-64.5,-170.5,415.697862343162
-64.5,-169.5,415.6992279807338
-64.5,-168.5,415.7006774506798
-64.5,-167.5,415.6885025609933
-64.5,-166.5,415.7026892086475
-64.5,-165.5,415.7055163692384
-64.5,-164.5,415.6936440099207
-64.5,-163.5,415.6946698983492
-64.5,-162.5,415.7088363974181
-64.5,-161.5,415.7095745704353
-64.5,-160.5,415.71050363107065
-64.5,-159.5,415.69812695485086
-64.5,-158.5,415.69886481164
-64.5,-157.5,415.7008770501161
-64.5,-156.5,415.7135595083036
-64.5,-155.5,415.7010729789957
-64.5,-154.5,415.7008979462232
-64.5,-153.5,415.71360524553336
-64.5,-152.5,415.7009337590479
-64.5,-151.5,415.7005687699715
-64.5,-150.5,415.7000979786536
-64.5,-149.5,415.7113984975452
-64.5,-148.5,415.710280959673
-64.5,-147.5,415.6963398259572
-64.5,-146.5,415.694811034601
-64.5,-145.5,415.7049371926272
-64.5,-144.5,415.7030982090033
-64.5,-143.5,415.6884420083751
-64.5,-142.5,415.6864164952879
-64.5,-141.5,415.6958557449257
-64.5,-140.5,415.693818341928
-64.5,-139.5,415.691220780512
-64.5,-138.5,415.6779438369449
-64.5,-137.5,415.6861487092799
-64.5,-136.5,415.6733666160192
-64.5,-135.5,415.6801559916518
-64.5,-134.5,415.67713213133663
-64.5,-133.5,415.6654310743746
-64.5,-132.5,415.6700847377757
-64.5,-131.5,415.66656386104574
-64.5,-130.5,415.66286033005485
-64.5,-129.5,415.65787212034496
-64.5,-128.5,415.6547737019753
-64.5,-127.5,415.647340443524
-64.5,-126.5,415.6483407260934
-64.5,-125.5,415.6449571903176
-64.5,-124.5,415.63889744606746
-64.5,-123.5,415.6387836514712
-64.5,-122.5,415.6331852728556
-64.5,-121.5,415.62879711828856
-64.5,-120.5,415.6284540403828
-64.5,-119.5,415.6236132916311
-64.5,-118.5,415.6232670394122
-64.5,-117.5,415.6207351794025
-64.5,-116.5,415.6165638120758
-64.5,-115.5,415.614881083248
-64.5,-114.5,415.6111330086396
-64.5,-113.5,415.6114777620844
-64.5,-112.5,415.60708532204256
-64.5,-111.5,415.60598947269295
-64.5,-110.5,415.6050812878965
-64.5,-109.5,415.6036687141633
-64.5,-108.5,415.6019852014278
-64.5,-107.5,415.6004980799343
-64.5,-106.5,415.59944356486346
-64.5,-105.5,415.5977851985587
-64.5,-104.5,415.5950684091607
-64.5,-103.5,415.5936675427152
-64.5,-102.5,415.5907091778377
-64.5,-101.5,415.5892233368218
-64.5,-100.5,415.5900442642405
-64.5,-99.5,415.58630426600246
-64.5,-98.5,415.58539613312666
-64.5,-97.5,415.5870036260015
-64.5,-96.5,415.58287886263673
-64.5,-95.5,415.58545046921176
-64.5,-94.5,415.5813171919025
-64.5,-93.5,415.58632918850776
-64.5,-92.5,415.58176686650506
-64.5,-91.5,415.5857274454446
-64.5,-90.5,415.5857248603187
-64.5,-89.5,415.5800217244744
-64.5,-88.5,415.5854206920606
-64.5,-87.5,415.5795212418168
-64.5,-86.5,415.5796429906924
-64.5,-85.5,415.5869604098151
-64.5,-84.5,415.5806548845754
-64.5,-83.5,415.5871386836911
-64.5,-82.5,415.5872164872566
-64.5,-81.5,415.5873833010363
-64.5,-80.5,415.5873597404574
-64.5,-79.5,415.5875452740101
-64.5,-78.5,415.5875701629619
-64.5,-77.5,415.5810238429847
-64.5,-76.5,415.5810263766285
-64.5,-75.5,415.5885590238664
-64.5,-74.5,415.5815356765336
-64.5,-73.5,415.5819152748257
-64.5,-72.5,415.58218723208535
-64.5,-71.5,415.5904289856784
-64.5,-70.5,415.5908270786186
-64.5,-69.5,415.583752919433
-64.5,-68.5,415.5918463582484
-64.5,-67.5,415.5848781171716
-64.5,-66.5,415.5864346627884
-64.5,-65.5,415.59138703523246
-64.5,-64.5,415.5945389132299
-64.5,-63.5,415.55716408228375
-64.5,-62.5,415.5526778638388
-64.5,-61.5,415.55600561811895
-64.5,-60.5,415.5160388232403
-64.5,-59.5,415.5173755792108
-64.5,-58.5,415.5866242866968
-64.5,-57.5,415.613309631153
-64.5,-56.5,415.61503569263
-64.5,-55.5,415.609896080891
-64.5,-54.5,415.6122347408205
-64.5,-53.5,415.6150383239231
-64.5,-52.5,415.61737770396326
-64.5,-51.5,415.627416755774
-64.5,-50.5,415.6225291115957
-64.5,-49.5,415.631027398833
-64.5,-48.5,415.6329064571243
-64.5,-47.5,415.6350983141769
-64.5,-46.5,415.6366246124388
-64.5,-45.5,415.6383307429047
-64.5,-44.5,415.6394307369261
-64.5,-43.5,415.6397394664724
-64.5,-42.5,415.64036477152825
-64.5,-41.5,415.6407540020456
-64.5,-40.5,415.6348437400914
-64.5,-39.5,415.64063800224784
-64.5,-38.5,415.6353947045424
-64.5,-37.5,415.6354496884053
-64.5,-36.5,415.6401065070932
-64.5,-35.5,415.6398523780562
-64.5,-34.5,415.6398350750909
-64.5,-33.5,415.6342516114545
-64.5,-32.5,415.6380122637075
-64.5,-31.5,415.6318072791876
-64.5,-30.5,415.63640770282086
-64.5,-29.5,415.6354063565919
-64.5,-28.5,415.6337812119552
-64.5,-27.5,415.62773360209786
-64.5,-26.5,415.6269062439664
-64.5,-25.5,415.6307551193343
-64.5,-24.5,415.6248560700653
-64.5,-23.5,415.6235803050725
-64.5,-22.5,415.6272025575358
-64.5,-21.5,415.6266044173517
-64.5,-20.5,415.6213443901174
-64.5,-19.5,415.62364238381184
-64.5,-18.5,415.6221796962033
-64.5,-17.5,415.61738657742313
-64.5,-16.5,415.6183441283681
-64.5,-15.5,415.6140882952314
-64.5,-14.5,415.6125444798217
-64.5,-13.5,415.6123465448836
-64.5,-12.5,415.6086723127336
-64.5,-11.5,415.6070543727689
-64.5,-10.5,415.6057662098341
-64.5,-9.5,415.6033067439672
-64.5,-8.5,415.6025172074236
-64.5,-7.5,415.5997398881655
-64.5,-6.5,415.5983424927221
-64.5,-5.5,415.5969309195644
-64.5,-4.5,415.5955547233706
-64.5,-3.5,415.59413248305134
-64.5,-2.5,415.5930383834517
-64.5,-1.5,415.5919041023607
-64.5,-0.5,415.5906845598832
-64.5,0.5,415.589943934945
-64.5,1.5,415.5889249228533
-64.5,2.5,415.58804838264416
-64.5,3.5,415.5872946373645
-64.5,4.5,415.58660396002335
-64.5,5.5,415.585533175219
-64.5,6.5,415.58430919113806
-64.5,7.5,415.5829632115799
-64.5,8.5,415.5809359802305
-64.5,9.5,415.5795164789139
-64.5,10.5,415.5779145591333
-64.5,11.5,415.5763526906286
-64.5,12.5,415.57532623289416
-64.5,13.5,415.5743227387615
-64.5,14.5,415.5725062089736
-64.5,15.5,415.57174832199104
-64.5,16.5,415.570810938876
-64.5,17.5,415.56982791317927
-64.5,18.5,415.5686474144322
-64.5,19.5,415.5675810547471
-64.5,20.5,415.5661894919161
-64.5,21.5,415.56519552600855
-64.5,22.5,415.5636390629485
-64.5,23.5,415.5630013723837
-64.5,24.5,415.56184418889455
-64.5,25.5,415.5611194058993
-64.5,26.5,415.5600368056472
-64.5,27.5,415.5585134685613
-64.5,28.5,415.55664294307786
-64.5,29.5,415.55641778016974
-64.5,30.5,415.555430611719
-64.5,31.5,415.5557954922768
-64.5,32.5,415.555497705457
-64.5,33.5,415.5542624501237
-64.5,34.5,415.5548008424946
-64.5,35.5,415.5536546025977
-64.5,36.5,415.5530839251263
-64.5,37.5,415.5530301962266
-64.5,38.5,415.55274121607295
-64.5,39.5,415.55114370007567
-64.5,40.5,415.55229912002994
-64.5,41.5,415.5526986940837
-64.5,42.5,415.5524225320069
-64.5,43.5,415.5504683761045
-64.5,44.5,415.5520351628278
-64.5,45.5,415.5493648492177
-64.5,46.5,415.5488675774546
-64.5,47.5,415.5505441083923
-64.5,48.5,415.5497547064317
-64.5,49.5,415.5463940013436
-64.5,50.5,415.5484147460271
-64.5,51.5,415.5447658721412
-64.5,52.5,415.5471172097131
-64.5,53.5,415.5434557528415
-64.5,54.5,415.54317538948425
-64.5,55.5,415.5425378000424
-64.5,56.5,415.54547693379897
-64.5,57.5,415.5409247183066
-64.5,58.5,415.54058208446617
-64.5,59.5,415.54335534200425
-64.5,60.5,415.542688755829
-64.5,61.5,415.5417368043536
-64.5,62.5,415.5361309562885
-64.5,63.5,415.5403269128137
-64.5,64.5,415.53407837873993
-64.5,65.5,415.53323771902245
-64.5,66.5,415.5323901703832
-64.5,67.5,415.5372971722799
-64.5,68.5,415.53001975975855
-64.5,69.5,415.5348829463952
-64.5,70.5,415.5269535290108
-64.5,71.5,415.52574985540537
-64.5,72.5,415.5241215336849
-64.5,73.5,415.5293403176015
-64.5,74.5,415.5214977886569
-64.5,75.5,415.5265138958746
-64.5,76.5,415.523979444968
-64.5,77.5,415.5226027436434
-64.5,78.5,415.5209414935453
-64.5,79.5,415.5139687536517
-64.5,80.5,415.51924992729744
-64.5,81.5,415.5180903225636
-64.5,82.5,415.5168647215412
-64.5,83.5,415.5091451299104
-64.5,84.5,415.5078031935423
-64.5,85.5,415.5112045059368
-64.5,86.5,415.50958915186
-64.5,87.5,415.5039671241127
-64.5,88.5,415.5033208640053
-64.5,89.5,415.5070181173776
-64.5,90.5,415.5022096712747
-64.5,91.5,415.505707015064
-64.5,92.5,415.5047164187352
-64.5,93.5,415.5042884215373
-64.5,94.5,415.4999133711213
-64.5,95.5,415.5000811047993
-64.5,96.5,415.500444584212
-64.5,97.5,415.5039224287418
-64.5,98.5,415.5034832446036
-64.5,99.5,415.5005827278097
-64.5,100.5,415.5002290403297
-64.5,101.5,415.5025534030119
-64.5,102.5,415.50045319841377
-64.5,103.5,415.50010468095263
-64.5,104.5,415.5000638586919
-64.5,105.5,415.5004928305139
-64.5,106.5,415.5024473772909
-64.5,107.5,415.5022494850918
-64.5,108.5,415.5008205201931
-64.5,109.5,415.50214508242703
-64.5,110.5,415.5007460811451
-64.5,111.5,415.5017360303728
-64.5,112.5,415.5005189067851
-64.5,113.5,415.5010092326055
-64.5,114.5,415.5028551187325
-64.5,115.5,415.5019009389367
-64.5,116.5,415.5014819392712
-64.5,117.5,415.50338727805433
-64.5,118.5,415.5037437176685
-64.5,119.5,415.50384251159386
-64.5,120.5,415.50198743844953
-64.5,121.5,415.5037848112306
-64.5,122.5,415.5010233362421
-64.5,123.5,415.50309693261175
-64.5,124.5,415.50314058523423
-64.5,125.5,415.5007928069082
-64.5,126.5,415.5033117195157
-64.5,127.5,415.5009659754476
-64.5,128.5,415.5010189337858
-64.5,129.5,415.5015494331104
-64.5,130.5,415.5057366888948
-64.5,131.5,415.5068651274229
-64.5,132.5,415.50810143282456
-64.5,133.5,415.50676059706655
-64.5,134.5,415.5107955393611
-64.5,135.5,415.5119048182427
-64.5,136.5,415.5105267876827
-64.5,137.5,415.51178560220734
-64.5,138.5,415.51348783089577
-64.5,139.5,415.51494423270776
-64.5,140.5,415.5165961625578
-64.5,141.5,415.5206634727409
-64.5,142.5,415.52018346434346
-64.5,143.5,415.5223937774298
-64.5,144.5,415.52695656293895
-64.5,145.5,415.5275902049952
-64.5,146.5,415.5324908167236
-64.5,147.5,415.5357542337109
-64.5,148.5,415.5392741304749
-64.5,149.5,415.5407702662652
-64.5,150.5,415.5446909994796
-64.5,151.5,415.5484394836029
-64.5,152.5,415.5550545802287
-64.5,153.5,415.5561864766304
-64.5,154.5,415.5630122760312
-64.5,155.5,415.56759029966327
-64.5,156.5,415.5681039943182
-64.5,157.5,415.5767231805239
-64.5,158.5,415.5763963892936
-64.5,159.5,415.58456734315627
-64.5,160.5,415.58972423260127
-64.5,161.5,415.59401458442846
-64.5,162.5,415.5988639820656
-64.5,163.5,415.59847300035017
-64.5,164.5,415.6032568679935
-64.5,165.5,415.6075761706448
-64.5,166.5,415.6161453770167
-64.5,167.5,415.6153302901194
-64.5,168.5,415.62644595101153
-64.5,169.5,415.6249215902122
-64.5,170.5,415.6298609027252
-64.5,171.5,415.640480301639
-64.5,172.5,415.6370385223989
-64.5,173.5,415.6415465779038
-64.5,174.5,415.652821020074
-64.5,175.5,415.6555966362863
-64.5,176.5,415.6592106314132
-64.5,177.5,415.6640602591548
-64.5,178.5,415.6586384868293
-64.5,179.5,415.6608127027484
-63.5,-179.5,415.7048113530391
-63.5,-178.5,415.7172116449492
-63.5,-177.5,415.70972744717113
-63.5,-176.5,415.7238892462025
-63.5,-175.5,415.7259877601612
-63.5,-174.5,415.7174644076255
-63.5,-173.5,415.7300139868603
-63.5,-172.5,415.7321180053216
-63.5,-171.5,415.73569492760674
-63.5,-170.5,415.7373925414608
-63.5,-169.5,415.7263855241949
-63.5,-168.5,415.7274822220533
-63.5,-167.5,415.7419576615256
-63.5,-166.5,415.7302197939302
-63.5,-165.5,415.743869213975
-63.5,-164.5,415.732096753246
-63.5,-163.5,415.7332291573368
-63.5,-162.5,415.7483149256429
-63.5,-161.5,415.7472714024936
-63.5,-160.5,415.7374263057035
-63.5,-159.5,415.7505028424775
-63.5,-158.5,415.73863459540655
-63.5,-157.5,415.7512158499272
-63.5,-156.5,415.7510178770983
-63.5,-155.5,415.73906051009794
-63.5,-154.5,415.75078277438143
-63.5,-153.5,415.7506580300951
-63.5,-152.5,415.7385333300806
-63.5,-151.5,415.7515478818296
-63.5,-150.5,415.73760171407145
-63.5,-149.5,415.7499554198434
-63.5,-148.5,415.7374677415264
-63.5,-147.5,415.7359189734317
-63.5,-146.5,415.7345715810192
-63.5,-145.5,415.7439319472024
-63.5,-144.5,415.7420428833954
-63.5,-143.5,415.7396928976287
-63.5,-142.5,415.7373269832372
-63.5,-141.5,415.723895885652
-63.5,-140.5,415.7314536710847
-63.5,-139.5,415.7281299081728
-63.5,-138.5,415.7157835108589
-63.5,-137.5,415.7200781882128
-63.5,-136.5,415.7187866980436
-63.5,-135.5,415.7063206640362
-63.5,-134.5,415.7105026144263
-63.5,-133.5,415.70099289604747
-63.5,-132.5,415.70285015668446
-63.5,-131.5,415.69462942191245
-63.5,-130.5,415.6946759696109
-63.5,-129.5,415.6876065199158
-63.5,-128.5,415.6837235351547
-63.5,-127.5,415.6803437560645
-63.5,-126.5,415.6776076291909
-63.5,-125.5,415.67558045238246
-63.5,-124.5,415.6691165673002
-63.5,-123.5,415.6660070314771
-63.5,-122.5,415.6648056061149
-63.5,-121.5,415.6617208623665
-63.5,-120.5,415.65691813857234
-63.5,-119.5,415.6530391594151
-63.5,-118.5,415.652181663853
-63.5,-117.5,415.6481765151745
-63.5,-116.5,415.646021798416
-63.5,-115.5,415.6436361449205
-63.5,-114.5,415.6403552561312
-63.5,-113.5,415.6402192448071
-63.5,-112.5,415.6384603651563
-63.5,-111.5,415.63727102035006
-63.5,-110.5,415.6332718796706
-63.5,-109.5,415.6316477893776
-63.5,-108.5,415.6312644912004
-63.5,-107.5,415.6292626025141
-63.5,-106.5,415.62491005986215
-63.5,-105.5,415.6228050547141
-63.5,-104.5,415.6219504246043
-63.5,-103.5,415.6184956409631
-63.5,-102.5,415.61694764587656
-63.5,-101.5,415.6143365226191
-63.5,-100.5,415.61186424616267
-63.5,-99.5,415.6131770204569
-63.5,-98.5,415.6105555440248
-63.5,-97.5,415.608765994369
-63.5,-96.5,415.6080134146547
-63.5,-95.5,415.6108570977537
-63.5,-94.5,415.6095436993722
-63.5,-93.5,415.6063570423351
-63.5,-92.5,415.60517526419983
-63.5,-91.5,415.6049681904843
-63.5,-90.5,415.60566604179854
-63.5,-89.5,415.6040440383068
-63.5,-88.5,415.604784355404
-63.5,-87.5,415.6087298221617
-63.5,-86.5,415.6043315130918
-63.5,-85.5,415.60420009079945
-63.5,-84.5,415.60884598589206
-63.5,-83.5,415.60375548873776
-63.5,-82.5,415.6086727184176
-63.5,-81.5,415.6033592489685
-63.5,-80.5,415.6087743803794
-63.5,-79.5,415.6039125761893
-63.5,-78.5,415.6028796488432
-63.5,-77.5,415.609555263982
-63.5,-76.5,415.60998787337473
-63.5,-75.5,415.610991418657
-63.5,-74.5,415.6055405391374
-63.5,-73.5,415.60637745568914
-63.5,-72.5,415.6133440906387
-63.5,-71.5,415.61411136151247
-63.5,-70.5,415.6078216218517
-63.5,-69.5,415.6082038613022
-63.5,-68.5,415.60828126298736
-63.5,-67.5,415.6154122795591
-63.5,-66.5,415.6091846043402
-63.5,-65.5,415.6161959478844
-63.5,-64.5,415.6195400494543
-63.5,-63.5,415.6185379975162
-63.5,-62.5,415.6158007302223
-63.5,-61.5,415.6257170885953
-63.5,-60.5,415.60658962367376
-63.5,-59.5,415.6010886204467
-63.5,-58.5,415.5983537286386
-63.5,-57.5,415.606544577174
-63.5,-56.5,415.6369516450837
-63.5,-55.5,415.6384835800207
-63.5,-54.5,415.6322230090333
-63.5,-53.5,415.64251892081234
-63.5,-52.5,415.636548664846
-63.5,-51.5,415.6453582453107
-63.5,-50.5,415.641408696983
-63.5,-49.5,415.6500113939701
-63.5,-48.5,415.6521963015206
-63.5,-47.5,415.6530267556557
-63.5,-46.5,415.6482833853443
-63.5,-45.5,415.65594254783497
-63.5,-44.5,415.6568057219983
-63.5,-43.5,415.6508299705971
-63.5,-42.5,415.6514482432455
-63.5,-41.5,415.651632320542
-63.5,-40.5,415.657539835023
-63.5,-39.5,415.6522464708869
-63.5,-38.5,415.65711892999786
-63.5,-37.5,415.846483690516
-63.5,-36.5,415.65173708706254
-63.5,-35.5,415.6568206743051
-63.5,-34.5,415.6505735571384
-63.5,-33.5,415.6500566758323
-63.5,-32.5,415.65543244200336
-63.5,-31.5,415.6480261543793
-63.5,-30.5,415.6469518718496
-63.5,-29.5,415.6451022041643
-63.5,-28.5,415.6441045102122
-63.5,-27.5,415.6435834030785
-63.5,-26.5,415.6425410701977
-63.5,-25.5,415.6474177940594
-63.5,-24.5,415.6400927764659
-63.5,-23.5,415.6454204305889
-63.5,-22.5,415.6438031738479
-63.5,-21.5,415.6422922893847
-63.5,-20.5,415.6351268509071
-63.5,-19.5,415.6387797027313
-63.5,-18.5,415.6371480024279
-63.5,-17.5,415.63090656455785
-63.5,-16.5,415.6296591589593
-63.5,-15.5,415.630948113821
-63.5,-14.5,415.6255367098874
-63.5,-13.5,415.6257904647081
-63.5,-12.5,415.6228813944716
-63.5,-11.5,415.6190134312725
-63.5,-10.5,415.6167784694293
-63.5,-9.5,415.6163286964856
-63.5,-8.5,415.6140035621422
-63.5,-7.5,415.6128301200493
-63.5,-6.5,415.61010440335247
-63.5,-5.5,415.6082299187371
-63.5,-4.5,415.6074649927724
-63.5,-3.5,415.6050819033344
-63.5,-2.5,415.6045082084434
-63.5,-1.5,415.60329205795176
-63.5,-0.5,415.6021490281278
-63.5,0.5,415.60159274044383
-63.5,1.5,415.6011198012053
-63.5,2.5,415.6003214542728
-63.5,3.5,415.6001770794415
-63.5,4.5,415.5996949939977
-63.5,5.5,415.5992530311632
-63.5,6.5,415.5977225794843
-63.5,7.5,415.5974086086388
-63.5,8.5,415.595354199194
-63.5,9.5,415.5936655913635
-63.5,10.5,415.5926460229921
-63.5,11.5,415.59151253277673
-63.5,12.5,415.5906253583792
-63.5,13.5,415.5897009200351
-63.5,14.5,415.58900926134805
-63.5,15.5,415.5880173855366
-63.5,16.5,415.5872575921652
-63.5,17.5,415.58579721806353
-63.5,18.5,415.5854260994648
-63.5,19.5,415.5839184433706
-63.5,20.5,415.5825444275084
-63.5,21.5,415.5812944351206
-63.5,22.5,415.5803686203261
-63.5,23.5,415.5790367836607
-63.5,24.5,415.5772941407447
-63.5,25.5,415.5757689163828
-63.5,26.5,415.5745201631637
-63.5,27.5,415.5742299708508
-63.5,28.5,415.57281959047975
-63.5,29.5,415.57207941947206
-63.5,30.5,415.5710897052589
-63.5,31.5,415.57160031989486
-63.5,32.5,415.57159546930654
-63.5,33.5,415.57104257543295
-63.5,34.5,415.5693978502459
-63.5,35.5,415.5705264604679
-63.5,36.5,415.5701929485955
-63.5,37.5,415.5695617806368
-63.5,38.5,415.56942502910414
-63.5,39.5,415.5703817350362
-63.5,40.5,415.568279638138
-63.5,41.5,415.5679479709096
-63.5,42.5,415.5696363118104
-63.5,43.5,415.56690519805767
-63.5,44.5,415.5691919211055
-63.5,45.5,415.5689088266308
-63.5,46.5,415.56879701651326
-63.5,47.5,415.5684120657709
-63.5,48.5,415.565574364758
-63.5,49.5,415.5683291404529
-63.5,50.5,415.5676458943601
-63.5,51.5,415.5664696708536
-63.5,52.5,415.562221473187
-63.5,53.5,415.5644379449973
-63.5,54.5,415.5634782844232
-63.5,55.5,415.56264319162415
-63.5,56.5,415.56195178075865
-63.5,57.5,415.56152907153256
-63.5,58.5,415.556732356665
-63.5,59.5,415.5604671912636
-63.5,60.5,415.5598836934038
-63.5,61.5,415.5541924329501
-63.5,62.5,415.5531441623742
-63.5,63.5,415.55687622743824
-63.5,64.5,415.55031293239466
-63.5,65.5,415.5548166426364
-63.5,66.5,415.5479652071605
-63.5,67.5,415.5530201895312
-63.5,68.5,415.5517263226613
-63.5,69.5,415.54416298080974
-63.5,70.5,415.5420323100165
-63.5,71.5,415.5474951389005
-63.5,72.5,415.5459861785497
-63.5,73.5,415.5382076712009
-63.5,74.5,415.5370106433483
-63.5,75.5,415.5361863645043
-63.5,76.5,415.5417272696022
-63.5,77.5,415.5410671747704
-63.5,78.5,415.5394577956724
-63.5,79.5,415.5325964085869
-63.5,80.5,415.5380110788061
-63.5,81.5,415.5303480087512
-63.5,82.5,415.5291829740124
-63.5,83.5,415.5274611277956
-63.5,84.5,415.5319905093119
-63.5,85.5,415.53018972882825
-63.5,86.5,415.5235383384076
-63.5,87.5,415.5221995015893
-63.5,88.5,415.5264370698961
-63.5,89.5,415.5204461202495
-63.5,90.5,415.5247679069781
-63.5,91.5,415.5237775271468
-63.5,92.5,415.5231411547368
-63.5,93.5,415.5184287112592
-63.5,94.5,415.5219693371239
-63.5,95.5,415.5174822629409
-63.5,96.5,415.5207554799276
-63.5,97.5,415.5172701898253
-63.5,98.5,415.5202993356751
-63.5,99.5,415.5173199111844
-63.5,100.5,415.5199996482239
-63.5,101.5,415.5199770632401
-63.5,102.5,415.5181369739365
-63.5,103.5,415.5204080022474
-63.5,104.5,415.5182427359529
-63.5,105.5,415.5198119186496
-63.5,106.5,415.51836132051113
-63.5,107.5,415.520389595624
-63.5,108.5,415.5206745515586
-63.5,109.5,415.518924637735
-63.5,110.5,415.5191136677949
-63.5,111.5,415.5190295153459
-63.5,112.5,415.5188930127183
-63.5,113.5,415.5209026657016
-63.5,114.5,415.5192654614994
-63.5,115.5,415.52117612493305
-63.5,116.5,415.5217435969456
-63.5,117.5,415.5205689319529
-63.5,118.5,415.52205343776143
-63.5,119.5,415.5205970807932
-63.5,120.5,415.5222186561696
-63.5,121.5,415.5205585177743
-63.5,122.5,415.5208163905836
-63.5,123.5,415.5228595833986
-63.5,124.5,415.52322034203127
-63.5,125.5,415.5234675699886
-63.5,126.5,415.5241791858855
-63.5,127.5,415.5230172471587
-63.5,128.5,415.5259853806117
-63.5,129.5,415.52744108722806
-63.5,130.5,415.5263328355769
-63.5,131.5,415.53012938401713
-63.5,132.5,415.5291078669382
-63.5,133.5,415.53312869841466
-63.5,134.5,415.532133773465
-63.5,135.5,415.5362447385869
-63.5,136.5,415.53525651112926
-63.5,137.5,415.5391400640407
-63.5,138.5,415.5384414151889
-63.5,139.5,415.540193699645
-63.5,140.5,415.5417435473755
-63.5,141.5,415.546168151174
-63.5,142.5,415.5463590500542
-63.5,143.5,415.55156602928895
-63.5,144.5,415.5526354795814
-63.5,145.5,415.5560387345937
-63.5,146.5,415.56202294258645
-63.5,147.5,415.5633836096128
-63.5,148.5,415.5676415813696
-63.5,149.5,415.5717542419949
-63.5,150.5,415.5784993723745
-63.5,151.5,415.583784714201
-63.5,152.5,415.5875984965076
-63.5,153.5,415.58905420837385
-63.5,154.5,415.5973428458244
-63.5,155.5,415.6023635104576
-63.5,156.5,415.6025700666169
-63.5,157.5,415.60783703360414
-63.5,158.5,415.61258647371466
-63.5,159.5,415.6180948876233
-63.5,160.5,415.6227547509769
-63.5,161.5,415.6312841908367
-63.5,162.5,415.6374150923882
-63.5,163.5,415.6410437198907
-63.5,164.5,415.6404586813041
-63.5,165.5,415.6459726682196
-63.5,166.5,415.6558181286151
-63.5,167.5,415.6618164230234
-63.5,168.5,415.66611094841113
-63.5,169.5,415.67083654009787
-63.5,170.5,415.6763116493121
-63.5,171.5,415.6737734414584
-63.5,172.5,415.6768367552447
-63.5,173.5,415.68058454875
-63.5,174.5,415.68519484657656
-63.5,175.5,415.6965034219294
-63.5,176.5,415.6927009207006
-63.5,177.5,415.7037423847272
-63.5,178.5,415.7070711224097
-63.5,179.5,415.7020298473918
-62.5,-179.5,415.7452446593977
-62.5,-178.5,415.7474219745893
-62.5,-177.5,415.74998559583696
-62.5,-176.5,415.7540093637795
-62.5,-175.5,415.76630124990726
-62.5,-174.5,415.7687126400025
-62.5,-173.5,415.772574200337
-62.5,-172.5,415.77465139342064
-62.5,-171.5,415.76467303459344
-62.5,-170.5,415.7660952868181
-62.5,-169.5,415.7784098526433
-62.5,-168.5,415.7811059988241
-62.5,-167.5,415.7821950640249
-62.5,-166.5,415.7826780894501
-62.5,-165.5,415.7836859810745
-62.5,-164.5,415.7840591871342
-62.5,-163.5,415.7850433203873
-62.5,-162.5,415.7753145621712
-62.5,-161.5,415.77586665442846
-62.5,-160.5,415.78868570793895
-62.5,-159.5,415.78897469857577
-62.5,-158.5,415.7895184356333
-62.5,-157.5,415.7896707819946
-62.5,-156.5,415.7898632039573
-62.5,-155.5,415.7915325814184
-62.5,-154.5,415.7799378108924
-62.5,-153.5,415.7912293612375
-62.5,-152.5,415.7905640927141
-62.5,-151.5,415.7901231821821
-62.5,-150.5,415.789294019189
-62.5,-149.5,415.7775831533027
-62.5,-148.5,415.7872323853008
-62.5,-147.5,415.77542892931854
-62.5,-146.5,415.78425767171495
-62.5,-145.5,415.7725254673095
-62.5,-144.5,415.7708415646764
-62.5,-143.5,415.7784045574141
-62.5,-142.5,415.7660678001117
-62.5,-141.5,415.7723073565304
-62.5,-140.5,415.7601264146087
-62.5,-139.5,415.75724725829554
-62.5,-138.5,415.7616748649385
-62.5,-137.5,415.7583785952874
-62.5,-136.5,415.75469576057816
-62.5,-135.5,415.7456450491726
-62.5,-134.5,415.7473080366691
-62.5,-133.5,415.7434274945617
-62.5,-132.5,415.7393975069176
-62.5,-131.5,415.7334916064989
-62.5,-130.5,415.7273581127853
-62.5,-129.5,415.724938566233
-62.5,-128.5,415.7208993438336
-62.5,-127.5,415.715331994266
-62.5,-126.5,415.71157452502416
-62.5,-125.5,415.7094088968698
-62.5,-124.5,415.70392150858606
-62.5,-123.5,415.7006552014314
-62.5,-122.5,415.69734951852246
-62.5,-121.5,415.6940281555312
-62.5,-120.5,415.6895956664044
-62.5,-119.5,415.6865727350453
-62.5,-118.5,415.6823153879615
-62.5,-117.5,415.68083065605526
-62.5,-116.5,415.6784192130635
-62.5,-115.5,415.6753968103094
-62.5,-114.5,415.6739255090084
-62.5,-113.5,415.6706547144556
-62.5,-112.5,415.6686327312418
-62.5,-111.5,415.6662434712457
-62.5,-110.5,415.6636983815792
-62.5,-109.5,415.6612007145408
-62.5,-108.5,415.6600405724758
-62.5,-107.5,415.6578452857621
-62.5,-106.5,415.6534955412736
-62.5,-105.5,415.6515857070962
-62.5,-104.5,415.6490489126008
-62.5,-103.5,415.6452164640124
-62.5,-102.5,415.643796947463
-62.5,-101.5,415.6425584219053
-62.5,-100.5,415.6409646587864
-62.5,-99.5,415.638353512992
-62.5,-98.5,415.63816667842144
-62.5,-97.5,415.63562593208655
-62.5,-96.5,415.6367681988922
-62.5,-95.5,415.6346060673948
-62.5,-94.5,415.6328607140304
-62.5,-93.5,415.6338284740429
-62.5,-92.5,415.6304125081455
-62.5,-91.5,415.6298156904826
-62.5,-90.5,415.6324801535939
-62.5,-89.5,415.6313749660303
-62.5,-88.5,415.6282700781125
-62.5,-87.5,415.6302033126134
-62.5,-86.5,415.63016316190647
-62.5,-85.5,415.6299221650554
-62.5,-84.5,415.6300525475303
-62.5,-83.5,415.63109399215017
-62.5,-82.5,415.6270862830535
-62.5,-81.5,415.627136063676
-62.5,-80.5,415.63115478072206
-62.5,-79.5,415.6311665253456
-62.5,-78.5,415.6264959036546
-62.5,-77.5,415.62670427895927
-62.5,-76.5,415.6274376196255
-62.5,-75.5,415.62812813666943
-62.5,-74.5,415.63441537457214
-62.5,-73.5,415.6301166847927
-62.5,-72.5,415.6367500646074
-62.5,-71.5,415.6317388158246
-62.5,-70.5,415.6323379604169
-62.5,-69.5,415.6383528838288
-62.5,-68.5,415.63286986435503
-62.5,-67.5,415.6330135306759
-62.5,-66.5,415.6397732047787
-62.5,-65.5,415.6344366857063
-62.5,-64.5,415.63660007923926
-62.5,-63.5,415.64429071891743
-62.5,-62.5,415.6422412889313
-62.5,-61.5,415.6437425184225
-62.5,-60.5,415.6458667225493
-62.5,-59.5,415.6440790141093
-62.5,-58.5,415.6457617785181
-62.5,-57.5,415.65543553918747
-62.5,-56.5,415.6571543169104
-62.5,-55.5,415.65308351825934
-62.5,-54.5,415.6616840022155
-62.5,-53.5,415.6570962705343
-62.5,-52.5,415.664531673168
-62.5,-51.5,415.6597185831385
-62.5,-50.5,415.6685211635357
-62.5,-49.5,415.6703124430098
-62.5,-48.5,415.6661758929497
-62.5,-47.5,415.6738110627495
-62.5,-46.5,415.6741669088302
-62.5,-45.5,415.675430314892
-62.5,-44.5,415.6761589127028
-62.5,-43.5,415.6766714123789
-62.5,-42.5,415.6769712364497
-62.5,-41.5,415.6704309857684
-62.5,-40.5,415.67062604496033
-62.5,-39.5,415.67101350132
-62.5,-38.5,415.67010274532873
-62.5,-37.5,415.67589902197466
-62.5,-36.5,415.6758355497278
-62.5,-35.5,415.6695306775365
-62.5,-34.5,415.6743212190791
-62.5,-33.5,415.6739169726325
-62.5,-32.5,415.6738146524685
-62.5,-31.5,415.6726770816
-62.5,-30.5,415.6717542941677
-62.5,-29.5,415.6710949842818
-62.5,-28.5,415.66214292393886
-62.5,-27.5,415.6602768670589
-62.5,-26.5,415.6589346218201
-62.5,-25.5,415.6646791780892
-62.5,-24.5,415.65622467294565
-62.5,-23.5,415.6623749986829
-62.5,-22.5,415.6531094909293
-62.5,-21.5,415.6516862007792
-62.5,-20.5,415.656248955309
-62.5,-19.5,415.6543531065144
-62.5,-18.5,415.6467433821796
-62.5,-17.5,415.644788341893
-62.5,-16.5,415.6481172461646
-62.5,-15.5,415.6412507432344
-62.5,-14.5,415.6434856081253
-62.5,-13.5,415.6364623486219
-62.5,-12.5,415.6377298362874
-62.5,-11.5,415.6328178067382
-62.5,-10.5,415.63323090367527
-62.5,-9.5,415.63137330464735
-62.5,-8.5,415.6275544482773
-62.5,-7.5,415.6261942918362
-62.5,-6.5,415.6243222111872
-62.5,-5.5,415.6239023411072
-62.5,-4.5,415.6206533829452
-62.5,-3.5,415.6193425373486
-62.5,-2.5,415.6178720088917
-62.5,-1.5,415.6176990017617
-62.5,-0.5,415.6164910616534
-62.5,0.5,415.6165884909023
-62.5,1.5,415.616004803458
-62.5,2.5,415.6157922361693
-62.5,3.5,415.6158256112891
-62.5,4.5,415.61540484712566
-62.5,5.5,415.61492748582106
-62.5,6.5,415.6141804478728
-62.5,7.5,415.6130209584178
-62.5,8.5,415.6119925179945
-62.5,9.5,415.61040862512215
-62.5,10.5,415.6095393225172
-62.5,11.5,415.6088700201795
-62.5,12.5,415.6074571272632
-62.5,13.5,415.6067750174062
-62.5,14.5,415.6063447389733
-62.5,15.5,415.6055937609085
-62.5,16.5,415.6046831120165
-62.5,17.5,415.60387129988914
-62.5,18.5,415.6028619214748
-62.5,19.5,415.601268106282
-62.5,20.5,415.6001618341816
-62.5,21.5,415.59891781135696
-62.5,22.5,415.5973334896584
-62.5,23.5,415.59588096666215
-62.5,24.5,415.5946303067521
-62.5,25.5,415.59292311766086
-62.5,26.5,415.5923154513187
-62.5,27.5,415.5909727271202
-62.5,28.5,415.5914688710546
-62.5,29.5,415.5901803907661
-62.5,30.5,415.5892888855849
-62.5,31.5,415.5889398666371
-62.5,32.5,415.5889578736429
-62.5,33.5,415.5877763563937
-62.5,34.5,415.5888798053958
-62.5,35.5,415.58874435618367
-62.5,36.5,415.5883109492267
-62.5,37.5,415.5854527930185
-62.5,38.5,415.587314603316
-62.5,39.5,415.5856272947418
-62.5,40.5,415.5849902294814
-62.5,41.5,415.587302915892
-62.5,42.5,415.58707757767695
-62.5,43.5,415.5868223150113
-62.5,44.5,415.5866325462996
-62.5,45.5,415.5832467123736
-62.5,46.5,415.5868922007812
-62.5,47.5,415.5841581471986
-62.5,48.5,415.58780782309873
-62.5,49.5,415.58783700403
-62.5,50.5,415.5835158709572
-62.5,51.5,415.5824481575407
-62.5,52.5,415.5854086071782
-62.5,53.5,415.5844513785686
-62.5,54.5,415.5829264022585
-62.5,55.5,415.57789396125486
-62.5,56.5,415.58121544797086
-62.5,57.5,415.58074328695534
-62.5,58.5,415.5800369430647
-62.5,59.5,415.5747779321292
-62.5,60.5,415.5790399595229
-62.5,61.5,415.5731979816367
-62.5,62.5,415.57750657247584
-62.5,63.5,415.5764536771461
-62.5,64.5,415.57563757735386
-62.5,65.5,415.5745626198441
-62.5,66.5,415.573810592894
-62.5,67.5,415.566394959329
-62.5,68.5,415.5716457617136
-62.5,69.5,415.5701269729252
-62.5,70.5,415.5623675797068
-62.5,71.5,415.5608271811338
-62.5,72.5,415.566669021389
-62.5,73.5,415.5654418239818
-62.5,74.5,415.56465233600727
-62.5,75.5,415.5637118227813
-62.5,76.5,415.5632252031385
-62.5,77.5,415.55588328537306
-62.5,78.5,415.56284350689526
-62.5,79.5,415.5555055897469
-62.5,80.5,415.56208692142377
-62.5,81.5,415.5546362955141
-62.5,82.5,415.5603765601852
-62.5,83.5,415.5523443448144
-62.5,84.5,415.5553724203384
-62.5,85.5,415.5477354686325
-62.5,86.5,415.5464014160244
-62.5,87.5,415.5508092686225
-62.5,88.5,415.54425440550864
-62.5,89.5,415.5486196605532
-62.5,90.5,415.5479609168432
-62.5,91.5,415.542451988525
-62.5,92.5,415.5463753859007
-62.5,93.5,415.542014088683
-62.5,94.5,415.54165999893326
-62.5,95.5,415.54094180882055
-62.5,96.5,415.5441058288739
-62.5,97.5,415.5427414788817
-62.5,98.5,415.5423358572525
-62.5,99.5,415.5422585473165
-62.5,100.5,415.5418145902667
-62.5,101.5,415.5418516770227
-62.5,102.5,415.5395686770372
-62.5,103.5,415.54214252118106
-62.5,104.5,415.5427411961156
-62.5,105.5,415.5400081880391
-62.5,106.5,415.5402714178482
-62.5,107.5,415.5423112635208
-62.5,108.5,415.5423438625184
-62.5,109.5,415.5420033720323
-62.5,110.5,415.5403566604427
-62.5,111.5,415.54250798640027
-62.5,112.5,415.5408776671476
-62.5,113.5,415.5430523161522
-62.5,114.5,415.5420243236868
-62.5,115.5,415.5424443140742
-62.5,116.5,415.5438953411696
-62.5,117.5,415.542598334457
-62.5,118.5,415.54379454820526
-62.5,119.5,415.5429455652384
-62.5,120.5,415.5449940208003
-62.5,121.5,415.5435771485003
-62.5,122.5,415.5458180430951
-62.5,123.5,415.5440547232065
-62.5,124.5,415.5464107719196
-62.5,125.5,415.5458158661902
-62.5,126.5,415.5469485298971
-62.5,127.5,415.54996990073374
-62.5,128.5,415.5509563609678
-62.5,129.5,415.5502460340689
-62.5,130.5,415.551502268032
-62.5,131.5,415.5529963510369
-62.5,132.5,415.5573795962473
-62.5,133.5,415.55691651593247
-62.5,134.5,415.558919900241
-62.5,135.5,415.5608175358512
-62.5,136.5,415.5628192833948
-62.5,137.5,415.5647473725818
-62.5,138.5,415.5689144444017
-62.5,139.5,415.5682633937431
-62.5,140.5,415.5727452815376
-62.5,141.5,415.5752826545702
-62.5,142.5,415.57819954009335
-62.5,143.5,415.5792137472846
-62.5,144.5,415.58518193783846
-62.5,145.5,415.5865778769581
-62.5,146.5,415.5932283439654
-62.5,147.5,415.59784406546817
-62.5,148.5,415.6022649485875
-62.5,149.5,415.60396492339953
-62.5,150.5,415.6085681649555
-62.5,151.5,415.61804285767903
-62.5,152.5,415.6230487546153
-62.5,153.5,415.628798381369
-62.5,154.5,415.6337590190257
-62.5,155.5,415.63965486577337
-62.5,156.5,415.6386893914001
-62.5,157.5,415.64350086268047
-62.5,158.5,415.65468565419536
-62.5,159.5,415.6543887146876
-62.5,160.5,415.6656804106628
-62.5,161.5,415.66529048242194
-62.5,162.5,415.6708839386379
-62.5,163.5,415.6746300707688
-62.5,164.5,415.6848661616032
-62.5,165.5,415.6910343540664
-62.5,166.5,415.6960257749666
-62.5,167.5,415.7022583139442
-62.5,168.5,415.7007217800243
-62.5,169.5,415.70442255648754
-62.5,170.5,415.7094673438351
-62.5,171.5,415.7202647888934
-62.5,172.5,415.7182196442038
-62.5,173.5,415.7293033151091
-62.5,174.5,415.7324483972912
-62.5,175.5,415.73606558648856
-62.5,176.5,415.73255219782
-62.5,177.5,415.74369778017615
-62.5,178.5,415.7380772587813
-62.5,179.5,415.751834221065
-61.5,-179.5,415.7867116641182
-61.5,-178.5,415.8009548251609
-61.5,-177.5,415.7928983581791
-61.5,-176.5,415.8054090771993
-61.5,-175.5,415.8070864992204
-61.5,-174.5,415.8094683724685
-61.5,-173.5,415.8132971867086
-61.5,-172.5,415.8040427038165
-61.5,-171.5,415.8163896462298
-61.5,-170.5,415.807781000699
-61.5,-169.5,415.8206159456938
-61.5,-168.5,415.82127419331687
-61.5,-167.5,415.8224500739921
-61.5,-166.5,415.823244628333
-61.5,-165.5,415.82590472724166
-61.5,-164.5,415.8268136437756
-61.5,-163.5,415.8269837338933
-61.5,-162.5,415.82761627209777
-61.5,-161.5,415.827938352344
-61.5,-160.5,415.82847222932656
-61.5,-159.5,415.8170522240124
-61.5,-158.5,415.8197209101767
-61.5,-157.5,415.8316652982037
-61.5,-156.5,415.8203935009743
-61.5,-155.5,415.82059436361175
-61.5,-154.5,415.8314447791503
-61.5,-153.5,415.83116089409
-61.5,-152.5,415.81989839014136
-61.5,-151.5,415.8191767671759
-61.5,-150.5,415.8291196906258
-61.5,-149.5,415.8278394264395
-61.5,-148.5,415.8166198841348
-61.5,-147.5,415.8251047782816
-61.5,-146.5,415.8235286133223
-61.5,-145.5,415.82178545711474
-61.5,-144.5,415.8197066672302
-61.5,-143.5,415.8167123291071
-61.5,-142.5,415.80569254706273
-61.5,-141.5,415.8024113168577
-61.5,-140.5,415.80656889818806
-61.5,-139.5,415.7966450637596
-61.5,-138.5,415.79967571975527
-61.5,-137.5,415.7959716629978
-61.5,-136.5,415.7877570121342
-61.5,-135.5,415.78438524288737
-61.5,-134.5,415.78379257551984
-61.5,-133.5,415.78002584995767
-61.5,-132.5,415.77623519246544
-61.5,-131.5,415.7726079227828
-61.5,-130.5,415.7686582426137
-61.5,-129.5,415.7648454848986
-61.5,-128.5,415.7584939721552
-61.5,-127.5,415.7528956607205
-61.5,-126.5,415.7499606793013
-61.5,-125.5,415.7448821456601
-61.5,-124.5,415.741999510714
-61.5,-123.5,415.73724393335385
-61.5,-122.5,415.7343101381138
-61.5,-121.5,415.7287252689188
-61.5,-120.5,415.7251525702952
-61.5,-119.5,415.721104507676
-61.5,-118.5,415.7180484459722
-61.5,-117.5,415.7153695199996
-61.5,-116.5,415.7104069181299
-61.5,-115.5,415.7079449267939
-61.5,-114.5,415.7049923673768
-61.5,-113.5,415.7012745977364
-61.5,-112.5,415.6989652678448
-61.5,-111.5,415.69684399938944
-61.5,-110.5,415.6942487681373
-61.5,-109.5,415.69278189239554
-61.5,-108.5,415.6891052893947
-61.5,-107.5,415.6871206396901
-61.5,-106.5,415.684885432276
-61.5,-105.5,415.6811382546581
-61.5,-104.5,415.6790738152212
-61.5,-103.5,415.6752202253168
-61.5,-102.5,415.6729552258305
-61.5,-101.5,415.6712384291041
-61.5,-100.5,415.66873680135336
-61.5,-99.5,415.6663897116068
-61.5,-98.5,415.6652326449057
-61.5,-97.5,415.663827977589
-61.5,-96.5,415.66202459122513
-61.5,-95.5,415.6609547572195
-61.5,-94.5,415.65943484077695
-61.5,-93.5,415.6595262888149
-61.5,-92.5,415.6587483991908
-61.5,-91.5,415.65735949173217
-61.5,-90.5,415.6564950453418
-61.5,-89.5,415.6549885155168
-61.5,-88.5,415.6524017859716
-61.5,-87.5,415.65278615234587
-61.5,-86.5,415.6515047629769
-61.5,-85.5,415.65127201737226
-61.5,-84.5,415.6536822180809
-61.5,-83.5,415.65376855570986
-61.5,-82.5,415.6510574064113
-61.5,-81.5,415.654286225912
-61.5,-80.5,415.6548846156456
-61.5,-79.5,415.6517880463063
-61.5,-78.5,415.6520100568024
-61.5,-77.5,415.6557593504868
-61.5,-76.5,415.656454455062
-61.5,-75.5,415.6574811799844
-61.5,-74.5,415.65851400326704
-61.5,-73.5,415.6599924379732
-61.5,-72.5,415.6608831059599
-61.5,-71.5,415.6621020790295
-61.5,-70.5,415.6576223576633
-61.5,-69.5,415.6636250563648
-61.5,-68.5,415.6585084697725
-61.5,-67.5,415.66467662925686
-61.5,-66.5,415.6650598172968
-61.5,-65.5,415.660613151955
-61.5,-64.5,415.6613806809352
-61.5,-63.5,415.6628508178355
-61.5,-62.5,415.66467427545126
-61.5,-61.5,415.665869201685
-61.5,-60.5,415.6733837312024
-61.5,-59.5,415.6746991727047
-61.5,-58.5,415.6765820119391
-61.5,-57.5,415.678170856576
-61.5,-56.5,415.6796218232898
-61.5,-55.5,415.68227628859466
-61.5,-54.5,415.6841199500687
-61.5,-53.5,415.68617362316206
-61.5,-52.5,415.68772002286994
-61.5,-51.5,415.6835943474262
-61.5,-50.5,415.6909474854279
-61.5,-49.5,415.6856602490251
-61.5,-48.5,415.6873011758283
-61.5,-47.5,415.69451705545146
-61.5,-46.5,415.6957443026925
-61.5,-45.5,415.6907840704976
-61.5,-44.5,415.6911142323302
-61.5,-43.5,415.69238230695646
-61.5,-42.5,415.69887766186633
-61.5,-41.5,415.6977266625982
-61.5,-40.5,415.6977484434889
-61.5,-39.5,415.6914693432525
-61.5,-38.5,415.697379565565
-61.5,-37.5,415.6971688010527
-61.5,-36.5,415.6960973361516
-61.5,-35.5,415.6955600578348
-61.5,-34.5,415.6952728741349
-61.5,-33.5,415.6941774770027
-61.5,-32.5,415.6935877696715
-61.5,-31.5,415.68437330542514
-61.5,-30.5,415.6831092779026
-61.5,-29.5,415.6905578320655
-61.5,-28.5,415.6893667733266
-61.5,-27.5,415.6785329221988
-61.5,-26.5,415.6861666674674
-61.5,-25.5,415.675738967788
-61.5,-24.5,415.67373821115353
-61.5,-23.5,415.6721138072113
-61.5,-22.5,415.6698208281062
-61.5,-21.5,415.6684479949676
-61.5,-20.5,415.6743180000448
-61.5,-19.5,415.671609307558
-61.5,-18.5,415.66228090853616
-61.5,-17.5,415.66688995614095
-61.5,-16.5,415.66481073884734
-61.5,-15.5,415.6624539897963
-61.5,-14.5,415.65521301720986
-61.5,-13.5,415.65868581304136
-61.5,-12.5,415.65112795709166
-61.5,-11.5,415.6534387088149
-61.5,-10.5,415.6469327893637
-61.5,-9.5,415.6452296894904
-61.5,-8.5,415.64339975938594
-61.5,-7.5,415.6434778324319
-61.5,-6.5,415.6417840147551
-61.5,-5.5,415.6396741430568
-61.5,-4.5,415.6382400089532
-61.5,-3.5,415.6356473595562
-61.5,-2.5,415.6355771068841
-61.5,-1.5,415.6344370073593
-61.5,-0.5,415.63327794703343
-61.5,0.5,415.63308701631263
-61.5,1.5,415.63344801186935
-61.5,2.5,415.63310005090415
-61.5,3.5,415.6332949617514
-61.5,4.5,415.63281074451606
-61.5,5.5,415.6326861889936
-61.5,6.5,415.6315974177905
-61.5,7.5,415.6309588446774
-61.5,8.5,415.6296098005412
-61.5,9.5,415.62830759560063
-61.5,10.5,415.6280058279438
-61.5,11.5,415.6274884889553
-61.5,12.5,415.62718836003074
-61.5,13.5,415.6268277858592
-61.5,14.5,415.626515306668
-61.5,15.5,415.624976465392
-61.5,16.5,415.62448515842
-61.5,17.5,415.6236519777801
-61.5,18.5,415.6230465613783
-61.5,19.5,415.6226122850773
-61.5,20.5,415.6216913856914
-61.5,21.5,415.6208140750769
-61.5,22.5,415.6184158104148
-61.5,23.5,415.6172842823108
-61.5,24.5,415.6169404206204
-61.5,25.5,415.61620514758846
-61.5,26.5,415.6154642827499
-61.5,27.5,415.6127465318029
-61.5,28.5,415.6124763486253
-61.5,29.5,415.61179132200783
-61.5,30.5,415.61162892548094
-61.5,31.5,415.6097173351148
-61.5,32.5,415.6111164665782
-61.5,33.5,415.6105030548473
-61.5,34.5,415.6101628925592
-61.5,35.5,415.60666574651793
-61.5,36.5,415.6083211382588
-61.5,37.5,415.60569602359743
-61.5,38.5,415.6049192242265
-61.5,39.5,415.60473890444905
-61.5,40.5,415.60700277469135
-61.5,41.5,415.6069004053983
-61.5,42.5,415.607783832874
-61.5,43.5,415.60400684492186
-61.5,44.5,415.6072675080098
-61.5,45.5,415.6045525324195
-61.5,46.5,415.60462945039774
-61.5,47.5,415.6086879849852
-61.5,48.5,415.6087024332977
-61.5,49.5,415.6038622592823
-61.5,50.5,415.6085654329884
-61.5,51.5,415.6081188963738
-61.5,52.5,415.6024126974466
-61.5,53.5,415.60165582819536
-61.5,54.5,415.6006086647721
-61.5,55.5,415.6048076838989
-61.5,56.5,415.5988459907222
-61.5,57.5,415.6042077884923
-61.5,58.5,415.6038486160618
-61.5,59.5,415.59774534942886
-61.5,60.5,415.6023434603142
-61.5,61.5,415.6010371338992
-61.5,62.5,415.594694428171
-61.5,63.5,415.5991102501986
-61.5,64.5,415.5980334545811
-61.5,65.5,415.5974208540559
-61.5,66.5,415.59068598670575
-61.5,67.5,415.58990152985183
-61.5,68.5,415.5889754679031
-61.5,69.5,415.59456879325415
-61.5,70.5,415.59353474004735
-61.5,71.5,415.5860104385546
-61.5,72.5,415.5921522516795
-61.5,73.5,415.5914663343089
-61.5,74.5,415.5905776126653
-61.5,75.5,415.59001446269326
-61.5,76.5,415.5897026562951
-61.5,77.5,415.5826691520255
-61.5,78.5,415.5828407626578
-61.5,79.5,415.5827740289012
-61.5,80.5,415.5829128412664
-61.5,81.5,415.58260647797255
-61.5,82.5,415.5818998776971
-61.5,83.5,415.5869814185686
-61.5,84.5,415.5856222227208
-61.5,85.5,415.58322389528166
-61.5,86.5,415.5760122108617
-61.5,87.5,415.57318335243775
-61.5,88.5,415.5770928183804
-61.5,89.5,415.5712597982074
-61.5,90.5,415.5756257658792
-61.5,91.5,415.5765966428193
-61.5,92.5,415.56998475010994
-61.5,93.5,415.5735155258415
-61.5,94.5,415.56855957575993
-61.5,95.5,415.5681806354938
-61.5,96.5,415.5679553704594
-61.5,97.5,415.5708206518309
-61.5,98.5,415.56763650138
-61.5,99.5,415.5695954021381
-61.5,100.5,415.56705755501065
-61.5,101.5,415.5671393164448
-61.5,102.5,415.56573215782095
-61.5,103.5,415.5682665148008
-61.5,104.5,415.5666434744087
-61.5,105.5,415.56867300154346
-61.5,106.5,415.5685140169125
-61.5,107.5,415.567457557623
-61.5,108.5,415.5653782069528
-61.5,109.5,415.565444518572
-61.5,110.5,415.5648630382194
-61.5,111.5,415.5672651993882
-61.5,112.5,415.5651632114395
-61.5,113.5,415.56756169068825
-61.5,114.5,415.5670970517707
-61.5,115.5,415.5692117497636
-61.5,116.5,415.5672031159975
-61.5,117.5,415.5695814710021
-61.5,118.5,415.5680759356527
-61.5,119.5,415.567704706317
-61.5,120.5,415.56973655201386
-61.5,121.5,415.5700838791281
-61.5,122.5,415.5709733917184
-61.5,123.5,415.5699691486752
-61.5,124.5,415.5726933518285
-61.5,125.5,415.5719182279082
-61.5,126.5,415.5750462418957
-61.5,127.5,415.5763755282546
-61.5,128.5,415.5756501893878
-61.5,129.5,415.5775893742101
-61.5,130.5,415.5811874328308
-61.5,131.5,415.58271831262607
-61.5,132.5,415.5825971043598
-61.5,133.5,415.58510573699823
-61.5,134.5,415.5873708965044
-61.5,135.5,415.592165058938
-61.5,136.5,415.5925449720753
-61.5,137.5,415.5949958903279
-61.5,138.5,415.5997007222624
-61.5,139.5,415.59998190333687
-61.5,140.5,415.6025223571564
-61.5,141.5,415.6078806261387
-61.5,142.5,415.6085484864448
-61.5,143.5,415.6146482496228
-61.5,144.5,415.61894863213786
-61.5,145.5,415.623038536615
-61.5,146.5,415.62802719675625
-61.5,147.5,415.62901100569474
-61.5,148.5,415.6378996221417
-61.5,149.5,415.6388711233536
-61.5,150.5,415.6448851381782
-61.5,151.5,415.65417983203446
-61.5,152.5,415.6604187679666
-61.5,153.5,415.6664442859144
-61.5,154.5,415.6716531869554
-61.5,155.5,415.6725712598151
-61.5,156.5,415.6828266252887
-61.5,157.5,415.6831892123356
-61.5,158.5,415.6881614810755
-61.5,159.5,415.6922132351679
-61.5,160.5,415.70421878310447
-61.5,161.5,415.7040360140643
-61.5,162.5,415.7161565485863
-61.5,163.5,415.72142383621616
-61.5,164.5,415.727773808626
-61.5,165.5,415.7329465302109
-61.5,166.5,415.7370112846322
-61.5,167.5,415.7430126174385
-61.5,168.5,415.7411043515307
-61.5,169.5,415.7462203248302
-61.5,170.5,415.7568650700592
-61.5,171.5,415.7599034446346
-61.5,172.5,415.76497000732695
-61.5,173.5,415.7616280788313
-61.5,174.5,415.76457732441753
-61.5,175.5,415.776194139579
-61.5,176.5,415.7731225604608
-61.5,177.5,415.7852480678131
-61.5,178.5,415.7903336677985
-61.5,179.5,415.7930868256457
-60.5,-179.5,415.8374082256878
-60.5,-178.5,415.841735132586
-60.5,-177.5,415.8435096083425
-60.5,-176.5,415.8359090315016
-60.5,-175.5,415.84993519555377
-60.5,-174.5,415.85196277421073
-60.5,-173.5,415.8533455726724
-60.5,-172.5,415.8563521837469
-60.5,-171.5,415.8448177229457
-60.5,-170.5,415.8473531263565
-60.5,-169.5,415.8598638526273
-60.5,-168.5,415.8609205984852
-60.5,-167.5,415.8638937363839
-60.5,-166.5,415.8535268712923
-60.5,-165.5,415.8655475177391
-60.5,-164.5,415.86628929289424
-60.5,-163.5,415.8666098948864
-60.5,-162.5,415.857745539732
-60.5,-161.5,415.8564450555237
-60.5,-160.5,415.858940411535
-60.5,-159.5,415.87054445321
-60.5,-158.5,415.8601742988261
-60.5,-157.5,415.8604978654085
-60.5,-156.5,415.8609418759456
-60.5,-155.5,415.8608566029753
-60.5,-154.5,415.8715297404856
-60.5,-153.5,415.860429788036
-60.5,-152.5,415.8726683782424
-60.5,-151.5,415.8699015680171
-60.5,-150.5,415.8707341519597
-60.5,-149.5,415.8674896010298
-60.5,-148.5,415.86763831998974
-60.5,-147.5,415.8658006566374
-60.5,-146.5,415.8552250265648
-60.5,-145.5,415.8535142115342
-60.5,-144.5,415.8515143322848
-60.5,-143.5,415.84895327243095
-60.5,-142.5,415.8464734498704
-60.5,-141.5,415.8436578831246
-60.5,-140.5,415.8409100848412
-60.5,-139.5,415.8432291486998
-60.5,-138.5,415.8377434269997
-60.5,-137.5,415.8320333439688
-60.5,-136.5,415.8297927541747
-60.5,-135.5,415.8254240172644
-60.5,-134.5,415.8214682873358
-60.5,-133.5,415.8174340047569
-60.5,-132.5,415.8137248478921
-60.5,-131.5,415.8099528767502
-60.5,-130.5,415.8061555302784
-60.5,-129.5,415.8021143387525
-60.5,-128.5,415.7980822003182
-60.5,-127.5,415.7932527398224
-60.5,-126.5,415.7877441306761
-60.5,-125.5,415.7857948802059
-60.5,-124.5,415.7794061633477
-60.5,-123.5,415.7742302665009
-60.5,-122.5,415.7707244965495
-60.5,-121.5,415.7659328031613
-60.5,-120.5,415.7623157505328
-60.5,-119.5,415.7564633510907
-60.5,-118.5,415.7525356196512
-60.5,-117.5,415.7487704818504
-60.5,-116.5,415.74298463811584
-60.5,-115.5,415.7411705057231
-60.5,-114.5,415.7369605051709
-60.5,-113.5,415.7341890774668
-60.5,-112.5,415.73165558596094
-60.5,-111.5,415.7279828437533
-60.5,-110.5,415.7254875468188
-60.5,-109.5,415.7233673333808
-60.5,-108.5,415.719565066494
-60.5,-107.5,415.717284278414
-60.5,-106.5,415.7151281274213
-60.5,-105.5,415.7114391542598
-60.5,-104.5,415.7088504158592
-60.5,-103.5,415.7063406314975
-60.5,-102.5,415.70401948518895
-60.5,-101.5,415.7003552530023
-60.5,-100.5,415.6983703498535
-60.5,-99.5,415.6941881900035
-60.5,-98.5,415.69302190067725
-60.5,-97.5,415.6911599557046
-60.5,-96.5,415.6891223163892
-60.5,-95.5,415.6887597653623
-60.5,-94.5,415.6875334450894
-60.5,-93.5,415.686007744796
-60.5,-92.5,415.68493311610086
-60.5,-91.5,415.6824971843538
-60.5,-90.5,415.68282514014726
-60.5,-89.5,415.67960065787975
-60.5,-88.5,415.680974619424
-60.5,-87.5,415.6801588996332
-60.5,-86.5,415.6785635998664
-60.5,-85.5,415.6793654508936
-60.5,-84.5,415.67935567284223
-60.5,-83.5,415.6791523206233
-60.5,-82.5,415.6774184705631
-60.5,-81.5,415.6800973564401
-60.5,-80.5,415.6824481348901
-60.5,-79.5,415.68157005975286
-60.5,-78.5,415.6838050998706
-60.5,-77.5,415.6796965463543
-60.5,-76.5,415.6819093754156
-60.5,-75.5,415.6827167075568
-60.5,-74.5,415.6867919374838
-60.5,-73.5,415.6842024199468
-60.5,-72.5,415.68497794754217
-60.5,-71.5,415.6900441763729
-60.5,-70.5,415.6909190789468
-60.5,-69.5,415.6876317243352
-60.5,-68.5,415.68812114009785
-60.5,-67.5,415.6888274588074
-60.5,-66.5,415.68791847550864
-60.5,-65.5,415.6947946739308
-60.5,-64.5,415.6893015494724
-60.5,-63.5,415.6961633659272
-60.5,-62.5,415.6908356121319
-60.5,-61.5,415.6919729516961
-60.5,-60.5,415.6982612509152
-60.5,-59.5,415.7001340498992
-60.5,-58.5,415.7013727041874
-60.5,-57.5,415.7033056885679
-60.5,-56.5,415.70476231623616
-60.5,-55.5,415.70707395237366
-60.5,-54.5,415.7025076317536
-60.5,-53.5,415.7107250733969
-60.5,-52.5,415.7116658232423
-60.5,-51.5,415.7134815442897
-60.5,-50.5,415.7145242698701
-60.5,-49.5,415.7095732566812
-60.5,-48.5,415.7102881032199
-60.5,-47.5,415.7104669940991
-60.5,-46.5,415.7118263984191
-60.5,-45.5,415.718703483741
-60.5,-44.5,415.7190669146133
-60.5,-43.5,415.7151642606668
-60.5,-42.5,415.72152336196245
-60.5,-41.5,415.7220655802937
-60.5,-40.5,415.71575176822927
-60.5,-39.5,415.7207343995297
-60.5,-38.5,415.7204557913198
-60.5,-37.5,415.7202392151098
-60.5,-36.5,415.7185524527767
-60.5,-35.5,415.717936247272
-60.5,-34.5,415.70975540980766
-60.5,-33.5,415.7163226418162
-60.5,-32.5,415.7155317843295
-60.5,-31.5,415.7152836105072
-60.5,-30.5,415.71429852841607
-60.5,-29.5,415.7124573954587
-60.5,-28.5,415.7116902429385
-60.5,-27.5,415.7084332909968
-60.5,-26.5,415.69776712882407
-60.5,-25.5,415.69580416660494
-60.5,-24.5,415.7030873139768
-60.5,-23.5,415.7011317078468
-60.5,-22.5,415.6987789497184
-60.5,-21.5,415.6959188700748
-60.5,-20.5,415.68466021875736
-60.5,-19.5,415.6819326111921
-60.5,-18.5,415.6881517718224
-60.5,-17.5,415.6850843172597
-60.5,-16.5,415.68350439773087
-60.5,-15.5,415.6742090299852
-60.5,-14.5,415.67916457529896
-60.5,-13.5,415.6704784627985
-60.5,-12.5,415.67433823221467
-60.5,-11.5,415.6714750283304
-60.5,-10.5,415.6692010653711
-60.5,-9.5,415.6665189401841
-60.5,-8.5,415.665020696325
-60.5,-7.5,415.6594594944209
-60.5,-6.5,415.6608726082509
-60.5,-5.5,415.6579813622248
-60.5,-4.5,415.657775277442
-60.5,-3.5,415.6552380537093
-60.5,-2.5,415.82892266473993
-60.5,-1.5,415.6545261089877
-60.5,-0.5,415.6534332313196
-60.5,0.5,415.6531343624589
-60.5,1.5,415.6530920742034
-60.5,2.5,415.65303245914953
-60.5,3.5,415.65344977553065
-60.5,4.5,415.6532550036087
-60.5,5.5,415.65175512363874
-60.5,6.5,415.6522294669261
-60.5,7.5,415.65023754815655
-60.5,8.5,415.6502803247441
-60.5,9.5,415.6486823683352
-60.5,10.5,415.64818642623374
-60.5,11.5,415.6480587294831
-60.5,12.5,415.64867594787006
-60.5,13.5,415.6484827127998
-60.5,14.5,415.6486391374492
-60.5,15.5,415.64846942826085
-60.5,16.5,415.6484768478686
-60.5,17.5,415.6469718688409
-60.5,18.5,415.6478034736319
-60.5,19.5,415.6459483489132
-60.5,20.5,415.6453355713002
-60.5,21.5,415.6447047328202
-60.5,22.5,415.6438178500109
-60.5,23.5,415.64323177722
-60.5,24.5,415.6422937151593
-60.5,25.5,415.6421047500292
-60.5,26.5,415.64141078979617
-60.5,27.5,415.63926548247593
-60.5,28.5,415.63985737421984
-60.5,29.5,415.6378690571929
-60.5,30.5,415.637060587969
-60.5,31.5,415.6361012463931
-60.5,32.5,415.63238029686937
-60.5,33.5,415.6314626290814
-60.5,34.5,415.63373298077954
-60.5,35.5,415.62971160797446
-60.5,36.5,415.6290947259216
-60.5,37.5,415.62927157626905
-60.5,38.5,415.6281628583732
-60.5,39.5,415.63158130601937
-60.5,40.5,415.63260205523824
-60.5,41.5,415.6287530178725
-60.5,42.5,415.632524388545
-60.5,43.5,415.6335126153796
-60.5,44.5,415.6326046296122
-60.5,45.5,415.62992062933097
-60.5,46.5,415.6347071157662
-60.5,47.5,415.63410219432166
-60.5,48.5,415.63020704108806
-60.5,49.5,415.6347626346181
-60.5,50.5,415.6337798125882
-60.5,51.5,415.6279175164833
-60.5,52.5,415.6323662420204
-60.5,53.5,415.6267499604886
-60.5,54.5,415.6312383769837
-60.5,55.5,415.6323091549238
-60.5,56.5,415.62627194674826
-60.5,57.5,415.6262533209638
-60.5,58.5,415.62575913236384
-60.5,59.5,415.6253216901845
-60.5,60.5,415.6241579172741
-60.5,61.5,415.62331305211256
-60.5,62.5,415.6277625994705
-60.5,63.5,415.6279579629767
-60.5,64.5,415.6197826514102
-60.5,65.5,415.6268223534252
-60.5,66.5,415.6244560173162
-60.5,67.5,415.6259263460133
-60.5,68.5,415.6254494611876
-60.5,69.5,415.6184277464938
-60.5,70.5,415.6177161152294
-60.5,71.5,415.6174215397784
-60.5,72.5,415.6170511424559
-60.5,73.5,415.6239096378167
-60.5,74.5,415.6170615252189
-60.5,75.5,415.6170833487161
-60.5,76.5,415.617287923094
-60.5,77.5,415.6218601781557
-60.5,78.5,415.6237070020071
-60.5,79.5,415.6157602054715
-60.5,80.5,415.6229048463963
-60.5,81.5,415.62071694176944
-60.5,82.5,415.61436527960126
-60.5,83.5,415.6189872642187
-60.5,84.5,415.6179629756373
-60.5,85.5,415.6112620134567
-60.5,86.5,415.6147664255847
-60.5,87.5,415.6133066874337
-60.5,88.5,415.60714038021865
-60.5,89.5,415.6094660556279
-60.5,90.5,415.60533864690063
-60.5,91.5,415.6075655589799
-60.5,92.5,415.60663971611416
-60.5,93.5,415.60582175881206
-60.5,94.5,415.6050831146805
-60.5,95.5,415.60429181029946
-60.5,96.5,415.6024208387874
-60.5,97.5,415.59909363575366
-60.5,98.5,415.60193318477167
-60.5,99.5,415.6005505516824
-60.5,100.5,415.5989989089551
-60.5,101.5,415.5977712648043
-60.5,102.5,415.59990601214486
-60.5,103.5,415.59695022335495
-60.5,104.5,415.5977569341492
-60.5,105.5,415.5951014928913
-60.5,106.5,415.5950803355876
-60.5,107.5,415.59590680450526
-60.5,108.5,415.593731911504
-60.5,109.5,415.5963685758037
-60.5,110.5,415.5955711284703
-60.5,111.5,415.5939646945286
-60.5,112.5,415.5968635642572
-60.5,113.5,415.59513347323934
-60.5,114.5,415.5948220511501
-60.5,115.5,415.59732456302754
-60.5,116.5,415.5946128824795
-60.5,117.5,415.5975336583646
-60.5,118.5,415.5977036676462
-60.5,119.5,415.59496955037855
-60.5,120.5,415.5976382218981
-60.5,121.5,415.5960771176624
-60.5,122.5,415.5965528475208
-60.5,123.5,415.599437366552
-60.5,124.5,415.5985185607593
-60.5,125.5,415.6031537009771
-60.5,126.5,415.6036757953798
-60.5,127.5,415.60467438645287
-60.5,128.5,415.60608318625
-60.5,129.5,415.60792148785583
-60.5,130.5,415.6113997784296
-60.5,131.5,415.6134936057411
-60.5,132.5,415.6160002816172
-60.5,133.5,415.61645047507136
-60.5,134.5,415.62196081633255
-60.5,135.5,415.6239109913052
-60.5,136.5,415.6278426037984
-60.5,137.5,415.6299143093023
-60.5,138.5,415.6337009986088
-60.5,139.5,415.6361859941271
-60.5,140.5,415.64201378512496
-60.5,141.5,415.6427962613619
-60.5,142.5,415.6464925880449
-60.5,143.5,415.6534383215224
-60.5,144.5,415.65463705821327
-60.5,145.5,415.662260157836
-60.5,146.5,415.6675924489252
-60.5,147.5,415.67227863728
-60.5,148.5,415.6741930884195
-60.5,149.5,415.68178481139967
-60.5,150.5,415.6892480592788
-60.5,151.5,415.6887671599084
-60.5,152.5,415.7005643219853
-60.5,153.5,415.7046347335192
-60.5,154.5,415.7057069381601
-60.5,155.5,415.71072127621625
-60.5,156.5,415.7217004459616
-60.5,157.5,415.7267619180366
-60.5,158.5,415.7330332029688
-60.5,159.5,415.7382286242312
-60.5,160.5,415.73940691055975
-60.5,161.5,415.7437084890089
-60.5,162.5,415.7515248653476
-60.5,163.5,415.7616887658304
-60.5,164.5,415.76819715137424
-60.5,165.5,415.7736023746474
-60.5,166.5,415.7800039502581
-60.5,167.5,415.78494939532527
-60.5,168.5,415.7884704498392
-60.5,169.5,415.7937931510186
-60.5,170.5,415.7909888248174
-60.5,171.5,415.8006111029527
-60.5,172.5,415.80682586748367
-60.5,173.5,415.8098279890364
-60.5,174.5,415.81555148156855
-60.5,175.5,415.819552403888
-60.5,176.5,415.8227513904571
-60.5,177.5,415.8264876540331
-60.5,178.5,415.831535132627
-60.5,179.5,415.8343092265782
-59.5,-179.5,415.8786733469915
-59.5,-178.5,415.8806739316723
-59.5,-177.5,415.8831703010681
-59.5,-176.5,415.8754971908083
-59.5,-175.5,415.8887942103434
-59.5,-174.5,415.89075986484056
-59.5,-173.5,415.8818414318396
-59.5,-172.5,415.8951959915138
-59.5,-171.5,415.8966225625687
-59.5,-170.5,415.8976361264429
-59.5,-169.5,415.8901159490604
-59.5,-168.5,415.88925988574033
-59.5,-167.5,415.9025887646196
-59.5,-166.5,415.8924918792126
-59.5,-165.5,415.9040695563988
-59.5,-164.5,415.90457370768667
-59.5,-163.5,415.9053069954785
-59.5,-162.5,415.9076446975535
-59.5,-161.5,415.9080247420465
-59.5,-160.5,415.89816665671975
-59.5,-159.5,415.909478384224
-59.5,-158.5,415.8994727966075
-59.5,-157.5,415.899856850337
-59.5,-156.5,415.9127035916037
-59.5,-155.5,415.9107917795758
-59.5,-154.5,415.9123675893864
-59.5,-153.5,415.9015347446706
-59.5,-152.5,415.9009846810304
-59.5,-151.5,415.9096468989141
-59.5,-150.5,415.9083429964104
-59.5,-149.5,415.9065001707496
-59.5,-148.5,415.9048630347957
-59.5,-147.5,415.902881269512
-59.5,-146.5,415.8925655794944
-59.5,-145.5,415.89853004778007
-59.5,-144.5,415.89572767289815
-59.5,-143.5,415.8929840990392
-59.5,-142.5,415.8898042794426
-59.5,-141.5,415.88656708421337
-59.5,-140.5,415.882954976038
-59.5,-139.5,415.8791972437791
-59.5,-138.5,415.87570007399967
-59.5,-137.5,415.87174701708216
-59.5,-136.5,415.8678838026818
-59.5,-135.5,415.86233580538135
-59.5,-134.5,415.8588232528952
-59.5,-133.5,415.8557809174923
-59.5,-132.5,415.8499697883429
-59.5,-131.5,415.847718947962
-59.5,-130.5,415.8419520616458
-59.5,-129.5,415.83773052156414
-59.5,-128.5,415.8331489654963
-59.5,-127.5,415.8296695972237
-59.5,-126.5,415.8251642680488
-59.5,-125.5,415.8218407495074
-59.5,-124.5,415.8157252436218
-59.5,-123.5,415.8113616410345
-59.5,-122.5,415.8067069495897
-59.5,-121.5,415.8022491383712
-59.5,-120.5,415.79756576951456
-59.5,-119.5,415.7914381383102
-59.5,-118.5,415.78928938709913
-59.5,-117.5,415.7831653015858
-59.5,-116.5,415.7790055552784
-59.5,-115.5,415.7750735778315
-59.5,-114.5,415.7698874637335
-59.5,-113.5,415.7669233361768
-59.5,-112.5,415.76426656057936
-59.5,-111.5,415.7601897057071
-59.5,-110.5,415.7579029596114
-59.5,-109.5,415.7552095561488
-59.5,-108.5,415.7526707138277
-59.5,-107.5,415.7498787707358
-59.5,-106.5,415.74603712344265
-59.5,-105.5,415.7433636462946
-59.5,-104.5,415.7393978097695
-59.5,-103.5,415.7377063855199
-59.5,-102.5,415.73536527367867
-59.5,-101.5,415.7319645598037
-59.5,-100.5,415.7305073272833
-59.5,-99.5,415.7280999140704
-59.5,-98.5,415.7245876074776
-59.5,-97.5,415.7230548691922
-59.5,-96.5,415.7193367446271
-59.5,-95.5,415.718722008752
-59.5,-94.5,415.7164229309701
-59.5,-93.5,415.7148003101556
-59.5,-92.5,415.7122658260771
-59.5,-91.5,415.7115409882075
-59.5,-90.5,415.7111916281253
-59.5,-89.5,415.71006249564175
-59.5,-88.5,415.7103783441889
-59.5,-87.5,415.7095840036219
-59.5,-86.5,415.70919202541495
-59.5,-85.5,415.7071908595586
-59.5,-84.5,415.7096789165216
-59.5,-83.5,415.70765746530174
-59.5,-82.5,415.70827756393913
-59.5,-81.5,415.7086565882659
-59.5,-80.5,415.7111118240436
-59.5,-79.5,415.70960337927096
-59.5,-78.5,415.7101802536679
-59.5,-77.5,415.7109294900241
-59.5,-76.5,415.71156624156447
-59.5,-75.5,415.7124943926506
-59.5,-74.5,415.7134320479306
-59.5,-73.5,415.7175661826273
-59.5,-72.5,415.71910839251655
-59.5,-71.5,415.7202609010028
-59.5,-70.5,415.721790270003
-59.5,-69.5,415.7227056933803
-59.5,-68.5,415.7238150386577
-59.5,-67.5,415.7202047133879
-59.5,-66.5,415.720355772219
-59.5,-65.5,415.72062396029474
-59.5,-64.5,415.7250612349335
-59.5,-63.5,415.7256872889539
-59.5,-62.5,415.7216108921141
-59.5,-61.5,415.7272533968512
-59.5,-60.5,415.7268479825893
-59.5,-59.5,415.72494660084607
-59.5,-58.5,415.7251220973049
-59.5,-57.5,415.7268618596512
-59.5,-56.5,415.7281643394242
-59.5,-55.5,415.73451981199406
-59.5,-54.5,415.7310745260028
-59.5,-53.5,415.7326504034311
-59.5,-52.5,415.7325119076764
-59.5,-51.5,415.7335402195183
-59.5,-50.5,415.739201940245
-59.5,-49.5,415.7348366781286
-59.5,-48.5,415.73556967058994
-59.5,-47.5,415.7352413229975
-59.5,-46.5,415.742761651802
-59.5,-45.5,415.743203056186
-59.5,-44.5,415.7390171048911
-59.5,-43.5,415.7398336304626
-59.5,-42.5,415.7395192792926
-59.5,-41.5,415.7402187043041
-59.5,-40.5,415.7470668211233
-59.5,-39.5,415.7387119408136
-59.5,-38.5,415.7384673196536
-59.5,-37.5,415.7458967350875
-59.5,-36.5,415.7370149112158
-59.5,-35.5,415.7359195455628
-59.5,-34.5,415.7341305775136
-59.5,-33.5,415.7422734078626
-59.5,-32.5,415.731195659569
-59.5,-31.5,415.7306313407737
-59.5,-30.5,415.7291702159913
-59.5,-29.5,415.7267776260545
-59.5,-28.5,415.7339045336136
-59.5,-27.5,415.7216750180767
-59.5,-26.5,415.73125258803367
-59.5,-25.5,415.7292392234113
-59.5,-24.5,415.7150703860734
-59.5,-23.5,415.7133237586265
-59.5,-22.5,415.7200679294001
-59.5,-21.5,415.7076192606546
-59.5,-20.5,415.71376365847766
-59.5,-19.5,415.7110407129557
-59.5,-18.5,415.7091947594764
-59.5,-17.5,415.6977178882853
-59.5,-16.5,415.7037381795784
-59.5,-15.5,415.7012399437378
-59.5,-14.5,415.69210762577495
-59.5,-13.5,415.6900422828524
-59.5,-12.5,415.6889265051432
-59.5,-11.5,415.6860143128193
-59.5,-10.5,415.6851157807002
-59.5,-9.5,415.6871522999603
-59.5,-8.5,415.6853707974186
-59.5,-7.5,415.6832346103128
-59.5,-6.5,415.68165557165696
-59.5,-5.5,415.6780775335679
-59.5,-4.5,415.6785872481447
-59.5,-3.5,415.6774004418587
-59.5,-2.5,415.6752684330076
-59.5,-1.5,415.6749734323071
-59.5,-0.5,415.6753517245098
-59.5,0.5,415.6753427959196
-59.5,1.5,415.67485789441565
-59.5,2.5,415.6756150584646
-59.5,3.5,415.6756595215408
-59.5,4.5,415.67506960772073
-59.5,5.5,415.6749084032791
-59.5,6.5,415.6744103093885
-59.5,7.5,415.674127693374
-59.5,8.5,415.67396885922966
-59.5,9.5,415.6742387751031
-59.5,10.5,415.6743134441422
-59.5,11.5,415.6727386470544
-59.5,12.5,415.6741466358583
-59.5,13.5,415.6731035936032
-59.5,14.5,415.6737064416436
-59.5,15.5,415.6736589929005
-59.5,16.5,415.6734184445195
-59.5,17.5,415.6732589795092
-59.5,18.5,415.6726643877058
-59.5,19.5,415.67166644738944
-59.5,20.5,415.6719841527896
-59.5,21.5,415.6715636545565
-59.5,22.5,415.6719191391519
-59.5,23.5,415.67121168757
-59.5,24.5,415.6702878659125
-59.5,25.5,415.6716098339133
-59.5,26.5,415.66959389870055
-59.5,27.5,415.66747791306415
-59.5,28.5,415.6661618455154
-59.5,29.5,415.66531003155154
-59.5,30.5,415.6644571751456
-59.5,31.5,415.6633830132197
-59.5,32.5,415.6611125709241
-59.5,33.5,415.6582963774191
-59.5,34.5,415.65778784291547
-59.5,35.5,415.6577765695413
-59.5,36.5,415.66071084448566
-59.5,37.5,415.65657557716105
-59.5,38.5,415.6562027963767
-59.5,39.5,415.65502844996536
-59.5,40.5,415.6606034854722
-59.5,41.5,415.6562880209384
-59.5,42.5,415.6557948819202
-59.5,43.5,415.6621114012237
-59.5,44.5,415.6627135721149
-59.5,45.5,415.65799076115246
-59.5,46.5,415.66433030552696
-59.5,47.5,415.6581005123383
-59.5,48.5,415.6645440745215
-59.5,49.5,415.6639513679726
-59.5,50.5,415.6637511923157
-59.5,51.5,415.6624527731519
-59.5,52.5,415.6562673806516
-59.5,53.5,415.6573533942389
-59.5,54.5,415.6569679201778
-59.5,55.5,415.6571159879908
-59.5,56.5,415.6631867783517
-59.5,57.5,415.6632092287495
-59.5,58.5,415.6629284973638
-59.5,59.5,415.66396469617024
-59.5,60.5,415.6622089168863
-59.5,61.5,415.6632215003177
-59.5,62.5,415.6557157131551
-59.5,63.5,415.66176471237344
-59.5,64.5,415.6606955303032
-59.5,65.5,415.6536618895862
-59.5,66.5,415.6603034698793
-59.5,67.5,415.6603119023095
-59.5,68.5,415.6604638950248
-59.5,69.5,415.660216205701
-59.5,70.5,415.6600521622646
-59.5,71.5,415.6595888580063
-59.5,72.5,415.65243984964593
-59.5,73.5,415.6524066478336
-59.5,74.5,415.6592903094513
-59.5,75.5,415.6593686893887
-59.5,76.5,415.6526337870089
-59.5,77.5,415.6529389032618
-59.5,78.5,415.6531920030568
-59.5,79.5,415.6591043563974
-59.5,80.5,415.6586907261429
-59.5,81.5,415.6529427009872
-59.5,82.5,415.652944060208
-59.5,83.5,415.655933715693
-59.5,84.5,415.6562943527098
-59.5,85.5,415.6531486358678
-59.5,86.5,415.6469688492338
-59.5,87.5,415.6458711876707
-59.5,88.5,415.6494635605626
-59.5,89.5,415.64804753331424
-59.5,90.5,415.6465383500453
-59.5,91.5,415.6434490109485
-59.5,92.5,415.6380304807047
-59.5,93.5,415.6412503010015
-59.5,94.5,415.6361112539888
-59.5,95.5,415.6389006935133
-59.5,96.5,415.63657878419326
-59.5,97.5,415.6370929988649
-59.5,98.5,415.6325718685773
-59.5,99.5,415.6325761934671
-59.5,100.5,415.6321570667625
-59.5,101.5,415.6303564000345
-59.5,102.5,415.632582471348
-59.5,103.5,415.6293538672383
-59.5,104.5,415.6297616757437
-59.5,105.5,415.6272896635641
-59.5,106.5,415.6271310493672
-59.5,107.5,415.6277377679285
-59.5,108.5,415.6298534217602
-59.5,109.5,415.6288453246864
-59.5,110.5,415.62648781040906
-59.5,111.5,415.6274653688802
-59.5,112.5,415.6260663865391
-59.5,113.5,415.6260388390753
-59.5,114.5,415.6252508454302
-59.5,115.5,415.62830749758
-59.5,116.5,415.6285755825272
-59.5,117.5,415.6262638056821
-59.5,118.5,415.6292956634837
-59.5,119.5,415.62794824512224
-59.5,120.5,415.6273621084843
-59.5,121.5,415.6270818812942
-59.5,122.5,415.6281059423248
-59.5,123.5,415.6285278654572
-59.5,124.5,415.62993861693633
-59.5,125.5,415.6352788827327
-59.5,126.5,415.6370854785909
-59.5,127.5,415.6392209406095
-59.5,128.5,415.6390324031991
-59.5,129.5,415.6435542255039
-59.5,130.5,415.64327662182
-59.5,131.5,415.6496666023108
-59.5,132.5,415.6506992384697
-59.5,133.5,415.65550954195646
-59.5,134.5,415.656493780609
-59.5,135.5,415.6602215172709
-59.5,136.5,415.66647523419954
-59.5,137.5,415.6701878240771
-59.5,138.5,415.671428309697
-59.5,139.5,415.6773834421387
-59.5,140.5,415.680598685249
-59.5,141.5,415.6811902991604
-59.5,142.5,415.6880307578169
-59.5,143.5,415.6890062927944
-59.5,144.5,415.69644833716296
-59.5,145.5,415.7015671393446
-59.5,146.5,415.70240563494696
-59.5,147.5,415.7078230202967
-59.5,148.5,415.7171165114952
-59.5,149.5,415.7180189652504
-59.5,150.5,415.7237196837111
-59.5,151.5,415.73294407644266
-59.5,152.5,415.7388717918354
-59.5,153.5,415.7440739766683
-59.5,154.5,415.7503638178463
-59.5,155.5,415.7543777728867
-59.5,156.5,415.76183148727785
-59.5,157.5,415.76587343032224
-59.5,158.5,415.7721522284782
-59.5,159.5,415.7723103737111
-59.5,160.5,415.78437227990094
-59.5,161.5,415.7842364288656
-59.5,162.5,415.7967327624065
-59.5,163.5,415.80127772990176
-59.5,164.5,415.8067663761388
-59.5,165.5,415.81323057245794
-59.5,166.5,415.8119638426464
-59.5,167.5,415.82482475002047
-59.5,168.5,415.8285951541357
-59.5,169.5,415.8351735302298
-59.5,170.5,415.838053042445
-59.5,171.5,415.8432981217057
-59.5,172.5,415.847403797693
-59.5,173.5,415.8505519808369
-59.5,174.5,415.84862320396616
-59.5,175.5,415.8599956924842
-59.5,176.5,415.8630560607281
-59.5,177.5,415.8677401774052
-59.5,178.5,415.8625807555837
-59.5,179.5,415.8671125541469
-58.5,-179.5,415.9156544467659
-58.5,-178.5,415.9176726661914
-58.5,-177.5,415.9216045533689
-58.5,-176.5,415.9240762991592
-58.5,-175.5,415.9168046219164
-58.5,-174.5,415.9200854644493
-58.5,-173.5,415.9217806199836
-58.5,-172.5,415.9322975125725
-58.5,-171.5,415.9338230941134
-58.5,-170.5,415.925503131762
-58.5,-169.5,415.937821956961
-58.5,-168.5,415.9384897120244
-58.5,-167.5,415.9396334336152
-58.5,-166.5,415.9310617469085
-58.5,-165.5,415.9414510501869
-58.5,-164.5,415.9343499237262
-58.5,-163.5,415.9344059373146
-58.5,-162.5,415.94454299093496
-58.5,-161.5,415.9349461927369
-58.5,-160.5,415.9452211963604
-58.5,-159.5,415.9456789892869
-58.5,-158.5,415.9478441916059
-58.5,-157.5,415.938154312266
-58.5,-156.5,415.9481395895234
-58.5,-155.5,415.9479393129424
-58.5,-154.5,415.9477854688552
-58.5,-153.5,415.93769062609385
-58.5,-152.5,415.9463056429441
-58.5,-151.5,415.9451044188485
-58.5,-150.5,415.9340107672604
-58.5,-149.5,415.9415880371401
-58.5,-148.5,415.9312282924616
-58.5,-147.5,415.9397216506673
-58.5,-146.5,415.9356930063546
-58.5,-145.5,415.93497354115175
-58.5,-144.5,415.9236499100686
-58.5,-143.5,415.9276445138206
-58.5,-142.5,415.9203109063614
-58.5,-141.5,415.92078775152174
-58.5,-140.5,415.9146073114853
-58.5,-139.5,415.9098637016974
-58.5,-138.5,415.9095591816818
-58.5,-137.5,415.9058123831835
-58.5,-136.5,415.9003536082682
-58.5,-135.5,415.8969358106012
-58.5,-134.5,415.8942105651313
-58.5,-133.5,415.8892334869666
-58.5,-132.5,415.8862620877645
-58.5,-131.5,415.8813760113872
-58.5,-130.5,415.8781604076728
-58.5,-129.5,415.87399726545567
-58.5,-128.5,415.86758585943306
-58.5,-127.5,415.8638292158002
-58.5,-126.5,415.8594152531702
-58.5,-125.5,415.8552545747671
-58.5,-124.5,415.8511098390463
-58.5,-123.5,415.8465556395316
-58.5,-122.5,415.8406021031173
-58.5,-121.5,415.8366764694805
-58.5,-120.5,415.8322193137504
-58.5,-119.5,415.82826272317584
-58.5,-118.5,415.8240393136315
-58.5,-117.5,415.8185447747211
-58.5,-116.5,415.8140596659537
-58.5,-115.5,415.8104234025707
-58.5,-114.5,415.806756943247
-58.5,-113.5,415.8031093466519
-58.5,-112.5,415.7979108821067
-58.5,-111.5,415.7953189775004
-58.5,-110.5,415.7924850713062
-58.5,-109.5,415.7884951497948
-58.5,-108.5,415.786300954587
-58.5,-107.5,415.7835791014834
-58.5,-106.5,415.7793196069
-58.5,-105.5,415.7771185213768
-58.5,-104.5,415.77476616755786
-58.5,-103.5,415.7715812296352
-58.5,-102.5,415.770034992201
-58.5,-101.5,415.767691358624
-58.5,-100.5,415.7642569421941
-58.5,-99.5,415.7618210180908
-58.5,-98.5,415.7582586310549
-58.5,-97.5,415.75653968348126
-58.5,-96.5,415.75309315366513
-58.5,-95.5,415.75136395837393
-58.5,-94.5,415.7481804228292
-58.5,-93.5,415.74650741796114
-58.5,-92.5,415.74607403100566
-58.5,-91.5,415.7439315908115
-58.5,-90.5,415.74337860552544
-58.5,-89.5,415.7419118177103
-58.5,-88.5,415.7412365320216
-58.5,-87.5,415.7401619227869
-58.5,-86.5,415.7408784306535
-58.5,-85.5,415.74094685839367
-58.5,-84.5,415.739713062029
-58.5,-83.5,415.7393316363083
-58.5,-82.5,415.74067520493526
-58.5,-81.5,415.7409591820759
-58.5,-80.5,415.74129392037327
-58.5,-79.5,415.7401617049455
-58.5,-78.5,415.7407633925018
-58.5,-77.5,415.7416052680702
-58.5,-76.5,415.7454079015904
-58.5,-75.5,415.745859970254
-58.5,-74.5,415.7480620469478
-58.5,-73.5,415.7485054390797
-58.5,-72.5,415.748147822922
-58.5,-71.5,415.7529574797146
-58.5,-70.5,415.7560630655916
-58.5,-69.5,415.7517452692437
-58.5,-68.5,415.7575606395412
-58.5,-67.5,415.7527029623741
-58.5,-66.5,415.7565234462002
-58.5,-65.5,415.75662160822736
-58.5,-64.5,415.7533814220814
-58.5,-63.5,415.7574983983484
-58.5,-62.5,415.7586342407282
-58.5,-61.5,415.755711422756
-58.5,-60.5,415.76061989069086
-58.5,-59.5,415.7579110536772
-58.5,-58.5,415.7586847632493
-58.5,-57.5,415.7600228964596
-58.5,-56.5,415.7637138298432
-58.5,-55.5,415.7608826399112
-58.5,-54.5,415.765819857471
-58.5,-53.5,415.7665246379378
-58.5,-52.5,415.767036817071
-58.5,-51.5,415.7633790883593
-58.5,-50.5,415.7668664877297
-58.5,-49.5,415.763189563571
-58.5,-48.5,415.7687070786373
-58.5,-47.5,415.7695033132187
-58.5,-46.5,415.76601554558
-58.5,-45.5,415.7706749148936
-58.5,-44.5,415.771890164928
-58.5,-43.5,415.7671332413908
-58.5,-42.5,415.7676826981814
-58.5,-41.5,415.7743766515948
-58.5,-40.5,415.767034183558
-58.5,-39.5,415.77508135302975
-58.5,-38.5,415.7752118546457
-58.5,-37.5,415.7649615097555
-58.5,-36.5,415.7732343712945
-58.5,-35.5,415.77217494997006
-58.5,-34.5,415.7604076945458
-58.5,-33.5,415.75979054625657
-58.5,-32.5,415.7682699070865
-58.5,-31.5,415.7658715262477
-58.5,-30.5,415.75376536603386
-58.5,-29.5,415.7624582706791
-58.5,-28.5,415.7600895889078
-58.5,-27.5,415.747619029013
-58.5,-26.5,415.74084149038725
-58.5,-25.5,415.7425887365624
-58.5,-24.5,415.73945983295147
-58.5,-23.5,415.7475252718049
-58.5,-22.5,415.7438755863701
-58.5,-21.5,415.74101851630354
-58.5,-20.5,415.7387212917707
-58.5,-19.5,415.735152372566
-58.5,-18.5,415.723254555991
-58.5,-17.5,415.7205954951489
-58.5,-16.5,415.7265552360929
-58.5,-15.5,415.72349649751175
-58.5,-14.5,415.7217642827426
-58.5,-13.5,415.7187378166765
-58.5,-12.5,415.7164331483731
-58.5,-11.5,415.7137479155112
-58.5,-10.5,415.7117605620013
-58.5,-9.5,415.7094337361126
-58.5,-8.5,415.7073528094154
-58.5,-7.5,415.7059909777274
-58.5,-6.5,415.704282380848
-58.5,-5.5,415.7030454353984
-58.5,-4.5,415.7000146467666
-58.5,-3.5,415.70174068222207
-58.5,-2.5,415.69980359645257
-58.5,-1.5,415.6994656941012
-58.5,-0.5,415.6980329553461
-58.5,0.5,415.6990651415688
-58.5,1.5,415.7008416224559
-58.5,2.5,415.6998691453035
-58.5,3.5,415.7009886981805
-58.5,4.5,415.69989440414486
-58.5,5.5,415.7001171265147
-58.5,6.5,415.700669239371
-58.5,7.5,415.700803695846
-58.5,8.5,415.7001543140001
-58.5,9.5,415.7010026226907
-58.5,10.5,415.7011952340917
-58.5,11.5,415.7014668193712
-58.5,12.5,415.70190618002096
-58.5,13.5,415.7022007421229
-58.5,14.5,415.7022404967157
-58.5,15.5,415.70116634497583
-58.5,16.5,415.700564583175
-58.5,17.5,415.7012107162427
-58.5,18.5,415.7015219302476
-58.5,19.5,415.7009807021721
-58.5,20.5,415.701379383761
-58.5,21.5,415.701358487366
-58.5,22.5,415.7005081996148
-58.5,23.5,415.70202870568585
-58.5,24.5,415.7017763652794
-58.5,25.5,415.70164788632434
-58.5,26.5,415.6995981294519
-58.5,27.5,415.6989632531691
-58.5,28.5,415.6960260550252
-58.5,29.5,415.6968238012663
-58.5,30.5,415.6956928339805
-58.5,31.5,415.6933312289033
-58.5,32.5,415.69053418812354
-58.5,33.5,415.692394050752
-58.5,34.5,415.69092470834
-58.5,35.5,415.6887082084508
-58.5,36.5,415.6918068679872
-58.5,37.5,415.6908512284332
-58.5,38.5,415.6918040701984
-58.5,39.5,415.6921103978781
-58.5,40.5,415.6874483321335
-58.5,41.5,415.69376244156297
-58.5,42.5,415.69436342183
-58.5,43.5,415.6940814745242
-58.5,44.5,415.6892138779155
-58.5,45.5,415.69452419701975
-58.5,46.5,415.690661003148
-58.5,47.5,415.69614066456427
-58.5,48.5,415.6966280187284
-58.5,49.5,415.6963446594665
-58.5,50.5,415.6907313712858
-58.5,51.5,415.6980935785132
-58.5,52.5,415.6976996292189
-58.5,53.5,415.6978185686152
-58.5,54.5,415.6914377938178
-58.5,55.5,415.697789700663
-58.5,56.5,415.6975791600207
-58.5,57.5,415.69921498463503
-58.5,58.5,415.6987677841013
-58.5,59.5,415.6925867518888
-58.5,60.5,415.69886424810727
-58.5,61.5,415.6925027529754
-58.5,62.5,415.6922485934346
-58.5,63.5,415.69834219886985
-58.5,64.5,415.6982752466944
-58.5,65.5,415.6977073543749
-58.5,66.5,415.6977185678703
-58.5,67.5,415.6977412296836
-58.5,68.5,415.6927507549414
-58.5,69.5,415.6912861501367
-58.5,70.5,415.6932740126664
-58.5,71.5,415.691475341716
-58.5,72.5,415.6982174355484
-58.5,73.5,415.7000265356976
-58.5,74.5,415.698018041834
-58.5,75.5,415.69301842841446
-58.5,76.5,415.6974981428416
-58.5,77.5,415.6976108952566
-58.5,78.5,415.6915048051691
-58.5,79.5,415.6975375449675
-58.5,80.5,415.6972050705763
-58.5,81.5,415.6969232942668
-58.5,82.5,415.6961356235912
-58.5,83.5,415.6952833511325
-58.5,84.5,415.6942271206312
-58.5,85.5,415.693157679205
-58.5,86.5,415.69225577416574
-58.5,87.5,415.6843808019572
-58.5,88.5,415.687653493563
-58.5,89.5,415.6861760422792
-58.5,90.5,415.679688667563
-58.5,91.5,415.68278773792434
-58.5,92.5,415.68130795473616
-58.5,93.5,415.6737724318484
-58.5,94.5,415.6765957205934
-58.5,95.5,415.6752548947808
-58.5,96.5,415.6700637961338
-58.5,97.5,415.6730302245724
-58.5,98.5,415.6674335167552
-58.5,99.5,415.66738999377526
-58.5,100.5,415.66998586508055
-58.5,101.5,415.6665125281124
-58.5,102.5,415.6686191948703
-58.5,103.5,415.6640216794192
-58.5,104.5,415.6639852762865
-58.5,105.5,415.6661226522574
-58.5,106.5,415.6621645586752
-58.5,107.5,415.6652651440888
-58.5,108.5,415.6649751853069
-58.5,109.5,415.661037771092
-58.5,110.5,415.6635448829264
-58.5,111.5,415.66318588470415
-58.5,112.5,415.66197997685896
-58.5,113.5,415.662489939321
-58.5,114.5,415.6624200199566
-58.5,115.5,415.6616542118073
-58.5,116.5,415.6616965948325
-58.5,117.5,415.6612580691584
-58.5,118.5,415.6627392670768
-58.5,119.5,415.66278242497407
-58.5,120.5,415.66160256427753
-58.5,121.5,415.6640232630365
-58.5,122.5,415.66296368665616
-58.5,123.5,415.6658032214866
-58.5,124.5,415.6691340206421
-58.5,125.5,415.6708827990027
-58.5,126.5,415.6724763463295
-58.5,127.5,415.672078446632
-58.5,128.5,415.6744887792965
-58.5,129.5,415.6813289522858
-58.5,130.5,415.68398032252543
-58.5,131.5,415.68710089381887
-58.5,132.5,415.69024177113295
-58.5,133.5,415.69126079817096
-58.5,134.5,415.6977236321314
-58.5,135.5,415.6993650512544
-58.5,136.5,415.7034911391374
-58.5,137.5,415.7102279293214
-58.5,138.5,415.7140166226193
-58.5,139.5,415.7174723275754
-58.5,140.5,415.719741692515
-58.5,141.5,415.7239028253383
-58.5,142.5,415.729152367882
-58.5,143.5,415.7279954886032
-58.5,144.5,415.7360734648558
-58.5,145.5,415.7429651550453
-58.5,146.5,415.74222314429454
-58.5,147.5,415.74886169573887
-58.5,148.5,415.75538194199146
-58.5,149.5,415.7604139517264
-58.5,150.5,415.76147110222126
-58.5,151.5,415.7712727437868
-58.5,152.5,415.77216459317503
-58.5,153.5,415.7826244414783
-58.5,154.5,415.78861786792334
-58.5,155.5,415.7892457267732
-58.5,156.5,415.7953186097914
-58.5,157.5,415.8053100423721
-58.5,158.5,415.81183314081375
-58.5,159.5,415.8108805838268
-58.5,160.5,415.8228296341484
-58.5,161.5,415.8228833492033
-58.5,162.5,415.8351774714018
-58.5,163.5,415.8348662862887
-58.5,164.5,415.84152371157336
-58.5,165.5,415.8521879111314
-58.5,166.5,415.8512270466912
-58.5,167.5,415.8637507287285
-58.5,168.5,415.8684349445496
-58.5,169.5,415.87385625072216
-58.5,170.5,415.8769404829892
-58.5,171.5,415.875092868434
-58.5,172.5,415.8788942203908
-58.5,173.5,415.891021017801
-58.5,174.5,415.8874049970921
-58.5,175.5,415.8974270614172
-58.5,176.5,415.9021168316437
-58.5,177.5,415.9054761987382
-58.5,178.5,415.9003455862494
-58.5,179.5,415.9047026794254
-57.5,-179.5,415.9434845362135
-57.5,-178.5,415.9454762929208
-57.5,-177.5,415.95717085514536
-57.5,-176.5,415.9515468507979
-57.5,-175.5,415.9608741223937
-57.5,-174.5,415.9556517447472
-57.5,-173.5,415.9654263548604
-57.5,-172.5,415.9667687510825
-57.5,-171.5,415.9618788439187
-57.5,-170.5,415.9713699488864
-57.5,-169.5,415.96401230812745
-57.5,-168.5,415.9730181868824
-57.5,-167.5,415.9741747421441
-57.5,-166.5,415.9769442192215
-57.5,-165.5,415.9693710579693
-57.5,-164.5,415.9780617207059
-57.5,-163.5,415.9781903003073
-57.5,-162.5,415.9783098193106
-57.5,-161.5,415.9701590103709
-57.5,-160.5,415.9802822999628
-57.5,-159.5,415.9802382859837
-57.5,-158.5,415.9803770395396
-57.5,-157.5,415.9716581168661
-57.5,-156.5,415.9713488652855
-57.5,-155.5,415.97126006309617
-57.5,-154.5,415.9796481720536
-57.5,-153.5,415.9790547729876
-57.5,-152.5,415.978275764244
-57.5,-151.5,415.9697362650034
-57.5,-150.5,415.96849380945656
-57.5,-149.5,415.9754613111791
-57.5,-148.5,415.965329118422
-57.5,-147.5,415.9715280141455
-57.5,-146.5,415.9691045533879
-57.5,-145.5,415.9596447218424
-57.5,-144.5,415.96422376859095
-57.5,-143.5,415.96095614026393
-57.5,-142.5,415.95795155173823
-57.5,-141.5,415.9544771528724
-57.5,-140.5,415.94727232178855
-57.5,-139.5,415.9445216932655
-57.5,-138.5,415.9438035347475
-57.5,-137.5,415.9381848993573
-57.5,-136.5,415.93588371845374
-57.5,-135.5,415.930502696914
-57.5,-134.5,415.9265038578658
-57.5,-133.5,415.9227155890227
-57.5,-132.5,415.91781394304974
-57.5,-131.5,415.91399139073263
-57.5,-130.5,415.91073106301246
-57.5,-129.5,415.90638986431793
-57.5,-128.5,415.90190162040017
-57.5,-127.5,415.8980512921219
-57.5,-126.5,415.8920906353832
-57.5,-125.5,415.888334140656
-57.5,-124.5,415.8839534274117
-57.5,-123.5,415.8796475256062
-57.5,-122.5,415.87571106565633
-57.5,-121.5,415.8716251125158
-57.5,-120.5,415.8661656289521
-57.5,-119.5,415.8623746581686
-57.5,-118.5,415.8590691878256
-57.5,-117.5,415.855388701294
-57.5,-116.5,415.852089964211
-57.5,-115.5,415.8468455897319
-57.5,-114.5,415.84286342369165
-57.5,-113.5,415.8393772729623
-57.5,-112.5,415.83433204667614
-57.5,-111.5,415.8317249186058
-57.5,-110.5,415.8288401016199
-57.5,-109.5,415.8243923271533
-57.5,-108.5,415.82214879448816
-57.5,-107.5,415.8193420875263
-57.5,-106.5,415.81526463352617
-57.5,-105.5,415.8130475841454
-57.5,-104.5,415.8103747230189
-57.5,-103.5,415.8066880017366
-57.5,-102.5,415.8047512090535
-57.5,-101.5,415.8023160134212
-57.5,-100.5,415.7988305462043
-57.5,-99.5,415.7968984222261
-57.5,-98.5,415.79456325673135
-57.5,-97.5,415.7914095865907
-57.5,-96.5,415.788207098603
-57.5,-95.5,415.7862929275135
-57.5,-94.5,415.7852440412432
-57.5,-93.5,415.7825310710953
-57.5,-92.5,415.7809755219978
-57.5,-91.5,415.7781848212296
-57.5,-90.5,415.77591886275184
-57.5,-89.5,415.7750465147306
-57.5,-88.5,415.7761479120582
-57.5,-87.5,415.7743537495877
-57.5,-86.5,415.774575216024
-57.5,-85.5,415.7737157202669
-57.5,-84.5,415.7716744673713
-57.5,-83.5,415.7716072765852
-57.5,-82.5,415.771404100015
-57.5,-81.5,415.77322926298336
-57.5,-80.5,415.7724810256068
-57.5,-79.5,415.77700912927776
-57.5,-78.5,415.77583619888935
-57.5,-77.5,415.7768890692745
-57.5,-76.5,415.778067842382
-57.5,-75.5,415.7792805211248
-57.5,-74.5,415.7835161455493
-57.5,-73.5,415.785335342284
-57.5,-72.5,415.7841161437257
-57.5,-71.5,415.78597522454095
-57.5,-70.5,415.7870999113886
-57.5,-69.5,415.79132822931416
-57.5,-68.5,415.7886810820698
-57.5,-67.5,415.7886364472222
-57.5,-66.5,415.7885299801301
-57.5,-65.5,415.78832508801503
-57.5,-64.5,415.7926357146376
-57.5,-63.5,415.7918466043353
-57.5,-62.5,415.7897004970423
-57.5,-61.5,415.7944567338352
-57.5,-60.5,415.79597943684166
-57.5,-59.5,415.7967196316068
-57.5,-58.5,415.79784334490967
-57.5,-57.5,415.7986860231365
-57.5,-56.5,415.7953054739579
-57.5,-55.5,415.7996503744589
-57.5,-54.5,415.7946793348928
-57.5,-53.5,415.7950174619349
-57.5,-52.5,415.7993818015567
-57.5,-51.5,415.8000106253042
-57.5,-50.5,415.8003447708553
-57.5,-49.5,415.8009573934877
-57.5,-48.5,415.796261723174
-57.5,-47.5,415.8012685414849
-57.5,-46.5,415.80258667086014
-57.5,-45.5,415.8038610808308
-57.5,-44.5,415.7990228593847
-57.5,-43.5,415.8030190784847
-57.5,-42.5,415.803473210184
-57.5,-41.5,415.8038899183538
-57.5,-40.5,415.80340613982673
-57.5,-39.5,415.7960687067415
-57.5,-38.5,415.8043020932691
-57.5,-37.5,415.80275520978194
-57.5,-36.5,415.80202736200033
-57.5,-35.5,415.8006596174122
-57.5,-34.5,415.7980169479197
-57.5,-33.5,415.7971418269515
-57.5,-32.5,415.7847316199153
-57.5,-31.5,415.7813229670025
-57.5,-30.5,415.79003105169886
-57.5,-29.5,415.7774667584264
-57.5,-28.5,415.785687731328
-57.5,-27.5,415.7826209201886
-57.5,-26.5,415.780148814244
-57.5,-25.5,415.7781330754997
-57.5,-24.5,415.77427540618186
-57.5,-23.5,415.7610851155633
-57.5,-22.5,415.76833999731633
-57.5,-21.5,415.764956634604
-57.5,-20.5,415.7525124022901
-57.5,-19.5,415.7494726731063
-57.5,-18.5,415.7550675453577
-57.5,-17.5,415.744019403544
-57.5,-16.5,415.7502516261002
-57.5,-15.5,415.740035259067
-57.5,-14.5,415.7381401353879
-57.5,-13.5,415.7417011826619
-57.5,-12.5,415.7334990363792
-57.5,-11.5,415.736880599666
-57.5,-10.5,415.7349965269354
-57.5,-9.5,415.7300829977178
-57.5,-8.5,415.7326970226958
-57.5,-7.5,415.7305334493897
-57.5,-6.5,415.7321827447117
-57.5,-5.5,415.7294077124926
-57.5,-4.5,415.73017218556174
-57.5,-3.5,415.7294983950083
-57.5,-2.5,415.72873892647726
-57.5,-1.5,415.7283489290427
-57.5,-0.5,415.7287082490301
-57.5,0.5,415.729119969631
-57.5,1.5,415.72879473843386
-57.5,2.5,415.7295852239204
-57.5,3.5,415.7311240488455
-57.5,4.5,415.7315636082293
-57.5,5.5,415.731017056092
-57.5,6.5,415.73106058706736
-57.5,7.5,415.7308750770246
-57.5,8.5,415.7290588326384
-57.5,9.5,415.7299648492083
-57.5,10.5,415.730159434314
-57.5,11.5,415.73019165964587
-57.5,12.5,415.7304814085711
-57.5,13.5,415.73202861191504
-57.5,14.5,415.73264236030326
-57.5,15.5,415.73271046775096
-57.5,16.5,415.7320725754111
-57.5,17.5,415.731449223244
-57.5,18.5,415.7315732672404
-57.5,19.5,415.73242737979945
-57.5,20.5,415.73226455913584
-57.5,21.5,415.7326083518291
-57.5,22.5,415.7331263160658
-57.5,23.5,415.7329824040335
-57.5,24.5,415.7313929921687
-57.5,25.5,415.7330389852254
-57.5,26.5,415.73309361570966
-57.5,27.5,415.7305089957877
-57.5,28.5,415.7298647269817
-57.5,29.5,415.72706707006455
-57.5,30.5,415.7284103020327
-57.5,31.5,415.7240318993935
-57.5,32.5,415.7242883938098
-57.5,33.5,415.72383964220273
-57.5,34.5,415.7221073546464
-57.5,35.5,415.72591694563886
-57.5,36.5,415.7258764507893
-57.5,37.5,415.7247998012919
-57.5,38.5,415.725903094409
-57.5,39.5,415.72202882229095
-57.5,40.5,415.7257896351283
-57.5,41.5,415.7274533671982
-57.5,42.5,415.7281962570172
-57.5,43.5,415.728185418252
-57.5,44.5,415.7247932242814
-57.5,45.5,415.7254750154154
-57.5,46.5,415.7254845176349
-57.5,47.5,415.730827069092
-57.5,48.5,415.7314248889374
-57.5,49.5,415.7333692496805
-57.5,50.5,415.7336562223819
-57.5,51.5,415.7343279602577
-57.5,52.5,415.734297361472
-57.5,53.5,415.7280526052928
-57.5,54.5,415.7283871908882
-57.5,55.5,415.73674616014097
-57.5,56.5,415.730377354919
-57.5,57.5,415.7370533209418
-57.5,58.5,415.7367981051891
-57.5,59.5,415.7365271196058
-57.5,60.5,415.7305301823304
-57.5,61.5,415.7368564040887
-57.5,62.5,415.7308100717704
-57.5,63.5,415.7309972635948
-57.5,64.5,415.7395652217921
-57.5,65.5,415.733409493407
-57.5,66.5,415.7398768070447
-57.5,67.5,415.7394840253076
-57.5,68.5,415.7396326368189
-57.5,69.5,415.7398823442352
-57.5,70.5,415.7401464517052
-57.5,71.5,415.7405552506294
-57.5,72.5,415.7343229214187
-57.5,73.5,415.7408565726825
-57.5,74.5,415.73446758687857
-57.5,75.5,415.7342514657325
-57.5,76.5,415.7340980567305
-57.5,77.5,415.73405222645306
-57.5,78.5,415.7398078021116
-57.5,79.5,415.7395830677076
-57.5,80.5,415.7371080048465
-57.5,81.5,415.7364858162278
-57.5,82.5,415.73562876368135
-57.5,83.5,415.7345051472478
-57.5,84.5,415.7280783982176
-57.5,85.5,415.7271742254551
-57.5,86.5,415.7310604642571
-57.5,87.5,415.7297339978829
-57.5,88.5,415.7281820051738
-57.5,89.5,415.71981599916336
-57.5,90.5,415.7229966030972
-57.5,91.5,415.7215291920403
-57.5,92.5,415.7198738928301
-57.5,93.5,415.7182616655885
-57.5,94.5,415.7123341322721
-57.5,95.5,415.71347340331226
-57.5,96.5,415.7079887566033
-57.5,97.5,415.71108966317695
-57.5,98.5,415.7067724677754
-57.5,99.5,415.709530632009
-57.5,100.5,415.7038253943276
-57.5,101.5,415.70680273935983
-57.5,102.5,415.7026924346717
-57.5,103.5,415.70367078734665
-57.5,104.5,415.7037789761696
-57.5,105.5,415.7032356537477
-57.5,106.5,415.6987767102028
-57.5,107.5,415.6994485518837
-57.5,108.5,415.6990350600575
-57.5,109.5,415.6971509130851
-57.5,110.5,415.7000779666644
-57.5,111.5,415.6998025492013
-57.5,112.5,415.69586556506783
-57.5,113.5,415.6990794357071
-57.5,114.5,415.69885984360576
-57.5,115.5,415.6976703523339
-57.5,116.5,415.6984939484568
-57.5,117.5,415.6988602361285
-57.5,118.5,415.6987682553154
-57.5,119.5,415.6967135678534
-57.5,120.5,415.69797524509823
-57.5,121.5,415.7031775753151
-57.5,122.5,415.7045463422052
-57.5,123.5,415.70637664315774
-57.5,124.5,415.7077623007624
-57.5,125.5,415.7065397906491
-57.5,126.5,415.7110718653199
-57.5,127.5,415.71274610530907
-57.5,128.5,415.7175143917575
-57.5,129.5,415.72027896429273
-57.5,130.5,415.72313679651234
-57.5,131.5,415.7238161716662
-57.5,132.5,415.729960157939
-57.5,133.5,415.7338967114693
-57.5,134.5,415.7356206841909
-57.5,135.5,415.7400694625605
-57.5,136.5,415.7484960574844
-57.5,137.5,415.7499408169052
-57.5,138.5,415.7561526934441
-57.5,139.5,415.7596756837157
-57.5,140.5,415.7628262212712
-57.5,141.5,415.7659383309989
-57.5,142.5,415.7664393925154
-57.5,143.5,415.7733910408039
-57.5,144.5,415.7782651144768
-57.5,145.5,415.7823187439631
-57.5,146.5,415.787083619756
-57.5,147.5,415.7915968464053
-57.5,148.5,415.7958779625051
-57.5,149.5,415.8011081616184
-57.5,150.5,415.8057875001556
-57.5,151.5,415.8080724760728
-57.5,152.5,415.8154083507896
-57.5,153.5,415.8212903046304
-57.5,154.5,415.82653755460353
-57.5,155.5,415.8323790568541
-57.5,156.5,415.8328704449532
-57.5,157.5,415.8388190750312
-57.5,158.5,415.8498308387406
-57.5,159.5,415.8552722224505
-57.5,160.5,415.8564392282936
-57.5,161.5,415.8663956675956
-57.5,162.5,415.8720338993796
-57.5,163.5,415.87308272968585
-57.5,164.5,415.8856545347381
-57.5,165.5,415.88526770824006
-57.5,166.5,415.8974372708044
-57.5,167.5,415.9011733969242
-57.5,168.5,415.899691506683
-57.5,169.5,415.9105906254204
-57.5,170.5,415.91532254702565
-57.5,171.5,415.918645715345
-57.5,172.5,415.9210766959961
-57.5,173.5,415.92587050661626
-57.5,174.5,415.92929614294513
-57.5,175.5,415.9255686038374
-57.5,176.5,415.9302530332871
-57.5,177.5,415.94064022729896
-57.5,178.5,415.9436000094583
-57.5,179.5,415.9406675873602
-56.5,-179.5,415.9845409511332
-56.5,-178.5,415.9823408012626
-56.5,-177.5,415.9839552476858
-56.5,-176.5,415.99267105050654
-56.5,-175.5,415.9883092346121
-56.5,-174.5,415.98862968390455
-56.5,-173.5,415.9968025870519
-56.5,-172.5,415.9981205194866
-56.5,-171.5,416.00061302455686
-56.5,-170.5,415.9949919438124
-56.5,-169.5,416.0029030560003
-56.5,-168.5,415.9979709026245
-56.5,-167.5,416.0005966894632
-56.5,-166.5,416.0078680145008
-56.5,-165.5,416.0019036962451
-56.5,-164.5,416.00859798353497
-56.5,-163.5,416.0089920511055
-56.5,-162.5,416.0039219297302
-56.5,-161.5,416.0105316087786
-56.5,-160.5,416.0106923861195
-56.5,-159.5,416.0035993954097
-56.5,-158.5,416.0108025990416
-56.5,-157.5,416.0033535389405
-56.5,-156.5,416.01058477142976
-56.5,-155.5,416.00394096191087
-56.5,-154.5,416.0108281746088
-56.5,-153.5,416.00205410408734
-56.5,-152.5,416.00876773525954
-56.5,-151.5,416.00757149043017
-56.5,-150.5,416.0063257804859
-56.5,-149.5,415.996778732364
-56.5,-148.5,415.9949798039564
-56.5,-147.5,416.0003335231754
-56.5,-146.5,415.99796047635846
-56.5,-145.5,415.99565336435353
-56.5,-144.5,415.9867590314121
-56.5,-143.5,415.9846279036438
-56.5,-142.5,415.98730674608674
-56.5,-141.5,415.9841107937256
-56.5,-140.5,415.9772654655589
-56.5,-139.5,415.9740480654111
-56.5,-138.5,415.97329349666535
-56.5,-137.5,415.96932248904426
-56.5,-136.5,415.9655249384427
-56.5,-135.5,415.9606180570693
-56.5,-134.5,415.958235097742
-56.5,-133.5,415.95413486805614
-56.5,-132.5,415.94960319137584
-56.5,-131.5,415.94530366856594
-56.5,-130.5,415.9413309795268
-56.5,-129.5,415.93688579092174
-56.5,-128.5,415.9335474652599
-56.5,-127.5,415.9292586877884
-56.5,-126.5,415.9252659604748
-56.5,-125.5,415.92187021705627
-56.5,-124.5,415.9168588472481
-56.5,-123.5,415.9127865307071
-56.5,-122.5,415.9093216171124
-56.5,-121.5,415.9059654120212
-56.5,-120.5,415.90252851371656
-56.5,-119.5,415.89775737493073
-56.5,-118.5,415.8947238981691
-56.5,-117.5,415.8914048845393
-56.5,-116.5,415.88830733945457
-56.5,-115.5,415.8833650077491
-56.5,-114.5,415.8798802005919
-56.5,-113.5,415.87663947532593
-56.5,-112.5,415.8737809949764
-56.5,-111.5,415.86931796253
-56.5,-110.5,415.86627432983846
-56.5,-109.5,415.8635920061555
-56.5,-108.5,415.85886994103777
-56.5,-107.5,415.855802813195
-56.5,-106.5,415.8532978632151
-56.5,-105.5,415.8488978189007
-56.5,-104.5,415.8459655819566
-56.5,-103.5,415.8437941502511
-56.5,-102.5,415.8400952757472
-56.5,-101.5,415.8374452751562
-56.5,-100.5,415.8339961442837
-56.5,-99.5,415.832323828495
-56.5,-98.5,415.8288840778984
-56.5,-97.5,415.8268145848412
-56.5,-96.5,415.82409586856335
-56.5,-95.5,415.82272051380494
-56.5,-94.5,415.82054711172174
-56.5,-93.5,415.8176334895889
-56.5,-92.5,415.8145618255094
-56.5,-91.5,415.8131078276911
-56.5,-90.5,415.8138009463042
-56.5,-89.5,415.8116552741897
-56.5,-88.5,415.81065599372073
-56.5,-87.5,415.810017370414
-56.5,-86.5,415.8079496361449
-56.5,-85.5,415.8073398143666
-56.5,-84.5,415.8073529453651
-56.5,-83.5,415.80905071146896
-56.5,-82.5,415.80933354564655
-56.5,-81.5,415.81018818181207
-56.5,-80.5,415.81112516332695
-56.5,-79.5,415.8102071192187
-56.5,-78.5,415.8134347492183
-56.5,-77.5,415.814732777983
-56.5,-76.5,415.8160879083943
-56.5,-75.5,415.8177474023603
-56.5,-74.5,415.81905689235487
-56.5,-73.5,415.8208633088192
-56.5,-72.5,415.82277020032194
-56.5,-71.5,415.824347731614
-56.5,-70.5,415.8260729342179
-56.5,-69.5,415.8248508221649
-56.5,-68.5,415.828265139868
-56.5,-67.5,415.8279129193264
-56.5,-66.5,415.8273908641508
-56.5,-65.5,415.8275673463066
-56.5,-64.5,415.8280703713535
-56.5,-63.5,415.8253574906798
-56.5,-62.5,416.10138866023954
-56.5,-61.5,415.82900148799257
-56.5,-60.5,415.8338020252208
-56.5,-59.5,415.8292874033948
-56.5,-58.5,415.8339511059466
-56.5,-57.5,415.8305903551868
-56.5,-56.5,415.83097169670407
-56.5,-55.5,415.83148850944815
-56.5,-54.5,415.8318858355445
-56.5,-53.5,415.83603052983096
-56.5,-52.5,415.8311732794082
-56.5,-51.5,415.8349215102874
-56.5,-50.5,415.8319516785314
-56.5,-49.5,415.8360229780377
-56.5,-48.5,415.83627524738125
-56.5,-47.5,415.8354685395808
-56.5,-46.5,415.8319963497579
-56.5,-45.5,415.836368935972
-56.5,-44.5,415.8314622628323
-56.5,-43.5,415.8350734197198
-56.5,-42.5,415.83547389789067
-56.5,-41.5,415.828711977541
-56.5,-40.5,415.8357415527617
-56.5,-39.5,415.8343113563138
-56.5,-38.5,415.83372924759055
-56.5,-37.5,415.8235943182999
-56.5,-36.5,415.8307001465445
-56.5,-35.5,415.8291630938225
-56.5,-34.5,415.8276309070589
-56.5,-33.5,415.8244419073493
-56.5,-32.5,415.8221595533044
-56.5,-31.5,415.8198898457244
-56.5,-30.5,415.806326187308
-56.5,-29.5,415.81461311220056
-56.5,-28.5,415.81203092598975
-56.5,-27.5,415.798931448082
-56.5,-26.5,415.79619439776735
-56.5,-25.5,415.8031700058694
-56.5,-24.5,415.78928559076473
-56.5,-23.5,415.7868143408011
-56.5,-22.5,415.79332471339336
-56.5,-21.5,415.780579323798
-56.5,-20.5,415.7859550845287
-56.5,-19.5,415.7747205617498
-56.5,-18.5,415.780793153196
-56.5,-17.5,415.7772502115183
-56.5,-16.5,415.7745316710065
-56.5,-15.5,415.7714031737743
-56.5,-14.5,415.768326077785
-56.5,-13.5,415.76616068742527
-56.5,-12.5,415.75941907653913
-56.5,-11.5,415.75973559829225
-56.5,-10.5,415.7593422512896
-56.5,-9.5,415.7625475627158
-56.5,-8.5,415.7622654874184
-56.5,-7.5,415.762052000392
-56.5,-6.5,415.7612310440369
-56.5,-5.5,415.75782276865226
-56.5,-4.5,415.7596464912121
-56.5,-3.5,415.75918330303824
-56.5,-2.5,415.7572852558935
-56.5,-1.5,415.75761434399794
-56.5,-0.5,415.7594241195087
-56.5,0.5,415.7588151284063
-56.5,1.5,415.7610333759611
-56.5,2.5,415.7607562306261
-56.5,3.5,415.761500616189
-56.5,4.5,415.7630899458014
-56.5,5.5,415.7624123375887
-56.5,6.5,415.7635656203182
-56.5,7.5,415.7636395266311
-56.5,8.5,415.7635908532974
-56.5,9.5,415.762730792108
-56.5,10.5,415.7636078806496
-56.5,11.5,415.7637239974659
-56.5,12.5,415.76167933421306
-56.5,13.5,415.7624148288361
-56.5,14.5,415.7625535757768
-56.5,15.5,415.7627637582317
-56.5,16.5,415.7628505984637
-56.5,17.5,415.7639541935208
-56.5,18.5,415.76488204593534
-56.5,19.5,415.76324339735737
-56.5,20.5,415.7648668534358
-56.5,21.5,415.765938330784
-56.5,22.5,415.7665764650641
-56.5,23.5,415.7652945473044
-56.5,24.5,415.76365365334135
-56.5,25.5,415.76395415671936
-56.5,26.5,415.7651473759683
-56.5,27.5,415.7648078768949
-56.5,28.5,415.7625705187687
-56.5,29.5,415.7600861170813
-56.5,30.5,415.76198706469984
-56.5,31.5,415.7625986472965
-56.5,32.5,415.76160518522215
-56.5,33.5,415.7616362779268
-56.5,34.5,415.7593699537373
-56.5,35.5,415.7613215052658
-56.5,36.5,415.76138097312673
-56.5,37.5,415.7623563375471
-56.5,38.5,415.75777728642777
-56.5,39.5,415.7618706522811
-56.5,40.5,415.7636085940218
-56.5,41.5,415.76364712795896
-56.5,42.5,415.7644856179341
-56.5,43.5,415.7646820780472
-56.5,44.5,415.7671862217889
-56.5,45.5,415.7675204982544
-56.5,46.5,415.763208517256
-56.5,47.5,415.7683144590545
-56.5,48.5,415.7704876589001
-56.5,49.5,415.7659204101016
-56.5,50.5,415.77158739183136
-56.5,51.5,415.7718332455737
-56.5,52.5,415.7726954207537
-56.5,53.5,415.7752981750892
-56.5,54.5,415.7757890486158
-56.5,55.5,415.7764448044345
-56.5,56.5,415.7763755019351
-56.5,57.5,415.7701499152694
-56.5,58.5,415.77666459675066
-56.5,59.5,415.7706399491744
-56.5,60.5,415.7790136884036
-56.5,61.5,415.7737410332397
-56.5,62.5,415.7801060346697
-56.5,63.5,415.7802828347208
-56.5,64.5,415.78078108941736
-56.5,65.5,415.7809738897767
-56.5,66.5,415.7749570095616
-56.5,67.5,415.7808057984711
-56.5,68.5,415.7806599033221
-56.5,69.5,415.7808504347479
-56.5,70.5,415.78108606278994
-56.5,71.5,415.7814244873622
-56.5,72.5,415.7817769705995
-56.5,73.5,415.7821752529735
-56.5,74.5,415.7761268509479
-56.5,75.5,415.7824448044467
-56.5,76.5,415.7821082816411
-56.5,77.5,415.7754521709906
-56.5,78.5,415.7747961498884
-56.5,79.5,415.7800451487517
-56.5,80.5,415.7792269516255
-56.5,81.5,415.7722464471824
-56.5,82.5,415.77754588097054
-56.5,83.5,415.7708489917526
-56.5,84.5,415.7681319373771
-56.5,85.5,415.7670524125072
-56.5,86.5,415.77128284394047
-56.5,87.5,415.7699023892277
-56.5,88.5,415.76831139430425
-56.5,89.5,415.7613848968367
-56.5,90.5,415.76522265854055
-56.5,91.5,415.7564245533016
-56.5,92.5,415.754803921344
-56.5,93.5,415.75367779698513
-56.5,94.5,415.7573881898886
-56.5,95.5,415.7559170527314
-56.5,96.5,415.7478583537748
-56.5,97.5,415.7514743798311
-56.5,98.5,415.7500908731851
-56.5,99.5,415.74961383654136
-56.5,100.5,415.7467410678613
-56.5,101.5,415.7460341767232
-56.5,102.5,415.7415838153698
-56.5,103.5,415.74138221303616
-56.5,104.5,415.7424603336426
-56.5,105.5,415.74185090889694
-56.5,106.5,415.7420540983184
-56.5,107.5,415.7404098912942
-56.5,108.5,415.7371148991161
-56.5,109.5,415.7403952346912
-56.5,110.5,415.7390439613461
-56.5,111.5,415.7388899750846
-56.5,112.5,415.737420947674
-56.5,113.5,415.7386194970616
-56.5,114.5,415.7360584777284
-56.5,115.5,415.734663512404
-56.5,116.5,415.73824049978526
-56.5,117.5,415.7377065072442
-56.5,118.5,415.7366083553495
-56.5,119.5,415.737013332141
-56.5,120.5,415.7405381742733
-56.5,121.5,415.74445396684655
-56.5,122.5,415.7435267328892
-56.5,123.5,415.7470815618142
-56.5,124.5,415.7490485287338
-56.5,125.5,415.75047120014887
-56.5,126.5,415.75205133661495
-56.5,127.5,415.75663087468666
-56.5,128.5,415.7588613289755
-56.5,129.5,415.7588899346059
-56.5,130.5,415.7642955199712
-56.5,131.5,415.7675890859174
-56.5,132.5,415.7713101218821
-56.5,133.5,415.77729924920055
-56.5,134.5,415.7793962771848
-56.5,135.5,415.7856201708112
-56.5,136.5,415.7871418493357
-56.5,137.5,415.7931809735109
-56.5,138.5,415.7943959705516
-56.5,139.5,415.8002185569233
-56.5,140.5,415.8034319092076
-56.5,141.5,415.8064739164077
-56.5,142.5,415.8103489552392
-56.5,143.5,415.8145003788071
-56.5,144.5,415.8183295545017
-56.5,145.5,415.8224841786785
-56.5,146.5,415.8265336893688
-56.5,147.5,415.82730085391626
-56.5,148.5,415.8321596307274
-56.5,149.5,415.8365652689835
-56.5,150.5,415.8422463484375
-56.5,151.5,415.8516268422071
-56.5,152.5,415.85655066785097
-56.5,153.5,415.8621897764339
-56.5,154.5,415.8679581881949
-56.5,155.5,415.8726377005232
-56.5,156.5,415.8715740913958
-56.5,157.5,415.8817699160476
-56.5,158.5,415.8819704100082
-56.5,159.5,415.8880584906868
-56.5,160.5,415.8995049550967
-56.5,161.5,415.9051307030793
-56.5,162.5,415.9120300952528
-56.5,163.5,415.9166088232453
-56.5,164.5,415.92212593037885
-56.5,165.5,415.92321964262817
-56.5,166.5,415.9342038498859
-56.5,167.5,415.9380803343928
-56.5,168.5,415.9408675134094
-56.5,169.5,415.9397134567249
-56.5,170.5,415.94788409006446
-56.5,171.5,415.9467239348886
-56.5,172.5,415.9488837887536
-56.5,173.5,415.9533295187695
-56.5,174.5,415.9623149693881
-56.5,175.5,415.9675636708204
-56.5,176.5,415.96454973885886
-56.5,177.5,415.9741812319552
-56.5,178.5,415.978926593371
-56.5,179.5,415.97499556398594
-55.5,-179.5,416.01041558643465
-55.5,-178.5,416.0139794671742
-55.5,-177.5,416.0151595520298
-55.5,-176.5,416.0170058769899
-55.5,-175.5,416.0179298227323
-55.5,-174.5,416.0238555870301
-55.5,-173.5,416.0206399719741
-55.5,-172.5,416.0273335601464
-55.5,-171.5,416.0231190848432
-55.5,-170.5,416.0299055987535
-55.5,-169.5,416.0263889222928
-55.5,-168.5,416.0294250150336
-55.5,-167.5,416.03015952560446
-55.5,-166.5,416.0360673366426
-55.5,-165.5,416.0364073492129
-55.5,-164.5,416.0328547728649
-55.5,-163.5,416.03314662195385
-55.5,-162.5,416.038951676711
-55.5,-161.5,416.0393521754184
-55.5,-160.5,416.03437768588753
-55.5,-159.5,416.0402462826229
-55.5,-158.5,416.0421177082828
-55.5,-157.5,416.0357488821881
-55.5,-156.5,416.0351634013342
-55.5,-155.5,416.04052799789775
-55.5,-154.5,416.0328528723716
-55.5,-153.5,416.0379689876962
-55.5,-152.5,416.0298292580865
-55.5,-151.5,416.0282193166343
-55.5,-150.5,416.0264823803791
-55.5,-149.5,416.0241829682264
-55.5,-148.5,416.0296215887766
-55.5,-147.5,416.0262134506642
-55.5,-146.5,416.024200405327
-55.5,-145.5,416.0231526588502
-55.5,-144.5,416.0196590274384
-55.5,-143.5,416.0124267465048
-55.5,-142.5,416.0111039912253
-55.5,-141.5,416.0110262368016
-55.5,-140.5,416.00368891099055
-55.5,-139.5,416.00126464506417
-55.5,-138.5,415.9994385763392
-55.5,-137.5,415.99583734561935
-55.5,-136.5,415.99260105103446
-55.5,-135.5,415.98758338747245
-55.5,-134.5,415.98409702294094
-55.5,-133.5,415.9822379318495
-55.5,-132.5,415.9775341704208
-55.5,-131.5,415.9753855500166
-55.5,-130.5,415.9722636016184
-55.5,-129.5,415.96825889782417
-55.5,-128.5,415.9641585989032
-55.5,-127.5,415.96037753695
-55.5,-126.5,415.95761538369214
-55.5,-125.5,415.95462703202895
-55.5,-124.5,415.9518810484638
-55.5,-123.5,415.9490096290482
-55.5,-122.5,415.9444441205685
-55.5,-121.5,415.9415579779973
-55.5,-120.5,415.93862569461726
-55.5,-119.5,415.93559088603786
-55.5,-118.5,415.9310265525233
-55.5,-117.5,415.9280650769738
-55.5,-116.5,415.92522945400793
-55.5,-115.5,415.9222349296946
-55.5,-114.5,415.9193240123784
-55.5,-113.5,415.914659695072
-55.5,-112.5,415.9118010862554
-55.5,-111.5,415.9085751882568
-55.5,-110.5,415.9041653857973
-55.5,-109.5,415.9010488318538
-55.5,-108.5,415.89618554893593
-55.5,-107.5,415.8928012844056
-55.5,-106.5,415.88980102156506
-55.5,-105.5,415.8853498023767
-55.5,-104.5,415.8826012518597
-55.5,-103.5,415.8797596828881
-55.5,-102.5,415.8761116073923
-55.5,-101.5,415.8742637822816
-55.5,-100.5,415.87165678313255
-55.5,-99.5,415.8685101343756
-55.5,-98.5,415.8651676483888
-55.5,-97.5,415.86295873582543
-55.5,-96.5,415.86177842817386
-55.5,-95.5,415.8585267251331
-55.5,-94.5,415.85596271718686
-55.5,-93.5,415.8537121845233
-55.5,-92.5,415.8527514686792
-55.5,-91.5,415.8507870777453
-55.5,-90.5,415.8496037664223
-55.5,-89.5,415.8479410862972
-55.5,-88.5,415.8470910533218
-55.5,-87.5,415.846250349406
-55.5,-86.5,415.8458111877062
-55.5,-85.5,415.8462599760196
-55.5,-84.5,415.84583697405367
-55.5,-83.5,415.8462682810342
-55.5,-82.5,415.8448874771577
-55.5,-81.5,415.84536810360936
-55.5,-80.5,415.84802704902006
-55.5,-79.5,415.8487675196912
-55.5,-78.5,415.8498619853772
-55.5,-77.5,415.8514825219282
-55.5,-76.5,415.8521288416048
-55.5,-75.5,415.851726906525
-55.5,-74.5,415.8560310346
-55.5,-73.5,415.8588806785304
-55.5,-72.5,415.85962389642987
-55.5,-71.5,415.8631098111563
-55.5,-70.5,415.8413901230716
-55.5,-69.5,415.86358196554136
-55.5,-68.5,415.8600194284719
-55.5,-67.5,415.8426922678473
-55.5,-66.5,415.8614014923016
-55.5,-65.5,415.8616709723713
-55.5,-64.5,415.86171401229535
-55.5,-63.5,415.86276512083407
-55.5,-62.5,415.86432991051726
-55.5,-61.5,415.86927039825457
-55.5,-60.5,415.8668153446594
-55.5,-59.5,415.867505621146
-55.5,-58.5,415.87171968598216
-55.5,-57.5,415.8720535794847
-55.5,-56.5,415.87085007495534
-55.5,-55.5,415.8711495762572
-55.5,-54.5,415.8686801610111
-55.5,-53.5,415.8726886803505
-55.5,-52.5,415.8729371396735
-55.5,-51.5,415.87021047565526
-55.5,-50.5,415.8717809670809
-55.5,-49.5,415.86857767310846
-55.5,-48.5,415.8684260475844
-55.5,-47.5,415.8720999325509
-55.5,-46.5,415.870306315669
-55.5,-45.5,415.8700251639288
-55.5,-44.5,415.869746190123
-55.5,-43.5,415.86944634531824
-55.5,-42.5,415.868635431734
-55.5,-41.5,415.8603390610441
-55.5,-40.5,415.866025934646
-55.5,-39.5,415.8651245038328
-55.5,-38.5,415.8631078185476
-55.5,-37.5,415.86294571109295
-55.5,-36.5,415.860102752956
-55.5,-35.5,415.85814420425584
-55.5,-34.5,415.85497974563583
-55.5,-33.5,415.85158262477256
-55.5,-32.5,415.84946568643807
-55.5,-31.5,415.837222136738
-55.5,-30.5,415.84381055929776
-55.5,-29.5,415.8318504528398
-55.5,-28.5,415.8294413303857
-55.5,-27.5,415.8262940856984
-55.5,-26.5,415.82299529946255
-55.5,-25.5,415.82928679332144
-55.5,-24.5,415.81796989818463
-55.5,-23.5,415.8227999236931
-55.5,-22.5,415.8195051905232
-55.5,-21.5,415.8075120335613
-55.5,-20.5,415.8132291902277
-55.5,-19.5,415.8022760074588
-55.5,-18.5,415.7998273606306
-55.5,-17.5,415.7968968353943
-55.5,-16.5,415.80023820784
-55.5,-15.5,415.7925068647788
-55.5,-14.5,415.7970070321445
-55.5,-13.5,415.79501420896577
-55.5,-12.5,415.793348636824
-55.5,-11.5,415.7929043539035
-55.5,-10.5,415.7924581152784
-55.5,-9.5,415.7889300527617
-55.5,-8.5,415.792082698314
-55.5,-7.5,415.79188892800806
-55.5,-6.5,415.7916409508101
-55.5,-5.5,415.7911566058265
-55.5,-4.5,415.7923843895203
-55.5,-3.5,415.7906489840213
-55.5,-2.5,415.7907843562616
-55.5,-1.5,415.7927484070567
-55.5,-0.5,415.7900248915704
-55.5,0.5,415.79261267766026
-55.5,1.5,415.7935331236183
-55.5,2.5,415.7930568554624
-55.5,3.5,415.79517415314825
-55.5,4.5,415.7972966077196
-55.5,5.5,415.7961455589915
-55.5,6.5,415.79556065709227
-55.5,7.5,415.7969834136696
-55.5,8.5,415.79749656230285
-55.5,9.5,415.7978420956681
-55.5,10.5,415.7979149901442
-55.5,11.5,415.79811661517306
-55.5,12.5,415.7980516880632
-55.5,13.5,415.79729491565286
-55.5,14.5,415.79735625474376
-55.5,15.5,415.79574037786847
-55.5,16.5,415.7956597491146
-55.5,17.5,415.7971596287159
-55.5,18.5,415.79801217938495
-55.5,19.5,415.7986428724079
-55.5,20.5,415.7986358408956
-55.5,21.5,415.79778680633297
-55.5,22.5,415.7985647164724
-55.5,23.5,415.80015058272215
-55.5,24.5,415.79911396353936
-55.5,25.5,415.7991285591835
-55.5,26.5,415.79862768414745
-55.5,27.5,415.7984267476207
-55.5,28.5,415.79624088249824
-55.5,29.5,415.79815014012513
-55.5,30.5,415.79448602118686
-55.5,31.5,415.7974949802093
-55.5,32.5,415.7975785119141
-55.5,33.5,415.7941345377361
-55.5,34.5,415.7980571924972
-55.5,35.5,415.7944642517468
-55.5,36.5,415.79464650358034
-55.5,37.5,415.79958229275513
-55.5,38.5,415.7991244326183
-55.5,39.5,415.79728637899984
-55.5,40.5,415.8022299135659
-55.5,41.5,415.8023416571063
-55.5,42.5,415.8048380730169
-55.5,43.5,415.80601307440605
-55.5,44.5,415.8065201121001
-55.5,45.5,415.8066569539032
-55.5,46.5,415.8075718928816
-55.5,47.5,415.8098014201015
-55.5,48.5,415.81005331187214
-55.5,49.5,415.80567910915664
-55.5,50.5,415.8115201736857
-55.5,51.5,415.8144794879627
-55.5,52.5,415.81510333531656
-55.5,53.5,415.816191094578
-55.5,54.5,415.8165782578429
-55.5,55.5,415.8108447546805
-55.5,56.5,415.81725228450256
-55.5,57.5,415.8136592103274
-55.5,58.5,415.8139223547983
-55.5,59.5,415.81980313906286
-55.5,60.5,415.820522486089
-55.5,61.5,415.8153499777524
-55.5,62.5,415.8214449637674
-55.5,63.5,415.816305659088
-55.5,64.5,415.81658475839146
-55.5,65.5,415.82242518480064
-55.5,66.5,415.8170386096902
-55.5,67.5,415.8187996958527
-55.5,68.5,415.81665592520005
-55.5,69.5,415.8221871956388
-55.5,70.5,415.8242455013576
-55.5,71.5,415.8163089740904
-55.5,72.5,415.82277659000033
-55.5,73.5,415.818780318024
-55.5,74.5,415.8236011731251
-55.5,75.5,415.81767281510713
-55.5,76.5,415.8256556712734
-55.5,77.5,415.82331876063967
-55.5,78.5,415.8224482377599
-55.5,79.5,415.8153978631214
-55.5,80.5,415.8208192467389
-55.5,81.5,415.8199836147076
-55.5,82.5,415.8191685186493
-55.5,83.5,415.818383949603
-55.5,84.5,415.8174033395253
-55.5,85.5,415.81072961220246
-55.5,86.5,415.8156645137095
-55.5,87.5,415.812471727093
-55.5,88.5,415.81093820686334
-55.5,89.5,415.80948375962913
-55.5,90.5,415.8079784148732
-55.5,91.5,415.8008162417493
-55.5,92.5,415.804936599788
-55.5,93.5,415.7961497271231
-55.5,94.5,415.8003789175545
-55.5,95.5,415.7938240119448
-55.5,96.5,415.7974456256027
-55.5,97.5,415.7936292252784
-55.5,98.5,415.7920482790222
-55.5,99.5,415.7870258650803
-55.5,100.5,415.7901396441404
-55.5,101.5,415.78855921338953
-55.5,102.5,415.7822082787221
-55.5,103.5,415.7820134017028
-55.5,104.5,415.78446963941497
-55.5,105.5,415.7825438747975
-55.5,106.5,415.7828881688371
-55.5,107.5,415.7807905091145
-55.5,108.5,415.7773331445718
-55.5,109.5,415.78148475724487
-55.5,110.5,415.7801582023821
-55.5,111.5,415.7813265670429
-55.5,112.5,415.78146823896014
-55.5,113.5,415.7802468315464
-55.5,114.5,415.78129247306487
-55.5,115.5,415.78155858717776
-55.5,116.5,415.780886390774
-55.5,117.5,415.7806337417609
-55.5,118.5,415.78173477156514
-55.5,119.5,415.7828532890126
-55.5,120.5,415.7857141673102
-55.5,121.5,415.7852356126671
-55.5,122.5,415.7884622424984
-55.5,123.5,415.7919368471256
-55.5,124.5,415.7910577144286
-55.5,125.5,415.7951417693282
-55.5,126.5,415.7971778911145
-55.5,127.5,415.7991903791513
-55.5,128.5,415.7997366271806
-55.5,129.5,415.806568760533
-55.5,130.5,415.8074372915221
-55.5,131.5,415.8126899809222
-55.5,132.5,415.816336385114
-55.5,133.5,415.8180854135229
-55.5,134.5,415.8218142360142
-55.5,135.5,415.82770583203177
-55.5,136.5,415.8313302427936
-55.5,137.5,415.83273591795256
-55.5,138.5,415.8360166888127
-55.5,139.5,415.8411853757219
-55.5,140.5,415.8420769222696
-55.5,141.5,415.8453790231116
-55.5,142.5,415.8537598327693
-55.5,143.5,415.8553546671761
-55.5,144.5,415.85927121642686
-55.5,145.5,415.8651278223898
-55.5,146.5,415.86348336775023
-55.5,147.5,415.8709632329197
-55.5,148.5,415.87449327708936
-55.5,149.5,415.8805415519655
-55.5,150.5,415.88256126075606
-55.5,151.5,415.8872395506974
-55.5,152.5,415.8962560121123
-55.5,153.5,415.8974808915699
-55.5,154.5,415.9061885869082
-55.5,155.5,415.9067954473213
-55.5,156.5,415.9156835788347
-55.5,157.5,415.9211591854182
-55.5,158.5,415.9261675080109
-55.5,159.5,415.9308053764115
-55.5,160.5,415.9362031093925
-55.5,161.5,415.94279183052345
-55.5,162.5,415.9496203121598
-55.5,163.5,415.9503739810695
-55.5,164.5,415.96127112495145
-55.5,165.5,415.96031263333145
-55.5,166.5,415.9697334904228
-55.5,167.5,415.97272525196695
-55.5,168.5,415.97194667291575
-55.5,169.5,415.97739419034673
-55.5,170.5,415.98021462174944
-55.5,171.5,415.9839969670298
-55.5,172.5,415.9879243105288
-55.5,173.5,415.9912474961735
-55.5,174.5,415.994284143959
-55.5,175.5,415.9946781298463
-55.5,176.5,416.0031617054573
-55.5,177.5,416.0060216974156
-55.5,178.5,416.0048789400052
-55.5,179.5,416.0075159565061
-54.5,-179.5,416.04671932585455
-54.5,-178.5,416.0429588313283
-54.5,-177.5,416.04899261540135
-54.5,-176.5,416.0444349319972
-54.5,-175.5,416.0494342105845
-54.5,-174.5,416.0498666939642
-54.5,-173.5,416.0517776006487
-54.5,-172.5,416.0488275820992
-54.5,-171.5,416.05031306494186
-54.5,-170.5,416.0535823970247
-54.5,-169.5,416.0596381673105
-54.5,-168.5,416.0566266917738
-54.5,-167.5,416.0614687738611
-54.5,-166.5,416.06337618042494
-54.5,-165.5,416.0601956350663
-54.5,-164.5,416.0613920265733
-54.5,-163.5,416.0621943745273
-54.5,-162.5,416.06729659530527
-54.5,-161.5,416.0635232666731
-54.5,-160.5,416.0704353662224
-54.5,-159.5,416.0658974517782
-54.5,-158.5,416.0704264997988
-54.5,-157.5,416.06515315342574
-54.5,-156.5,416.0692922466679
-54.5,-155.5,416.06317252719447
-54.5,-154.5,416.06115419765047
-54.5,-153.5,416.0591269529706
-54.5,-152.5,416.0634548445156
-54.5,-151.5,416.0547685551391
-54.5,-150.5,416.0528514931996
-54.5,-149.5,416.0549362274064
-54.5,-148.5,416.0525583847794
-54.5,-147.5,416.0508642603851
-54.5,-146.5,416.048997734873
-54.5,-145.5,416.04715575684287
-54.5,-144.5,416.0410109309804
-54.5,-143.5,416.0421327724725
-54.5,-142.5,416.03928173723057
-54.5,-141.5,416.0322433903649
-54.5,-140.5,416.0286695097385
-54.5,-139.5,416.0283199580098
-54.5,-138.5,416.02494938609686
-54.5,-137.5,416.02179355354735
-54.5,-136.5,416.0179749990942
-54.5,-135.5,416.01449429365454
-54.5,-134.5,416.0119669031882
-54.5,-133.5,416.0077968954816
-54.5,-132.5,416.0061335442348
-54.5,-131.5,416.00279387281887
-54.5,-130.5,416.0002326124102
-54.5,-129.5,415.99793474460176
-54.5,-128.5,415.9956797255797
-54.5,-127.5,415.9932410532939
-54.5,-126.5,415.9893951101328
-54.5,-125.5,415.9871857743041
-54.5,-124.5,415.9850789599092
-54.5,-123.5,415.98332795700793
-54.5,-122.5,415.9810295673055
-54.5,-121.5,415.9788033433352
-54.5,-120.5,415.9745627894076
-54.5,-119.5,415.9721283158265
-54.5,-118.5,415.9694937935637
-54.5,-117.5,415.9671625975965
-54.5,-116.5,415.9625976471931
-54.5,-115.5,415.9598586573399
-54.5,-114.5,415.9569096280278
-54.5,-113.5,415.9524620203026
-54.5,-112.5,415.9497600859998
-54.5,-111.5,415.9464823354972
-54.5,-110.5,415.9436269501224
-54.5,-109.5,415.938721090377
-54.5,-108.5,415.93560344618703
-54.5,-107.5,415.932167276564
-54.5,-106.5,415.9272569034443
-54.5,-105.5,415.9244925016016
-54.5,-104.5,415.919872991876
-54.5,-103.5,415.9168854681471
-54.5,-102.5,415.9130341437371
-54.5,-101.5,415.91136501313497
-54.5,-100.5,415.90855806774056
-54.5,-99.5,415.9048841397437
-54.5,-98.5,415.9029148356156
-54.5,-97.5,415.8997906493332
-54.5,-96.5,415.89781681095246
-54.5,-95.5,415.8943586503881
-54.5,-94.5,415.8934940141552
-54.5,-93.5,415.89069594626505
-54.5,-92.5,415.8891690845258
-54.5,-91.5,415.8873341210795
-54.5,-90.5,415.8854979405409
-54.5,-89.5,415.8836444124919
-54.5,-88.5,415.8850362721756
-54.5,-87.5,415.8828215843072
-54.5,-86.5,415.8819380528597
-54.5,-85.5,415.8819493287152
-54.5,-84.5,415.8835228131611
-54.5,-83.5,415.8838803711259
-54.5,-82.5,415.8843580590472
-54.5,-81.5,415.8828799693749
-54.5,-80.5,415.8853340637092
-54.5,-79.5,415.88414303800766
-54.5,-78.5,415.889751059333
-54.5,-77.5,415.888421902255
-54.5,-76.5,415.8923986324702
-54.5,-75.5,415.8936833822763
-54.5,-74.5,415.8953499586682
-54.5,-73.5,415.8849649478492
-54.5,-72.5,415.8920979161242
-54.5,-71.5,415.8575909548107
-54.5,-70.5,415.857725874985
-54.5,-69.5,415.8483599257503
-54.5,-68.5,415.8729338445325
-54.5,-67.5,415.8741346428672
-54.5,-66.5,415.8908133149872
-54.5,-65.5,415.90435001903
-54.5,-64.5,415.8989534788006
-54.5,-63.5,415.90299430460135
-54.5,-62.5,415.9021401682309
-54.5,-61.5,415.906884019968
-54.5,-60.5,415.90421374970873
-54.5,-59.5,415.9081768301984
-54.5,-58.5,415.90532650530383
-54.5,-57.5,415.9055696331927
-54.5,-56.5,415.9094603591186
-54.5,-55.5,415.910481678972
-54.5,-54.5,415.9094024689409
-54.5,-53.5,415.9095976310824
-54.5,-52.5,415.9099446162009
-54.5,-51.5,415.9098423847772
-54.5,-50.5,415.9060487168512
-54.5,-49.5,415.90504460962353
-54.5,-48.5,415.90292242914416
-54.5,-47.5,415.905701806105
-54.5,-46.5,415.90506505645305
-54.5,-45.5,415.90062001744224
-54.5,-44.5,415.902265849908
-54.5,-43.5,415.90115703849
-54.5,-42.5,415.89990395950673
-54.5,-41.5,415.8918535344092
-54.5,-40.5,415.8961740737689
-54.5,-39.5,415.8948778618077
-54.5,-38.5,415.8927422340245
-54.5,-37.5,415.87359717434725
-54.5,-36.5,415.8626492075216
-54.5,-35.5,415.867774084238
-54.5,-34.5,415.8822049884419
-54.5,-33.5,415.8709955744101
-54.5,-32.5,415.8767968659477
-54.5,-31.5,415.8652569593868
-54.5,-30.5,415.8707117836727
-54.5,-29.5,415.85951395024375
-54.5,-28.5,415.8569838169872
-54.5,-27.5,415.8625810348267
-54.5,-26.5,415.8603678731977
-54.5,-25.5,415.8483790150277
-54.5,-24.5,415.8535714279767
-54.5,-23.5,415.84955688499485
-54.5,-22.5,415.84703393460586
-54.5,-21.5,415.8430257803477
-54.5,-20.5,415.8336951236568
-54.5,-19.5,415.836863260265
-54.5,-18.5,415.8336456848196
-54.5,-17.5,415.8312425350187
-54.5,-16.5,415.8305726860473
-54.5,-15.5,415.8288476002156
-54.5,-14.5,415.82720335742647
-54.5,-13.5,415.8264526642969
-54.5,-12.5,415.8214734700763
-54.5,-11.5,415.8210909970288
-54.5,-10.5,415.8244422594347
-54.5,-9.5,415.8236720575797
-54.5,-8.5,415.824827896529
-54.5,-7.5,415.8231263546713
-54.5,-6.5,415.82444652382895
-54.5,-5.5,415.8242919924257
-54.5,-4.5,415.8242461195396
-54.5,-3.5,415.82186657587135
-54.5,-2.5,415.8223564798309
-54.5,-1.5,415.82309975819527
-54.5,-0.5,415.8263436443962
-54.5,0.5,415.82722410783447
-54.5,1.5,415.8280969868999
-54.5,2.5,415.8273450493992
-54.5,3.5,415.82727092653033
-54.5,4.5,415.8280227763474
-54.5,5.5,415.8313312595532
-54.5,6.5,415.83087047380826
-54.5,7.5,415.8314683540922
-54.5,8.5,415.8326100398794
-54.5,9.5,415.8363959744735
-54.5,10.5,415.83211699743566
-54.5,11.5,415.83245897035056
-54.5,12.5,415.83368696594073
-54.5,13.5,415.8327360374942
-54.5,14.5,415.8325095366793
-54.5,15.5,415.83376470274993
-54.5,16.5,415.8329927770036
-54.5,17.5,415.8327363445274
-54.5,18.5,415.83310943846845
-54.5,19.5,415.8330541073607
-54.5,20.5,415.8339929421073
-54.5,21.5,415.835642073872
-54.5,22.5,415.83639063139566
-54.5,23.5,415.83500876144393
-54.5,24.5,415.83533045481215
-54.5,25.5,415.8333599823541
-54.5,26.5,415.8350697777531
-54.5,27.5,415.8317420173025
-54.5,28.5,415.8342451058804
-54.5,29.5,415.8325758809268
-54.5,30.5,415.831257319133
-54.5,31.5,415.8343437064895
-54.5,32.5,415.8344352957956
-54.5,33.5,415.8354694038644
-54.5,34.5,415.8326089175165
-54.5,35.5,415.834348088773
-54.5,36.5,415.838588103529
-54.5,37.5,415.8388234249157
-54.5,38.5,415.8378511027547
-54.5,39.5,415.8416331426516
-54.5,40.5,415.83932085826353
-54.5,41.5,415.843449202416
-54.5,42.5,415.84199683412055
-54.5,43.5,415.8472702640957
-54.5,44.5,415.8475169227192
-54.5,45.5,415.8498817966994
-54.5,46.5,415.8498277249112
-54.5,47.5,415.8507212386896
-54.5,48.5,415.8511077342116
-54.5,49.5,415.84902911056383
-54.5,50.5,415.8500182350945
-54.5,51.5,415.8566367256195
-54.5,52.5,415.85748350414553
-54.5,53.5,415.85276578760687
-54.5,54.5,415.8536251565274
-54.5,55.5,415.8561133019866
-54.5,56.5,415.8615710517181
-54.5,57.5,415.8563146574515
-54.5,58.5,415.8569674196115
-54.5,59.5,415.85712991275136
-54.5,60.5,415.8576627102236
-54.5,61.5,415.86329206646326
-54.5,62.5,415.8635433069534
-54.5,63.5,415.8604748143826
-54.5,64.5,415.85883765212986
-54.5,65.5,415.8666732541039
-54.5,66.5,415.8615383242649
-54.5,67.5,415.8671147227808
-54.5,68.5,415.8616124927324
-54.5,69.5,415.8669547924407
-54.5,70.5,415.8666296201828
-54.5,71.5,415.86674551255
-54.5,72.5,415.8666807206923
-54.5,73.5,415.8666879133702
-54.5,74.5,415.867108655442
-54.5,75.5,415.8674525519304
-54.5,76.5,415.8616950298165
-54.5,77.5,415.867686054669
-54.5,78.5,415.861288310503
-54.5,79.5,415.86451304998576
-54.5,80.5,415.8599879522458
-54.5,81.5,415.86297268563055
-54.5,82.5,415.8623623127994
-54.5,83.5,415.855877327086
-54.5,84.5,415.861194449341
-54.5,85.5,415.85500342498494
-54.5,86.5,415.8542739100658
-54.5,87.5,415.8592190464296
-54.5,88.5,415.85806161429207
-54.5,89.5,415.8490220002374
-54.5,90.5,415.8530191156324
-54.5,91.5,415.851599909946
-54.5,92.5,415.84449876067305
-54.5,93.5,415.8478363099867
-54.5,94.5,415.846197846476
-54.5,95.5,415.8373785529219
-54.5,96.5,415.8410890254712
-54.5,97.5,415.8343948501429
-54.5,98.5,415.8378041013565
-54.5,99.5,415.8340538563801
-54.5,100.5,415.8326430622468
-54.5,101.5,415.8307767071629
-54.5,102.5,415.8275530272548
-54.5,103.5,415.8233546563348
-54.5,104.5,415.8259767509471
-54.5,105.5,415.8262638172146
-54.5,106.5,415.8213626010578
-54.5,107.5,415.8253097814214
-54.5,108.5,415.8219258122896
-54.5,109.5,415.8207144755948
-54.5,110.5,415.8248861256906
-54.5,111.5,415.8239255592179
-54.5,112.5,415.824167048946
-54.5,113.5,415.82086505828113
-54.5,114.5,415.8245475249328
-54.5,115.5,415.8227807567194
-54.5,116.5,415.8227338401629
-54.5,117.5,415.82744086253285
-54.5,118.5,415.8257944940329
-54.5,119.5,415.8271159954544
-54.5,120.5,415.8297339730477
-54.5,121.5,415.8307323856346
-54.5,122.5,415.8311488457271
-54.5,123.5,415.83459250128993
-54.5,124.5,415.83567282607777
-54.5,125.5,415.8373289909371
-54.5,126.5,415.8398954563141
-54.5,127.5,415.8445269570005
-54.5,128.5,415.845429099232
-54.5,129.5,415.8499889733108
-54.5,130.5,415.8531997170792
-54.5,131.5,415.8543571903351
-54.5,132.5,415.859509008274
-54.5,133.5,415.86136711471687
-54.5,134.5,415.86694807019154
-54.5,135.5,415.8727950692031
-54.5,136.5,415.8742790015688
-54.5,137.5,415.87755002403225
-54.5,138.5,415.8828091640317
-54.5,139.5,415.8833136900229
-54.5,140.5,415.8884884254177
-54.5,141.5,415.891820317084
-54.5,142.5,415.8955045043898
-54.5,143.5,415.89881489945526
-54.5,144.5,415.90260413280254
-54.5,145.5,415.902630775175
-54.5,146.5,415.90962712976767
-54.5,147.5,415.91397716581474
-54.5,148.5,415.91437147345033
-54.5,149.5,415.9228809565108
-54.5,150.5,415.9278957627865
-54.5,151.5,415.9306181829835
-54.5,152.5,415.93678379025096
-54.5,153.5,415.9396196509505
-54.5,154.5,415.9444329884399
-54.5,155.5,415.9440945884109
-54.5,156.5,415.9532193434427
-54.5,157.5,415.9583569206819
-54.5,158.5,415.96303910876543
-54.5,159.5,415.9640582511327
-54.5,160.5,415.975836421058
-54.5,161.5,415.9756878099333
-54.5,162.5,415.9855731518598
-54.5,163.5,415.98745527081104
-54.5,164.5,415.9974471593227
-54.5,165.5,416.0011403746155
-54.5,166.5,416.00474784299456
-54.5,167.5,416.0020483939946
-54.5,168.5,416.00814934384647
-54.5,169.5,416.00630180064616
-54.5,170.5,416.0090111976693
-54.5,171.5,416.0107002414595
-54.5,172.5,416.0181782829405
-54.5,173.5,416.0219687513826
-54.5,174.5,416.02163951555946
-54.5,175.5,416.03033730445645
-54.5,176.5,416.0336419508018
-54.5,177.5,416.0336638906826
-54.5,178.5,416.0361702738928
-54.5,179.5,416.0404312692005
-53.5,-179.5,416.0749399718846
-53.5,-178.5,416.07448583598256
-53.5,-177.5,416.074894125509
-53.5,-176.5,416.0708327733234
-53.5,-175.5,416.0748310556967
-53.5,-174.5,416.07705144358346
-53.5,-173.5,416.0781297935773
-53.5,-172.5,416.0796863855834
-53.5,-171.5,416.0777038533578
-53.5,-170.5,416.0811114952613
-53.5,-169.5,416.08545042619886
-53.5,-168.5,416.0830196225653
-53.5,-167.5,416.0836854830517
-53.5,-166.5,416.0904335635638
-53.5,-165.5,416.09221875748966
-53.5,-164.5,416.0900743914362
-53.5,-163.5,416.0949065591224
-53.5,-162.5,416.0973978277122
-53.5,-161.5,416.0936588064704
-53.5,-160.5,416.0938918755447
-53.5,-159.5,416.0936259683522
-53.5,-158.5,416.09325279852334
-53.5,-157.5,416.0926252077952
-53.5,-156.5,416.09542575051233
-53.5,-155.5,416.0946545180111
-53.5,-154.5,416.0879573409485
-53.5,-153.5,416.08915002339927
-53.5,-152.5,416.0863479592051
-53.5,-151.5,416.0789173856701
-53.5,-150.5,416.0754976223939
-53.5,-149.5,416.07315502338
-53.5,-148.5,416.0715437080346
-53.5,-147.5,416.0704221359707
-53.5,-146.5,416.07253229690537
-53.5,-145.5,416.0674563365088
-53.5,-144.5,416.0681479191052
-53.5,-143.5,416.0655811805297
-53.5,-142.5,416.06227256679233
-53.5,-141.5,416.0589092191188
-53.5,-140.5,416.05327849665497
-53.5,-139.5,416.0500929277199
-53.5,-138.5,416.0474265831091
-53.5,-137.5,416.0452673848416
-53.5,-136.5,416.04315278245554
-53.5,-135.5,416.04064272700055
-53.5,-134.5,416.0397657187975
-53.5,-133.5,416.0361323267085
-53.5,-132.5,416.0339247087678
-53.5,-131.5,416.0315433672719
-53.5,-130.5,416.0295461824383
-53.5,-129.5,416.0278019129103
-53.5,-128.5,416.0262407231773
-53.5,-127.5,416.0245391842575
-53.5,-126.5,416.0226974914586
-53.5,-125.5,416.0211181745129
-53.5,-124.5,416.0182365857086
-53.5,-123.5,416.0168208566628
-53.5,-122.5,416.0150211280685
-53.5,-121.5,416.0130852866297
-53.5,-120.5,416.0097903263987
-53.5,-119.5,416.0074384916973
-53.5,-118.5,416.0051569109983
-53.5,-117.5,416.0030861664691
-53.5,-116.5,415.9991642056429
-53.5,-115.5,415.9962750102296
-53.5,-114.5,415.9934328571212
-53.5,-113.5,415.99077567181
-53.5,-112.5,415.98627744645466
-53.5,-111.5,415.9829976846929
-53.5,-110.5,415.9798256961803
-53.5,-109.5,415.97491314414015
-53.5,-108.5,415.9719029200975
-53.5,-107.5,415.968627982812
-53.5,-106.5,415.964110391294
-53.5,-105.5,415.9616774675864
-53.5,-104.5,415.9571144457208
-53.5,-103.5,415.953952514703
-53.5,-102.5,415.9515478870462
-53.5,-101.5,415.9477155685191
-53.5,-100.5,415.9446654631175
-53.5,-99.5,415.94079086913774
-53.5,-98.5,415.9390728777808
-53.5,-97.5,415.9358542447968
-53.5,-96.5,415.9335027534246
-53.5,-95.5,415.9300032728616
-53.5,-94.5,415.9292583235895
-53.5,-93.5,415.9261550853231
-53.5,-92.5,415.92502839971087
-53.5,-91.5,415.92241074259647
-53.5,-90.5,415.9224100728569
-53.5,-89.5,415.9218548541922
-53.5,-88.5,415.9200708782759
-53.5,-87.5,415.9207037979579
-53.5,-86.5,415.9188759794766
-53.5,-85.5,415.9188239906803
-53.5,-84.5,415.92100375300026
-53.5,-83.5,415.9215037526393
-53.5,-82.5,415.924284940125
-53.5,-81.5,415.9249312904189
-53.5,-80.5,415.9257657910675
-53.5,-79.5,415.9238652471876
-53.5,-78.5,415.9276021524199
-53.5,-77.5,415.925923307847
-53.5,-76.5,415.9271527292834
-53.5,-75.5,415.9286117872944
-53.5,-74.5,415.9333017434753
-53.5,-73.5,415.9267137502817
-53.5,-72.5,415.93116254093394
-53.5,-71.5,415.9350992980939
-53.5,-70.5,415.92673092649454
-53.5,-69.5,415.9329798692661
-53.5,-68.5,415.9323272591195
-53.5,-67.5,415.940835799869
-53.5,-66.5,415.9411167857101
-53.5,-65.5,415.9411699526132
-53.5,-64.5,415.9450309241879
-53.5,-63.5,415.9460767505342
-53.5,-62.5,415.9434569990047
-53.5,-61.5,415.94428365649065
-53.5,-60.5,415.94502801440944
-53.5,-59.5,415.9467695215583
-53.5,-58.5,415.9469688466808
-53.5,-57.5,415.9440046052654
-53.5,-56.5,415.9448606278086
-53.5,-55.5,415.9487011784341
-53.5,-54.5,415.9485485746184
-53.5,-53.5,415.948491808581
-53.5,-52.5,415.9434630294052
-53.5,-51.5,415.9451844661229
-53.5,-50.5,415.9437324610496
-53.5,-49.5,415.9388706740838
-53.5,-48.5,415.93907139334834
-53.5,-47.5,415.9347237552007
-53.5,-46.5,415.93371178527946
-53.5,-45.5,415.9362149088304
-53.5,-44.5,415.9336536059063
-53.5,-43.5,415.9320140507256
-53.5,-42.5,415.93039838278594
-53.5,-41.5,415.9243275233865
-53.5,-40.5,415.9255031847621
-53.5,-39.5,415.91781388687207
-53.5,-38.5,415.9148664848345
-53.5,-37.5,415.9028324297715
-53.5,-36.5,415.9158733843176
-53.5,-35.5,415.9057323076577
-53.5,-34.5,415.9094111100336
-53.5,-33.5,415.90752951626376
-53.5,-32.5,415.8964069830087
-53.5,-31.5,415.9022978512567
-53.5,-30.5,415.8916156044818
-53.5,-29.5,415.8881571778156
-53.5,-28.5,415.8855006867721
-53.5,-27.5,415.8900760429806
-53.5,-26.5,415.88804844231584
-53.5,-25.5,415.8843822966409
-53.5,-24.5,415.87426321076185
-53.5,-23.5,415.8774909137095
-53.5,-22.5,415.86863606680384
-53.5,-21.5,415.8717199778313
-53.5,-20.5,415.8691923534328
-53.5,-19.5,415.86634044880833
-53.5,-18.5,415.8652097405781
-53.5,-17.5,415.8630756638343
-53.5,-16.5,415.8619733273851
-53.5,-15.5,415.86096486652906
-53.5,-14.5,415.8601086889927
-53.5,-13.5,415.8551980032093
-53.5,-12.5,415.85852492175735
-53.5,-11.5,415.8594770092347
-53.5,-10.5,415.85858176812354
-53.5,-9.5,415.8577304374379
-53.5,-8.5,415.8574253591156
-53.5,-7.5,415.8572372843692
-53.5,-6.5,415.8536058597439
-53.5,-5.5,415.853850483878
-53.5,-4.5,415.8571277755504
-53.5,-3.5,415.854185007603
-53.5,-2.5,415.857701286378
-53.5,-1.5,415.8585239065563
-53.5,-0.5,415.8570217245817
-53.5,0.5,415.8606454963248
-53.5,1.5,415.8619139626305
-53.5,2.5,415.8629131222115
-53.5,3.5,415.863770350806
-53.5,4.5,415.8646350842651
-53.5,5.5,415.86384885718365
-53.5,6.5,415.864853563366
-53.5,7.5,415.8676728578885
-53.5,8.5,415.8686165204842
-53.5,9.5,415.8679982083801
-53.5,10.5,415.8690418904897
-53.5,11.5,415.8711876305585
-53.5,12.5,415.8700639227144
-53.5,13.5,415.8689509246155
-53.5,14.5,415.8701985133984
-53.5,15.5,415.8704707921127
-53.5,16.5,415.8712399865635
-53.5,17.5,415.8706437713151
-53.5,18.5,415.8731104199053
-53.5,19.5,415.87230245339146
-53.5,20.5,415.871832736492
-53.5,21.5,415.8734947000109
-53.5,22.5,415.87226569666905
-53.5,23.5,415.87193856508617
-53.5,24.5,415.8720671000305
-53.5,25.5,415.8702575253555
-53.5,26.5,415.8706687048245
-53.5,27.5,415.8693886539614
-53.5,28.5,415.8725308855306
-53.5,29.5,415.8732216142472
-53.5,30.5,415.8744749909981
-53.5,31.5,415.8715069074339
-53.5,32.5,415.87387530201454
-53.5,33.5,415.8753821103018
-53.5,34.5,415.8753504095354
-53.5,35.5,415.878204483377
-53.5,36.5,415.87989907911503
-53.5,37.5,415.8804092873948
-53.5,38.5,415.88327287129937
-53.5,39.5,415.88057380570655
-53.5,40.5,415.88505872196464
-53.5,41.5,415.8843065739216
-53.5,42.5,415.8883217769891
-53.5,43.5,415.8895597313714
-53.5,44.5,415.889953117505
-53.5,45.5,415.8924179002896
-53.5,46.5,415.8925370558411
-53.5,47.5,415.8893076746408
-53.5,48.5,415.88969870810575
-53.5,49.5,415.8975389874291
-53.5,50.5,415.89404329744224
-53.5,51.5,415.90027416785136
-53.5,52.5,415.896447103
-53.5,53.5,415.9041243725343
-53.5,54.5,415.9046807726177
-53.5,55.5,415.905537390802
-53.5,56.5,415.905787279882
-53.5,57.5,415.9061563761365
-53.5,58.5,415.9018031086738
-53.5,59.5,415.9070839866208
-53.5,60.5,415.9046490962172
-53.5,61.5,415.9099926904527
-53.5,62.5,415.9051109233724
-53.5,63.5,415.910771080705
-53.5,64.5,415.9111819003371
-53.5,65.5,415.906023174522
-53.5,66.5,415.9114706721469
-53.5,67.5,415.9062063640248
-53.5,68.5,415.9059781825056
-53.5,69.5,415.9058282723394
-53.5,70.5,415.9052650755749
-53.5,71.5,415.9048121148781
-53.5,72.5,415.9047012428232
-53.5,73.5,415.9048375822968
-53.5,74.5,415.910546253902
-53.5,75.5,415.9108854480455
-53.5,76.5,415.9114553586636
-53.5,77.5,415.9061773730155
-53.5,78.5,415.9057426514945
-53.5,79.5,415.9105383617133
-53.5,80.5,415.909751580137
-53.5,81.5,415.9036213327966
-53.5,82.5,415.9086785888584
-53.5,83.5,415.9081840021996
-53.5,84.5,415.90601967962783
-53.5,85.5,415.9002599613651
-53.5,86.5,415.9052406755982
-53.5,87.5,415.8992219730398
-53.5,88.5,415.9039714155546
-53.5,89.5,415.9026029115914
-53.5,90.5,415.8960382722026
-53.5,91.5,415.8973570729557
-53.5,92.5,415.8900706434487
-53.5,93.5,415.8929906656679
-53.5,94.5,415.89089120664926
-53.5,95.5,415.88150747793736
-53.5,96.5,415.8849304692855
-53.5,97.5,415.882967028142
-53.5,98.5,415.8816156097218
-53.5,99.5,415.8778850817293
-53.5,100.5,415.871964708138
-53.5,101.5,415.8699636432948
-53.5,102.5,415.8723857175325
-53.5,103.5,415.8656662366981
-53.5,104.5,415.864746568747
-53.5,105.5,415.8687984912466
-53.5,106.5,415.8636732341528
-53.5,107.5,415.8680458660321
-53.5,108.5,415.867940500288
-53.5,109.5,415.8635922006521
-53.5,110.5,415.86782235754447
-53.5,111.5,415.8641414791498
-53.5,112.5,415.8646057051797
-53.5,113.5,415.8663823522649
-53.5,114.5,415.86825954684207
-53.5,115.5,415.86646606240447
-53.5,116.5,415.86672566294817
-53.5,117.5,415.8694261449248
-53.5,118.5,415.87171248177486
-53.5,119.5,415.87277326744186
-53.5,120.5,415.8732750224004
-53.5,121.5,415.8758495934314
-53.5,122.5,415.8762495659236
-53.5,123.5,415.8758350622689
-53.5,124.5,415.87887481570544
-53.5,125.5,415.8814033592536
-53.5,126.5,415.8839367171015
-53.5,127.5,415.88858414999
-53.5,128.5,415.8897756791652
-53.5,129.5,415.8927038704126
-53.5,130.5,415.8957779152158
-53.5,131.5,415.8988570137839
-53.5,132.5,415.9060439131201
-53.5,133.5,415.90779452910215
-53.5,134.5,415.91299107999134
-53.5,135.5,415.91637903903904
-53.5,136.5,415.9197237870961
-53.5,137.5,415.9228719965194
-53.5,138.5,415.9233518483953
-53.5,139.5,415.9258388339744
-53.5,140.5,415.92833950711
-53.5,141.5,415.93367151344734
-53.5,142.5,415.93423078631895
-53.5,143.5,415.9373191706055
-53.5,144.5,415.9430703232449
-53.5,145.5,415.94621029130366
-53.5,146.5,415.9465346185422
-53.5,147.5,415.9533705820248
-53.5,148.5,415.9543395015016
-53.5,149.5,415.9624126530124
-53.5,150.5,415.966239126708
-53.5,151.5,415.96655435351545
-53.5,152.5,415.975064132822
-53.5,153.5,415.9786318220292
-53.5,154.5,415.9779500552779
-53.5,155.5,415.9867730536332
-53.5,156.5,415.9896299812487
-53.5,157.5,415.9901157971014
-53.5,158.5,415.9999264949678
-53.5,159.5,416.00626258074897
-53.5,160.5,416.0128098806544
-53.5,161.5,416.017960869482
-53.5,162.5,416.0239272975133
-53.5,163.5,416.0270064705608
-53.5,164.5,416.0273824601296
-53.5,165.5,416.03401626359823
-53.5,166.5,416.0364843156825
-53.5,167.5,416.0369462258454
-53.5,168.5,416.03543252805866
-53.5,169.5,416.0404463477959
-53.5,170.5,416.0425396822864
-53.5,171.5,416.04475248210696
-53.5,172.5,416.0458798913221
-53.5,173.5,416.0527882540388
-53.5,174.5,416.0585024379095
-53.5,175.5,416.06110651283393
-53.5,176.5,416.06070653818927
-53.5,177.5,416.0682685602473
-53.5,178.5,416.0704719716944
-53.5,179.5,416.0739806004692
-52.5,-179.5,416.1023101635957
-52.5,-178.5,416.0995506825351
-52.5,-177.5,416.1012148177259
-52.5,-176.5,416.09793173844696
-52.5,-175.5,416.0999208617404
-52.5,-174.5,416.10405628172055
-52.5,-173.5,416.102602592771
-52.5,-172.5,416.1059362168653
-52.5,-171.5,416.1099199564585
-52.5,-170.5,416.11082454592827
-52.5,-169.5,416.1080308248303
-52.5,-168.5,416.1103195396738
-52.5,-167.5,416.111624673843
-52.5,-166.5,416.1134374022884
-52.5,-165.5,416.1183218217483
-52.5,-164.5,416.12114261020577
-52.5,-163.5,416.1219011363563
-52.5,-162.5,416.1191243265638
-52.5,-161.5,416.1230225710672
-52.5,-160.5,416.1192141711829
-52.5,-159.5,416.1190539215326
-52.5,-158.5,416.1222500481399
-52.5,-157.5,416.1182012359444
-52.5,-156.5,416.1196231894178
-52.5,-155.5,416.1133615109629
-52.5,-154.5,416.114360221748
-52.5,-153.5,416.1110217545035
-52.5,-152.5,416.1040548022687
-52.5,-151.5,416.1049602226473
-52.5,-150.5,416.101793289201
-52.5,-149.5,416.09950315313097
-52.5,-148.5,416.0943889777585
-52.5,-147.5,416.096670102552
-52.5,-146.5,416.09226902048056
-52.5,-145.5,416.09155572660615
-52.5,-144.5,416.088422509408
-52.5,-143.5,416.0856871417752
-52.5,-142.5,416.0864455248982
-52.5,-141.5,416.080356536427
-52.5,-140.5,416.0799221231869
-52.5,-139.5,416.0750740100712
-52.5,-138.5,416.07496319141495
-52.5,-137.5,416.0715171368304
-52.5,-136.5,416.069632336613
-52.5,-135.5,416.0690718570808
-52.5,-134.5,416.0668428048666
-52.5,-133.5,416.0636073509179
-52.5,-132.5,416.0628565629121
-52.5,-131.5,416.060380274228
-52.5,-130.5,416.0592361226619
-52.5,-129.5,416.0573024499621
-52.5,-128.5,416.0557833477959
-52.5,-127.5,416.054886109454
-52.5,-126.5,416.0533540106542
-52.5,-125.5,416.0519637158416
-52.5,-124.5,416.05060319945954
-52.5,-123.5,416.0493356449944
-52.5,-122.5,416.0468416535146
-52.5,-121.5,416.0448058847475
-52.5,-120.5,416.0428005017589
-52.5,-119.5,416.04117555766726
-52.5,-118.5,416.0381226974718
-52.5,-117.5,416.0363707650123
-52.5,-116.5,416.0341706624571
-52.5,-115.5,416.0320304065351
-52.5,-114.5,416.02807789836544
-52.5,-113.5,416.0252035044463
-52.5,-112.5,416.0219179786269
-52.5,-111.5,416.01776892196665
-52.5,-110.5,416.0147014294499
-52.5,-109.5,416.0123908808224
-52.5,-108.5,416.0080291868972
-52.5,-107.5,416.0048361184297
-52.5,-106.5,416.00221386068574
-52.5,-105.5,415.99806312508974
-52.5,-104.5,415.9939859670469
-52.5,-103.5,415.99127556354114
-52.5,-102.5,415.9883123101902
-52.5,-101.5,415.9843141973639
-52.5,-100.5,415.9821826751464
-52.5,-99.5,415.9784195167223
-52.5,-98.5,415.9758775410841
-52.5,-97.5,415.97241490086975
-52.5,-96.5,415.97084404160006
-52.5,-95.5,415.9675157817288
-52.5,-94.5,415.96579953498
-52.5,-93.5,415.96335707625616
-52.5,-92.5,415.9623704050971
-52.5,-91.5,415.9608801491956
-52.5,-90.5,415.9590202499699
-52.5,-89.5,415.9586946657853
-52.5,-88.5,415.9566536298886
-52.5,-87.5,415.9563006332304
-52.5,-86.5,415.9560478481535
-52.5,-85.5,415.9594228076311
-52.5,-84.5,415.9597342615142
-52.5,-83.5,415.9603731696703
-52.5,-82.5,415.9612613860211
-52.5,-81.5,415.95963294398086
-52.5,-80.5,415.9600648348483
-52.5,-79.5,415.96344749068254
-52.5,-78.5,415.9619704030547
-52.5,-77.5,415.9632960576988
-52.5,-76.5,415.9672269083063
-52.5,-75.5,415.9651274438308
-52.5,-74.5,415.96753186712095
-52.5,-73.5,415.9578550967653
-52.5,-72.5,415.9710646906598
-52.5,-71.5,415.9660956747368
-52.5,-70.5,415.9567524737294
-52.5,-69.5,415.9720072166848
-52.5,-68.5,415.979371446772
-52.5,-67.5,415.9831165802953
-52.5,-66.5,415.9805159334833
-52.5,-65.5,415.9848959143927
-52.5,-64.5,415.9858318134569
-52.5,-63.5,415.9864071620237
-52.5,-62.5,415.98384734645646
-52.5,-61.5,415.9837970447044
-52.5,-60.5,415.9843940003132
-52.5,-59.5,415.98375746978047
-52.5,-58.5,415.9867752141544
-52.5,-57.5,415.9863097857272
-52.5,-56.5,415.98624795730416
-52.5,-55.5,415.98316086930566
-52.5,-54.5,415.9824841308257
-52.5,-53.5,415.98418375295546
-52.5,-52.5,415.9826591839159
-52.5,-51.5,415.9780110332137
-52.5,-50.5,415.9771531558432
-52.5,-49.5,415.9749217722695
-52.5,-48.5,415.97300687507806
-52.5,-47.5,415.9712788175336
-52.5,-46.5,415.96596627813176
-52.5,-45.5,415.9646384755716
-52.5,-44.5,415.96629928303776
-52.5,-43.5,415.9604183942366
-52.5,-42.5,415.95656706073055
-52.5,-41.5,415.9535302273426
-52.5,-40.5,415.9545927254512
-52.5,-39.5,415.9460988494748
-52.5,-38.5,415.9478448492016
-52.5,-37.5,415.9453737985869
-52.5,-36.5,415.94250749423526
-52.5,-35.5,415.9343029006191
-52.5,-34.5,415.9391139935864
-52.5,-33.5,415.9293653922954
-52.5,-32.5,415.9265465537701
-52.5,-31.5,415.9323757973677
-52.5,-30.5,415.92252964391935
-52.5,-29.5,415.91878997384896
-52.5,-28.5,415.9168573224125
-52.5,-27.5,415.9201414485255
-52.5,-26.5,415.9106777583983
-52.5,-25.5,415.91396019134703
-52.5,-24.5,415.91184154783326
-52.5,-23.5,415.9021129608215
-52.5,-22.5,415.9055293320392
-52.5,-21.5,415.90233455927057
-52.5,-20.5,415.9012252681754
-52.5,-19.5,415.8988198638391
-52.5,-18.5,415.89262542016536
-52.5,-17.5,415.8953884695596
-52.5,-16.5,415.8900972745587
-52.5,-15.5,415.8938305794179
-52.5,-14.5,415.89337333967313
-52.5,-13.5,415.894309288169
-52.5,-12.5,415.8936504895328
-52.5,-11.5,415.8928089250306
-52.5,-10.5,415.8886396522532
-52.5,-9.5,415.8878370122433
-52.5,-8.5,415.89079400957655
-52.5,-7.5,415.8907321115061
-52.5,-6.5,415.89072068696805
-52.5,-5.5,415.89089953187073
-52.5,-4.5,415.88778096962
-52.5,-3.5,415.89140379631255
-52.5,-2.5,415.8921197842527
-52.5,-1.5,415.8949377014324
-52.5,-0.5,415.891500905519
-52.5,0.5,415.89303455401057
-52.5,1.5,415.8961489220143
-52.5,2.5,415.897828979133
-52.5,3.5,415.89648604464
-52.5,4.5,415.8975164271484
-52.5,5.5,415.90048792178254
-52.5,6.5,415.8994420135446
-52.5,7.5,415.9004867598879
-52.5,8.5,415.903349933023
-52.5,9.5,415.9047809512412
-52.5,10.5,415.9060534204066
-52.5,11.5,415.9054325356483
-52.5,12.5,415.9079311901539
-52.5,13.5,415.9087224923791
-52.5,14.5,415.9079560097977
-52.5,15.5,415.9071880258207
-52.5,16.5,415.9093036110884
-52.5,17.5,415.9106316382864
-52.5,18.5,415.9103325254315
-52.5,19.5,415.9124891062614
-52.5,20.5,415.911525392076
-52.5,21.5,415.91194969256287
-52.5,22.5,415.910675405052
-52.5,23.5,415.91073916382425
-52.5,24.5,415.9130773590953
-52.5,25.5,415.912018529773
-52.5,26.5,415.91358704358976
-52.5,27.5,415.9142444644847
-52.5,28.5,415.9158708450324
-52.5,29.5,415.9151449972271
-52.5,30.5,415.9146543243368
-52.5,31.5,415.9170043564981
-52.5,32.5,415.91397131996166
-52.5,33.5,415.9163884847852
-52.5,34.5,415.9212017574881
-52.5,35.5,415.9198594939688
-52.5,36.5,415.9237154997733
-52.5,37.5,415.9263274889896
-52.5,38.5,415.9242113780941
-52.5,39.5,415.9242131912543
-52.5,40.5,415.9294802874134
-52.5,41.5,415.93101937276793
-52.5,42.5,415.93168535108566
-52.5,43.5,415.9345663977177
-52.5,44.5,415.93527177893225
-52.5,45.5,415.93346865911855
-52.5,46.5,415.9372345310288
-52.5,47.5,415.940217444629
-52.5,48.5,415.9408273828031
-52.5,49.5,415.9423615059529
-52.5,50.5,415.9391915735141
-52.5,51.5,415.9469480418939
-52.5,52.5,415.94804167750567
-52.5,53.5,415.94946906051416
-52.5,54.5,415.9502674892671
-52.5,55.5,415.9508118644938
-52.5,56.5,415.94697346253366
-52.5,57.5,415.9474848241893
-52.5,58.5,415.9551472051022
-52.5,59.5,415.9508695419457
-52.5,60.5,415.9563170001886
-52.5,61.5,415.9569546414372
-52.5,62.5,415.95714746868606
-52.5,63.5,415.9570795250545
-52.5,64.5,415.957161965652
-52.5,65.5,415.9567851782182
-52.5,66.5,415.95642563752114
-52.5,67.5,415.9563313540852
-52.5,68.5,415.9562658028431
-52.5,69.5,415.95628276546006
-52.5,70.5,415.95843592808745
-52.5,71.5,415.95092208282017
-52.5,72.5,415.95538436408
-52.5,73.5,416.2042280071983
-52.5,74.5,415.9557562951021
-52.5,75.5,415.9563514324523
-52.5,76.5,415.9519809485333
-52.5,77.5,415.9518869335303
-52.5,78.5,415.956383066176
-52.5,79.5,415.95573607002666
-52.5,80.5,415.9550952162386
-52.5,81.5,415.9547950163128
-52.5,82.5,415.9495834444472
-52.5,83.5,415.95414774141136
-52.5,84.5,415.9541890152162
-52.5,85.5,415.954304521397
-52.5,86.5,415.9514939707116
-52.5,87.5,415.9509606488479
-52.5,88.5,415.9445883320005
-52.5,89.5,415.9485145735192
-52.5,90.5,415.94684149930913
-52.5,91.5,415.9446045764777
-52.5,92.5,415.9424541363888
-52.5,93.5,415.9331080165444
-52.5,94.5,415.9356609988413
-52.5,95.5,415.93313893998135
-52.5,96.5,415.9267725522234
-52.5,97.5,415.9272378969116
-52.5,98.5,415.9256334709308
-52.5,99.5,415.92331390454734
-52.5,100.5,415.91771185250974
-52.5,101.5,415.9176544341165
-52.5,102.5,415.9123694608196
-52.5,103.5,415.91412887313993
-52.5,104.5,415.9118030336798
-52.5,105.5,415.9085844802511
-52.5,106.5,415.9126538413872
-52.5,107.5,415.9112874165736
-52.5,108.5,415.9112152986796
-52.5,109.5,415.9093967803187
-52.5,110.5,415.911440624733
-52.5,111.5,415.9079002563362
-52.5,112.5,415.9124518581384
-52.5,113.5,415.9102656018759
-52.5,114.5,415.90977742453646
-52.5,115.5,415.9143366622817
-52.5,116.5,415.9117447095492
-52.5,117.5,415.9128484527841
-52.5,118.5,415.9132727349992
-52.5,119.5,415.9178653988423
-52.5,120.5,415.9164140680602
-52.5,121.5,415.9176471583615
-52.5,122.5,415.91816053513776
-52.5,123.5,415.92308856055337
-52.5,124.5,415.9230393882276
-52.5,125.5,415.9274078193008
-52.5,126.5,415.9301709623586
-52.5,127.5,415.9313868520258
-52.5,128.5,415.9361713329725
-52.5,129.5,415.93922847694375
-52.5,130.5,415.9428537063537
-52.5,131.5,415.9474554537024
-52.5,132.5,415.95059963273553
-52.5,133.5,415.9521448795377
-52.5,134.5,415.95702641954045
-52.5,135.5,415.960209456331
-52.5,136.5,415.96307785490046
-52.5,137.5,415.9634284390023
-52.5,138.5,415.9654969201439
-52.5,139.5,415.9701697677222
-52.5,140.5,415.9726725222171
-52.5,141.5,415.97538590803447
-52.5,142.5,415.9798424066135
-52.5,143.5,415.9806163226121
-52.5,144.5,415.9834677268423
-52.5,145.5,415.98812317930526
-52.5,146.5,415.986095468752
-52.5,147.5,415.993283220963
-52.5,148.5,415.9973613844104
-52.5,149.5,415.99748235294567
-52.5,150.5,416.00532824728776
-52.5,151.5,416.0089108096129
-52.5,152.5,416.00784438376417
-52.5,153.5,416.01586350884094
-52.5,154.5,416.0191129792153
-52.5,155.5,416.0179484515512
-52.5,156.5,416.02686926938446
-52.5,157.5,416.0322095015463
-52.5,158.5,416.032312987824
-52.5,159.5,416.042915655437
-52.5,160.5,416.0482066248815
-52.5,161.5,416.0539609595394
-52.5,162.5,416.0586567480463
-52.5,163.5,416.0575546514847
-52.5,164.5,416.0643946886607
-52.5,165.5,416.0618580721151
-52.5,166.5,416.06395569247536
-52.5,167.5,416.0689191190552
-52.5,168.5,416.0681077081581
-52.5,169.5,416.0697837703871
-52.5,170.5,416.0724788689197
-52.5,171.5,416.0786750379751
-52.5,172.5,416.0844433027586
-52.5,173.5,416.0806577196246
-52.5,174.5,416.087319944097
-52.5,175.5,416.0896557843899
-52.5,176.5,416.0919033015544
-52.5,177.5,416.0955342702547
-52.5,178.5,416.1015049308486
-52.5,179.5,416.1019106050236
-51.5,-179.5,416.1269226576232
-51.5,-178.5,416.1278708269601
-51.5,-177.5,416.1270579370391
-51.5,-176.5,416.1287741076369
-51.5,-175.5,416.1308857566241
-51.5,-174.5,416.1295936500183
-51.5,-173.5,416.1314896734997
-51.5,-172.5,416.13226461126266
-51.5,-171.5,416.13266607441255
-51.5,-170.5,416.1334532402631
-51.5,-169.5,416.1367592131004
-51.5,-168.5,416.1349280651475
-51.5,-167.5,416.13569975610056
-51.5,-166.5,416.1392646827156
-51.5,-165.5,416.1384154557139
-51.5,-164.5,416.1398596465272
-51.5,-163.5,416.14346028439286
-51.5,-162.5,416.1411098356528
-51.5,-161.5,416.14473914012495
-51.5,-160.5,416.1450126199277
-51.5,-159.5,416.1421437787229
-51.5,-158.5,416.1443312906725
-51.5,-157.5,416.13933708748175
-51.5,-156.5,416.1367317259758
-51.5,-155.5,416.1376695408339
-51.5,-154.5,416.1345657247397
-51.5,-153.5,416.1316664788127
-51.5,-152.5,416.1249052397824
-51.5,-151.5,416.1267703955554
-51.5,-150.5,416.1235886658606
-51.5,-149.5,416.1179583603901
-51.5,-148.5,416.1195995624606
-51.5,-147.5,416.1155670634476
-51.5,-146.5,416.1143435926363
-51.5,-145.5,416.1151600439443
-51.5,-144.5,416.1128914202452
-51.5,-143.5,416.1085912578234
-51.5,-142.5,416.10634432362014
-51.5,-141.5,416.10642265921166
-51.5,-140.5,416.1025269916676
-51.5,-139.5,416.1024326273983
-51.5,-138.5,416.1012481458639
-51.5,-137.5,416.1001770664556
-51.5,-136.5,416.098562097942
-51.5,-135.5,416.094095290088
-51.5,-134.5,416.093710421956
-51.5,-133.5,416.0918696758676
-51.5,-132.5,416.0902473518021
-51.5,-131.5,416.0879641510176
-51.5,-130.5,416.0882764527808
-51.5,-129.5,416.0868743696427
-51.5,-128.5,416.0867718099444
-51.5,-127.5,416.0840999367973
-51.5,-126.5,416.0831380081381
-51.5,-125.5,416.0819506269919
-51.5,-124.5,416.0809905612365
-51.5,-123.5,416.0795269826471
-51.5,-122.5,416.0766069885456
-51.5,-121.5,416.07455778391255
-51.5,-120.5,416.0727856896191
-51.5,-119.5,416.071341871522
-51.5,-118.5,416.0700228706028
-51.5,-117.5,416.06752035370414
-51.5,-116.5,416.06566571638
-51.5,-115.5,416.0636191170127
-51.5,-114.5,416.0616414871584
-51.5,-113.5,416.0583172504167
-51.5,-112.5,416.05523670840415
-51.5,-111.5,416.053601736501
-51.5,-110.5,416.0496269474124
-51.5,-109.5,416.047064693646
-51.5,-108.5,416.0427446496114
-51.5,-107.5,416.0400867219689
-51.5,-106.5,416.0372756339647
-51.5,-105.5,416.0337150949117
-51.5,-104.5,416.03149763254993
-51.5,-103.5,416.0273620041541
-51.5,-102.5,416.0248284483805
-51.5,-101.5,416.0228213847646
-51.5,-100.5,416.0191680377665
-51.5,-99.5,416.0155385853669
-51.5,-98.5,416.01274447934327
-51.5,-97.5,416.2878791611368
-51.5,-96.5,416.0073102385352
-51.5,-95.5,416.0042935687512
-51.5,-94.5,416.0022131575457
-51.5,-93.5,415.99990056191257
-51.5,-92.5,415.9998712772464
-51.5,-91.5,415.9979081527998
-51.5,-90.5,415.9964047533665
-51.5,-89.5,415.9957676349756
-51.5,-88.5,415.99493421801776
-51.5,-87.5,415.994825714261
-51.5,-86.5,415.9957690301784
-51.5,-85.5,415.99420645016073
-51.5,-84.5,415.996153267436
-51.5,-83.5,415.9966950263778
-51.5,-82.5,415.9972214569655
-51.5,-81.5,415.9955280970407
-51.5,-80.5,415.9959557569936
-51.5,-79.5,416.0006515658527
-51.5,-78.5,416.00154003152943
-51.5,-77.5,416.00263705001055
-51.5,-76.5,416.0004091096037
-51.5,-75.5,416.0006848077386
-51.5,-74.5,416.00303088054346
-51.5,-73.5,416.0130922553618
-51.5,-72.5,416.0075709168914
-51.5,-71.5,415.9949698714288
-51.5,-70.5,416.0126241890961
-51.5,-69.5,416.011729329042
-51.5,-68.5,416.0277020784961
-51.5,-67.5,416.0276002197909
-51.5,-66.5,416.027131713888
-51.5,-65.5,416.0248704411594
-51.5,-64.5,416.0277172049857
-51.5,-63.5,416.0260661432883
-51.5,-62.5,416.0257251951173
-51.5,-61.5,416.02627581809713
-51.5,-60.5,416.01672060736615
-51.5,-59.5,416.01610275177296
-51.5,-58.5,416.02301097859294
-51.5,-57.5,416.022130225462
-51.5,-56.5,416.0242777936838
-51.5,-55.5,416.01963403194384
-51.5,-54.5,416.0205138755689
-51.5,-53.5,416.016471864696
-51.5,-52.5,416.01413848233256
-51.5,-51.5,416.0136694224414
-51.5,-50.5,416.0076788886456
-51.5,-49.5,416.0051092609034
-51.5,-48.5,416.0055501189289
-51.5,-47.5,416.0011899049626
-51.5,-46.5,416.0022713492784
-51.5,-45.5,415.9995609084951
-51.5,-44.5,415.9975220435136
-51.5,-43.5,415.9947613353025
-51.5,-42.5,415.9916232391867
-51.5,-41.5,415.9839608227778
-51.5,-40.5,415.9805497251216
-51.5,-39.5,415.9770452843501
-51.5,-38.5,415.9728618002082
-51.5,-37.5,415.9748372451504
-51.5,-36.5,415.9720493473684
-51.5,-35.5,415.9656380540232
-51.5,-34.5,415.9644476362191
-51.5,-33.5,415.9616043811593
-51.5,-32.5,415.9661697347126
-51.5,-31.5,415.9630380776404
-51.5,-30.5,415.9605406917057
-51.5,-29.5,415.95824873996776
-51.5,-28.5,415.9488083607823
-51.5,-27.5,415.95109499582446
-51.5,-26.5,415.9485253296679
-51.5,-25.5,415.947094104794
-51.5,-24.5,415.9442045588837
-51.5,-23.5,415.9357864732444
-51.5,-22.5,415.9336395290319
-51.5,-21.5,415.935956565116
-51.5,-20.5,415.9357027823304
-51.5,-19.5,415.9331958046323
-51.5,-18.5,415.9306101403061
-51.5,-17.5,415.9254554510405
-51.5,-16.5,415.9283735591123
-51.5,-15.5,415.9257351341821
-51.5,-14.5,415.9286514373073
-51.5,-13.5,415.9281756290754
-51.5,-12.5,415.9242031597522
-51.5,-11.5,415.9270953467633
-51.5,-10.5,415.9228760579568
-51.5,-9.5,415.9258965752964
-51.5,-8.5,415.9219221326864
-51.5,-7.5,415.9268757669264
-51.5,-6.5,415.9234857093159
-51.5,-5.5,415.9237851445544
-51.5,-4.5,415.9280896555816
-51.5,-3.5,415.92579554980057
-51.5,-2.5,415.9304450395501
-51.5,-1.5,415.9318094426576
-51.5,-0.5,415.9331355684416
-51.5,0.5,415.9342744330397
-51.5,1.5,415.93243185403566
-51.5,2.5,415.933131118558
-51.5,3.5,415.9360765734213
-51.5,4.5,415.9364992072587
-51.5,5.5,415.93712871862704
-51.5,6.5,415.9380060535237
-51.5,7.5,415.9373182404274
-51.5,8.5,415.9394531300553
-51.5,9.5,415.9412315043234
-51.5,10.5,415.94257909827417
-51.5,11.5,415.9424670280632
-51.5,12.5,415.9438571965975
-51.5,13.5,415.9451578567417
-51.5,14.5,415.9479914242157
-51.5,15.5,415.9477584373509
-51.5,16.5,415.94887301129177
-51.5,17.5,415.95031919335446
-51.5,18.5,415.9495182472877
-51.5,19.5,415.9523076885498
-51.5,20.5,415.9533399380353
-51.5,21.5,415.9523498894872
-51.5,22.5,415.953502314057
-51.5,23.5,415.9542530776173
-51.5,24.5,415.9544609443452
-51.5,25.5,415.9578098868161
-51.5,26.5,415.9556592606865
-51.5,27.5,415.958199382653
-51.5,28.5,415.9584103136984
-51.5,29.5,415.96196649516753
-51.5,30.5,415.9618156701033
-51.5,31.5,415.9610002242116
-51.5,32.5,415.9632226317144
-51.5,33.5,415.963134586696
-51.5,34.5,415.9656685331057
-51.5,35.5,415.9657991902377
-51.5,36.5,415.96913791645625
-51.5,37.5,415.9715261921194
-51.5,38.5,415.9718565747898
-51.5,39.5,415.9740781429121
-51.5,40.5,415.97438990257984
-51.5,41.5,415.97355216892254
-51.5,42.5,415.9761712515496
-51.5,43.5,415.9796912129557
-51.5,44.5,415.97796900533774
-51.5,45.5,415.9821989980062
-51.5,46.5,415.9822432196381
-51.5,47.5,415.9829710503512
-51.5,48.5,415.98334850990256
-51.5,49.5,415.98462402074256
-51.5,50.5,415.9856482994158
-51.5,51.5,415.9933364185504
-51.5,52.5,415.9945453299522
-51.5,53.5,415.9955582981319
-51.5,54.5,415.99687901827633
-51.5,55.5,415.9977160554615
-51.5,56.5,416.0009169431595
-51.5,57.5,416.00183173459016
-51.5,58.5,416.0029546276237
-51.5,59.5,416.0037289793575
-51.5,60.5,415.9991960706034
-51.5,61.5,416.00431648676016
-51.5,62.5,416.00455594945976
-51.5,63.5,415.999031410635
-51.5,64.5,416.0057261639367
-51.5,65.5,416.00513303618624
-51.5,66.5,416.00448387604587
-51.5,67.5,416.0046128892311
-51.5,68.5,416.0049020365504
-51.5,69.5,416.0053783607358
-51.5,70.5,416.00541730824347
-51.5,71.5,416.00093265926193
-51.5,72.5,416.0050690298358
-51.5,73.5,416.0004084321278
-51.5,74.5,416.0005040251938
-51.5,75.5,416.0009606077687
-51.5,76.5,416.0055253292116
-51.5,77.5,416.005418610016
-51.5,78.5,416.0052120518895
-51.5,79.5,416.0048457376081
-51.5,80.5,416.00216357395806
-51.5,81.5,415.9979036302771
-51.5,82.5,416.0019810616528
-51.5,83.5,415.9978284930627
-51.5,84.5,416.00215958339527
-51.5,85.5,415.9973568070536
-51.5,86.5,416.0007692565297
-51.5,87.5,415.999677288741
-51.5,88.5,415.99591832951086
-51.5,89.5,415.9940312166906
-51.5,90.5,415.9873031598904
-51.5,91.5,415.9851929975547
-51.5,92.5,415.9831072137084
-51.5,93.5,415.9787185330928
-51.5,94.5,415.9808142123456
-51.5,95.5,415.9782485064005
-51.5,96.5,415.9761336386871
-51.5,97.5,415.9703238105446
-51.5,98.5,415.9702260295102
-51.5,99.5,415.9678039575871
-51.5,100.5,415.96611522048966
-51.5,101.5,415.96433707402144
-51.5,102.5,415.96043463439526
-51.5,103.5,415.9550796308083
-51.5,104.5,415.95463162864
-51.5,105.5,415.95587461839983
-51.5,106.5,415.9563648908248
-51.5,107.5,415.9549358832394
-51.5,108.5,415.9518796067435
-51.5,109.5,415.956113098663
-51.5,110.5,415.95240843693887
-51.5,111.5,415.95408067283614
-51.5,112.5,415.9560269392605
-51.5,113.5,415.9535078584
-51.5,114.5,415.95495971579055
-51.5,115.5,415.9570516091843
-51.5,116.5,415.9545309691144
-51.5,117.5,415.9556325804219
-51.5,118.5,415.96068804916376
-51.5,119.5,415.9613929930877
-51.5,120.5,415.96198698270746
-51.5,121.5,415.9631511100077
-51.5,122.5,415.9637853539043
-51.5,123.5,415.9657736183059
-51.5,124.5,415.96916868011454
-51.5,125.5,415.9714120579211
-51.5,126.5,415.97441988892
-51.5,127.5,415.97560737594233
-51.5,128.5,415.9818718785199
-51.5,129.5,415.9829974526819
-51.5,130.5,415.9876514336536
-51.5,131.5,415.9908702324556
-51.5,132.5,415.9924080390159
-51.5,133.5,415.99683268122953
-51.5,134.5,415.9997437914792
-51.5,135.5,416.0022289756396
-51.5,136.5,416.00592571073736
-51.5,137.5,416.005563530729
-51.5,138.5,416.00951141579577
-51.5,139.5,416.01170145115066
-51.5,140.5,416.01450138578514
-51.5,141.5,416.0172760435256
-51.5,142.5,416.0198620617789
-51.5,143.5,416.0196261070128
-51.5,144.5,416.0255638820285
-51.5,145.5,416.0252527752984
-51.5,146.5,416.0315136491609
-51.5,147.5,416.0314469693602
-51.5,148.5,416.03884201775446
-51.5,149.5,416.0418435007731
-51.5,150.5,416.0452003513013
-51.5,151.5,416.0482452873841
-51.5,152.5,416.04564946612857
-51.5,153.5,416.0527431504915
-51.5,154.5,416.05170119160783
-51.5,155.5,416.05928468413305
-51.5,156.5,416.0603814525949
-51.5,157.5,416.06593239871887
-51.5,158.5,416.0708863912719
-51.5,159.5,416.0808041088295
-51.5,160.5,416.0841923722932
-51.5,161.5,416.0885590941414
-51.5,162.5,416.0875641941533
-51.5,163.5,416.0896304073997
-51.5,164.5,416.09603235572354
-51.5,165.5,416.0968246096608
-51.5,166.5,416.0986523454329
-51.5,167.5,416.0973180289566
-51.5,168.5,416.10407244556814
-51.5,169.5,416.1049991578139
-51.5,170.5,416.1100302860774
-51.5,171.5,416.1132412589674
-51.5,172.5,416.1175404740672
-51.5,173.5,416.1214651589244
-51.5,174.5,416.1201894900033
-51.5,175.5,416.1224428903828
-51.5,176.5,416.1285290334573
-51.5,177.5,416.1264833668866
-51.5,178.5,416.1274579878285
-51.5,179.5,416.12931197195616
-50.5,-179.5,416.1599202868503
-50.5,-178.5,416.1598861436614
-50.5,-177.5,416.1589927187309
-50.5,-176.5,416.1577492738962
-50.5,-175.5,416.1585638861943
-50.5,-174.5,416.1587151493169
-50.5,-173.5,416.1590806136036
-50.5,-172.5,416.1586861281136
-50.5,-171.5,416.1594569081129
-50.5,-170.5,416.1593570468664
-50.5,-169.5,416.1592645752632
-50.5,-168.5,416.1571308539427
-50.5,-167.5,416.1587676628868
-50.5,-166.5,416.1603408946958
-50.5,-165.5,416.1594567674511
-50.5,-164.5,416.1624424239173
-50.5,-163.5,416.16059244876817
-50.5,-162.5,416.1616464799091
-50.5,-161.5,416.1618791364859
-50.5,-160.5,416.1649222227872
-50.5,-159.5,416.1612659280369
-50.5,-158.5,416.1631558795435
-50.5,-157.5,416.1611326955509
-50.5,-156.5,416.1592001718871
-50.5,-155.5,416.1530667767993
-50.5,-154.5,416.15470442029374
-50.5,-153.5,416.1476075562822
-50.5,-152.5,416.14821631913617
-50.5,-151.5,416.1417473287395
-50.5,-150.5,416.1427192691491
-50.5,-149.5,416.1406158993457
-50.5,-148.5,416.1392068554736
-50.5,-147.5,416.1356499761296
-50.5,-146.5,416.1366018260188
-50.5,-145.5,416.1347696348126
-50.5,-144.5,416.1310837445354
-50.5,-143.5,416.1295305957968
-50.5,-142.5,416.12951395074055
-50.5,-141.5,416.1278941713488
-50.5,-140.5,416.12629419366897
-50.5,-139.5,416.12523369060415
-50.5,-138.5,416.1227658131874
-50.5,-137.5,416.12374965644295
-50.5,-136.5,416.1214607044871
-50.5,-135.5,416.12184709405
-50.5,-134.5,416.1190969453711
-50.5,-133.5,416.1196319196714
-50.5,-132.5,416.1180203458321
-50.5,-131.5,416.11628139998334
-50.5,-130.5,416.1170950157027
-50.5,-129.5,416.1166961240663
-50.5,-128.5,416.115308720312
-50.5,-127.5,416.1154672989125
-50.5,-126.5,416.1144195457045
-50.5,-125.5,416.1137651183208
-50.5,-124.5,416.1114733695052
-50.5,-123.5,416.1103335888955
-50.5,-122.5,416.1088525889951
-50.5,-121.5,416.10672982383846
-50.5,-120.5,416.1033813573636
-50.5,-119.5,416.10169347198473
-50.5,-118.5,416.10014533081966
-50.5,-117.5,416.0984175628436
-50.5,-116.5,416.0971035142103
-50.5,-115.5,416.0946040174041
-50.5,-114.5,416.093198783284
-50.5,-113.5,416.0907624379166
-50.5,-112.5,416.0884666575763
-50.5,-111.5,416.0856331128242
-50.5,-110.5,416.0821037111657
-50.5,-109.5,416.0802829188206
-50.5,-108.5,416.0768803746463
-50.5,-107.5,416.07384293354113
-50.5,-106.5,416.0721998464232
-50.5,-105.5,416.06896076720943
-50.5,-104.5,416.06727401343454
-50.5,-103.5,416.0633614551338
-50.5,-102.5,416.06066622086655
-50.5,-101.5,416.0591210444709
-50.5,-100.5,416.0547147465449
-50.5,-99.5,416.052454384468
-50.5,-98.5,416.0484877888564
-50.5,-97.5,416.0456477892373
-50.5,-96.5,416.0428477268697
-50.5,-95.5,416.04028524937934
-50.5,-94.5,416.03952407624433
-50.5,-93.5,416.0375460984443
-50.5,-92.5,416.0358240078954
-50.5,-91.5,416.0339663389164
-50.5,-90.5,416.03469538153024
-50.5,-89.5,416.0336936577954
-50.5,-88.5,416.0319047422205
-50.5,-87.5,416.0329383108119
-50.5,-86.5,416.0326232905052
-50.5,-85.5,416.0322796794268
-50.5,-84.5,416.0324496163436
-50.5,-83.5,416.032921810722
-50.5,-82.5,416.0325308725019
-50.5,-81.5,416.0349193700348
-50.5,-80.5,416.0329045441604
-50.5,-79.5,416.0356565620658
-50.5,-78.5,416.0338028260652
-50.5,-77.5,416.03471845617946
-50.5,-76.5,416.03714818270936
-50.5,-75.5,416.04213624147206
-50.5,-74.5,416.0523795296361
-50.5,-73.5,416.0087611725778
-50.5,-72.5,416.0386679783141
-50.5,-71.5,416.0421472421833
-50.5,-70.5,416.03595934683966
-50.5,-69.5,416.0570002841698
-50.5,-68.5,416.0730164659448
-50.5,-67.5,416.0683078661801
-50.5,-66.5,416.0694248135593
-50.5,-65.5,416.0655079143877
-50.5,-64.5,416.0669871378545
-50.5,-63.5,416.0633380645267
-50.5,-62.5,416.0624628846032
-50.5,-61.5,416.0641093332385
-50.5,-60.5,416.0612789101439
-50.5,-59.5,416.05987405661375
-50.5,-58.5,416.05957529280727
-50.5,-57.5,416.0591508746005
-50.5,-56.5,416.0581291458226
-50.5,-55.5,416.0563929472056
-50.5,-54.5,416.0538456037661
-50.5,-53.5,416.0507409725091
-50.5,-52.5,416.0488458859479
-50.5,-51.5,416.04430595925385
-50.5,-50.5,416.0419723028632
-50.5,-49.5,416.039967024157
-50.5,-48.5,416.0387602604411
-50.5,-47.5,416.035086222567
-50.5,-46.5,416.0333394525926
-50.5,-45.5,416.0332270320059
-50.5,-44.5,416.0285525098181
-50.5,-43.5,416.0267383652774
-50.5,-42.5,416.0209785182661
-50.5,-41.5,416.0185230585593
-50.5,-40.5,416.0150960485449
-50.5,-39.5,416.00937195271433
-50.5,-38.5,416.0077410242992
-50.5,-37.5,416.0057896527597
-50.5,-36.5,416.00096853521086
-50.5,-35.5,415.99830124018655
-50.5,-34.5,415.9993528051943
-50.5,-33.5,415.99678818600137
-50.5,-32.5,415.9950204259093
-50.5,-31.5,415.992250517454
-50.5,-30.5,415.9896914512317
-50.5,-29.5,415.9875252429712
-50.5,-28.5,415.98462780827725
-50.5,-27.5,415.9786154091156
-50.5,-26.5,415.9806180465954
-50.5,-25.5,415.979170238798
-50.5,-24.5,415.97281999710606
-50.5,-23.5,415.9749167308373
-50.5,-22.5,415.9745051226748
-50.5,-21.5,415.9727739598991
-50.5,-20.5,415.9675675532784
-50.5,-19.5,415.9697440908545
-50.5,-18.5,415.9694395782497
-50.5,-17.5,415.9671752478906
-50.5,-16.5,415.96209230613
-50.5,-15.5,415.9649926889129
-50.5,-14.5,415.9609097356827
-50.5,-13.5,415.963403821757
-50.5,-12.5,415.9598901199651
-50.5,-11.5,415.9626249468925
-50.5,-10.5,415.9639345143135
-50.5,-9.5,415.9635960274094
-50.5,-8.5,415.96026577222926
-50.5,-7.5,415.9635020809725
-50.5,-6.5,415.9642989008981
-50.5,-5.5,415.9620250008532
-50.5,-4.5,415.9630311915886
-50.5,-3.5,415.9642658623058
-50.5,-2.5,415.965652427939
-50.5,-1.5,415.9698595064278
-50.5,-0.5,415.97054961186944
-50.5,0.5,415.971330260322
-50.5,1.5,415.97196928782495
-50.5,2.5,415.96991920255584
-50.5,3.5,415.9732256837377
-50.5,4.5,415.9741367699929
-50.5,5.5,415.9750752392726
-50.5,6.5,415.973985139718
-50.5,7.5,415.97781190039495
-50.5,8.5,415.97971107725823
-50.5,9.5,415.98171447511135
-50.5,10.5,415.9816957811023
-50.5,11.5,415.9818048596037
-50.5,12.5,415.9835017742352
-50.5,13.5,415.9868234133191
-50.5,14.5,415.98636743483735
-50.5,15.5,415.9881517478452
-50.5,16.5,415.9914030864281
-50.5,17.5,415.9930887545224
-50.5,18.5,415.9945296447286
-50.5,19.5,415.9942255889045
-50.5,20.5,415.9940244907135
-50.5,21.5,415.99684504410016
-50.5,22.5,415.9969358579537
-50.5,23.5,415.9968315070428
-50.5,24.5,415.9991529089714
-50.5,25.5,416.0028120017183
-50.5,26.5,416.00415437548537
-50.5,27.5,416.0059322738655
-50.5,28.5,416.0057417147486
-50.5,29.5,416.0064174014311
-50.5,30.5,416.008276553705
-50.5,31.5,416.0081571211932
-50.5,32.5,416.0125235258863
-50.5,33.5,416.0129543188872
-50.5,34.5,416.0151783761521
-50.5,35.5,416.0161562221561
-50.5,36.5,416.0171590729961
-50.5,37.5,416.0187537926213
-50.5,38.5,416.0192598105938
-50.5,39.5,416.0202173198764
-50.5,40.5,416.0223455739188
-50.5,41.5,416.02389228778543
-50.5,42.5,416.0251679477839
-50.5,43.5,416.0277118010462
-50.5,44.5,416.02832174463856
-50.5,45.5,416.0313703066667
-50.5,46.5,416.0327593455849
-50.5,47.5,416.033588463164
-50.5,48.5,416.0344829537707
-50.5,49.5,416.0344770064352
-50.5,50.5,416.0394895553227
-50.5,51.5,416.0411914022832
-50.5,52.5,416.0423654326979
-50.5,53.5,416.0455517871745
-50.5,54.5,416.04652870448086
-50.5,55.5,416.0424171598777
-50.5,56.5,416.0486319908002
-50.5,57.5,416.29631086513234
-50.5,58.5,416.0508887293711
-50.5,59.5,416.0518493717215
-50.5,60.5,416.0521242250908
-50.5,61.5,416.0488220898204
-50.5,62.5,416.0537735125502
-50.5,63.5,416.04818555938255
-50.5,64.5,416.052663192544
-50.5,65.5,416.0476834027706
-50.5,66.5,416.0525584176617
-50.5,67.5,416.04826680007926
-50.5,68.5,416.0493871565477
-50.5,69.5,416.0507296892362
-50.5,70.5,416.0546116553989
-50.5,71.5,416.05405854447713
-50.5,72.5,416.0536051354183
-50.5,73.5,416.0532293112537
-50.5,74.5,416.05319282778447
-50.5,75.5,416.05336711437945
-50.5,76.5,416.0533390283659
-50.5,77.5,416.0532375280711
-50.5,78.5,416.0495168282084
-50.5,79.5,416.052799615712
-50.5,80.5,416.052815401744
-50.5,81.5,416.05285711645325
-50.5,82.5,416.0530134444804
-50.5,83.5,416.0467195228879
-50.5,84.5,416.04621479309753
-50.5,85.5,416.0489136479388
-50.5,86.5,416.0475058331268
-50.5,87.5,416.0458877300129
-50.5,88.5,416.03996218357673
-50.5,89.5,416.0416161077935
-50.5,90.5,416.0356541461245
-50.5,91.5,416.0312680806512
-50.5,92.5,416.0293715823709
-50.5,93.5,416.03058121253895
-50.5,94.5,416.028204930149
-50.5,95.5,416.0237531294712
-50.5,96.5,416.02162426164887
-50.5,97.5,416.0159675327653
-50.5,98.5,416.0134971273292
-50.5,99.5,416.0151311210303
-50.5,100.5,416.0110702366534
-50.5,101.5,416.0059111512815
-50.5,102.5,416.0057645849771
-50.5,103.5,416.0039430887965
-50.5,104.5,416.003413649848
-50.5,105.5,415.99766765241145
-50.5,106.5,415.99786613240224
-50.5,107.5,416.0000509218646
-50.5,108.5,415.9969545841849
-50.5,109.5,415.99973037435217
-50.5,110.5,415.9959002100598
-50.5,111.5,415.9998500632216
-50.5,112.5,415.99873900621
-50.5,113.5,415.9959709157874
-50.5,114.5,415.9996574045748
-50.5,115.5,415.9992606733349
-50.5,116.5,415.9991386943336
-50.5,117.5,415.9999974658815
-50.5,118.5,416.0015621130202
-50.5,119.5,416.004604877384
-50.5,120.5,416.00532727505896
-50.5,121.5,416.0062111389151
-50.5,122.5,416.0072746018313
-50.5,123.5,416.011082686505
-50.5,124.5,416.0130778605101
-50.5,125.5,416.0171474119446
-50.5,126.5,416.0193406867646
-50.5,127.5,416.0197449442057
-50.5,128.5,416.0238870200576
-50.5,129.5,416.0263820519292
-50.5,130.5,416.0276040454309
-50.5,131.5,416.03233115510585
-50.5,132.5,416.0353374032139
-50.5,133.5,416.0378682686145
-50.5,134.5,416.0414016776929
-50.5,135.5,416.041096501419
-50.5,136.5,416.0426198047078
-50.5,137.5,416.0464836061452
-50.5,138.5,416.0461659339024
-50.5,139.5,416.0485308753631
-50.5,140.5,416.0509266880926
-50.5,141.5,416.0566288425672
-50.5,142.5,416.0565747639157
-50.5,143.5,416.0626063303527
-50.5,144.5,416.0622114413488
-50.5,145.5,416.06527266724765
-50.5,146.5,416.0712935943757
-50.5,147.5,416.0706014487783
-50.5,148.5,416.0766258004156
-50.5,149.5,416.0756819500412
-50.5,150.5,416.08197839017305
-50.5,151.5,416.0811603295945
-50.5,152.5,416.08466992153535
-50.5,153.5,416.0912630790101
-50.5,154.5,416.0914413833995
-50.5,155.5,416.09704700797727
-50.5,156.5,416.0984623224436
-50.5,157.5,416.106437995607
-50.5,158.5,416.1072688498707
-50.5,159.5,416.1114010502959
-50.5,160.5,416.11817923579866
-50.5,161.5,416.1210143517497
-50.5,162.5,416.1195002994477
-50.5,163.5,416.12436676896607
-50.5,164.5,416.1238365712376
-50.5,165.5,416.1296077091067
-50.5,166.5,416.1302171786166
-50.5,167.5,416.13048578822224
-50.5,168.5,416.1377715670429
-50.5,169.5,416.1413648540569
-50.5,170.5,416.1442448600265
-50.5,171.5,416.1483984960353
-50.5,172.5,416.1507873345863
-50.5,173.5,416.1545082779194
-50.5,174.5,416.15294382383865
-50.5,175.5,416.1548374742306
-50.5,176.5,416.157013794748
-50.5,177.5,416.1597568086954
-50.5,178.5,416.1599825184948
-50.5,179.5,416.1575066293608
-49.5,-179.5,416.19002716722815
-49.5,-178.5,416.1880746676037
-49.5,-177.5,416.1874369825545
-49.5,-176.5,416.184896462346
-49.5,-175.5,416.1859396692432
-49.5,-174.5,416.1843050961867
-49.5,-173.5,416.18355721003815
-49.5,-172.5,416.1827793420486
-49.5,-171.5,416.1811821593671
-49.5,-170.5,416.17997885899774
-49.5,-169.5,416.18059836503767
-49.5,-168.5,416.1799511186551
-49.5,-167.5,416.180212803456
-49.5,-166.5,416.1808734305498
-49.5,-165.5,416.18246405470416
-49.5,-164.5,416.18423146941626
-49.5,-163.5,416.1831174231177
-49.5,-162.5,416.1832323936472
-49.5,-161.5,416.1827306715556
-49.5,-160.5,416.1822285638345
-49.5,-159.5,416.181430883644
-49.5,-158.5,416.17716513612464
-49.5,-157.5,416.1750445189664
-49.5,-156.5,416.1736044159406
-49.5,-155.5,416.17462446814255
-49.5,-154.5,416.1715168254544
-49.5,-153.5,416.1652626955136
-49.5,-152.5,416.1653751726743
-49.5,-151.5,416.1595860679708
-49.5,-150.5,416.157594830682
-49.5,-149.5,416.1588514663844
-49.5,-148.5,416.1556999202585
-49.5,-147.5,416.1552901007781
-49.5,-146.5,416.15633748829015
-49.5,-145.5,416.1531232412137
-49.5,-144.5,416.15363673497217
-49.5,-143.5,416.1522102150754
-49.5,-142.5,416.1493561084677
-49.5,-141.5,416.1516207955106
-49.5,-140.5,416.1468564743053
-49.5,-139.5,416.145841194398
-49.5,-138.5,416.1467455795612
-49.5,-137.5,416.14529098244594
-49.5,-136.5,416.14536326896007
-49.5,-135.5,416.1467122525305
-49.5,-134.5,416.1448673156473
-49.5,-133.5,416.1467040339567
-49.5,-132.5,416.1456262397142
-49.5,-131.5,416.1472532049132
-49.5,-130.5,416.1461077502394
-49.5,-129.5,416.1450232094418
-49.5,-128.5,416.1457478516256
-49.5,-127.5,416.14522395536096
-49.5,-126.5,416.14541415642697
-49.5,-125.5,416.1453063835401
-49.5,-124.5,416.1437745208047
-49.5,-123.5,416.1435494547683
-49.5,-122.5,416.14052368502
-49.5,-121.5,416.1384646541373
-49.5,-120.5,416.1366174002738
-49.5,-119.5,416.1330195265504
-49.5,-118.5,416.1311003023304
-49.5,-117.5,416.1290377320919
-49.5,-116.5,416.1278063537477
-49.5,-115.5,416.1253992339706
-49.5,-114.5,416.1234308640582
-49.5,-113.5,416.1215657188342
-49.5,-112.5,416.1198440705812
-49.5,-111.5,416.11752282480296
-49.5,-110.5,416.1148155508218
-49.5,-109.5,416.111590277973
-49.5,-108.5,416.1096724220934
-49.5,-107.5,416.1079636993154
-49.5,-106.5,416.105477604225
-49.5,-105.5,416.1044391138519
-49.5,-104.5,416.1026403532685
-49.5,-103.5,416.1011924287963
-49.5,-102.5,416.0977256900815
-49.5,-101.5,416.0939685756287
-49.5,-100.5,416.0898201168868
-49.5,-99.5,416.0871907432112
-49.5,-98.5,416.0835112937085
-49.5,-97.5,416.08139534162
-49.5,-96.5,416.0780931344349
-49.5,-95.5,416.07679087153457
-49.5,-94.5,416.07484672501846
-49.5,-93.5,416.07301762621927
-49.5,-92.5,416.07281806920287
-49.5,-91.5,416.0701122520368
-49.5,-90.5,416.07151992744207
-49.5,-89.5,416.0707544053813
-49.5,-88.5,416.0689543585037
-49.5,-87.5,416.0695383857574
-49.5,-86.5,416.0679622906099
-49.5,-85.5,416.06901340354887
-49.5,-84.5,416.0685415594449
-49.5,-83.5,416.0702584782964
-49.5,-82.5,416.0683134437528
-49.5,-81.5,416.0685881598599
-49.5,-80.5,416.0688326760568
-49.5,-79.5,416.0716302764603
-49.5,-78.5,416.06983518212
-49.5,-77.5,416.0708579831991
-49.5,-76.5,416.0746814890493
-49.5,-75.5,416.06861558756566
-49.5,-74.5,416.0198422534336
-49.5,-73.5,416.0340763283992
-49.5,-72.5,416.0469874372385
-49.5,-71.5,416.05690055596216
-49.5,-70.5,416.085310044546
-49.5,-69.5,416.08355608164834
-49.5,-68.5,416.1009774143832
-49.5,-67.5,416.1015975676188
-49.5,-66.5,416.1099577879874
-49.5,-65.5,416.10559382705645
-49.5,-64.5,416.1060425931665
-49.5,-63.5,416.10257220498266
-49.5,-62.5,416.10338707235775
-49.5,-61.5,416.1006636458
-49.5,-60.5,416.1017990414796
-49.5,-59.5,416.1013408636244
-49.5,-58.5,416.0986394013628
-49.5,-57.5,416.097427584074
-49.5,-56.5,416.0940658500102
-49.5,-55.5,416.0910105982908
-49.5,-54.5,416.0888385933625
-49.5,-53.5,416.0840148980356
-49.5,-52.5,416.0814738467669
-49.5,-51.5,416.0794212512672
-49.5,-50.5,416.0764409775932
-49.5,-49.5,416.0746133863949
-49.5,-48.5,416.0727898718859
-49.5,-47.5,416.0684051114368
-49.5,-46.5,416.0675950225941
-49.5,-45.5,416.0652026131501
-49.5,-44.5,416.0599036977953
-49.5,-43.5,416.0577697072733
-49.5,-42.5,416.0542878222969
-49.5,-41.5,416.04942872676537
-49.5,-40.5,416.04655167513255
-49.5,-39.5,416.0439422370922
-49.5,-38.5,416.0411423629826
-49.5,-37.5,416.0376319369177
-49.5,-36.5,416.033849472058
-49.5,-35.5,416.031459594404
-49.5,-34.5,416.0279838485355
-49.5,-33.5,416.0258706803788
-49.5,-32.5,416.0247467553119
-49.5,-31.5,416.02106531864325
-49.5,-30.5,416.0184171652252
-49.5,-29.5,416.01876785911946
-49.5,-28.5,416.01626134888136
-49.5,-27.5,416.0158042527016
-49.5,-26.5,416.0137856314928
-49.5,-25.5,416.0127251538847
-49.5,-24.5,416.0080461297039
-49.5,-23.5,416.01151681582473
-49.5,-22.5,416.0096484294812
-49.5,-21.5,416.0042988080888
-49.5,-20.5,416.0080162039076
-49.5,-19.5,416.00199527142297
-49.5,-18.5,416.0052976272301
-49.5,-17.5,416.0035286513517
-49.5,-16.5,416.0022517859015
-49.5,-15.5,416.00150144239313
-49.5,-14.5,415.9978191369897
-49.5,-13.5,415.9971294246904
-49.5,-12.5,415.99833870995394
-49.5,-11.5,416.00126559801305
-49.5,-10.5,415.9979578453748
-49.5,-9.5,415.9982329840878
-49.5,-8.5,416.0018725236315
-49.5,-7.5,415.9992994396125
-49.5,-6.5,416.00316204050273
-49.5,-5.5,416.0013400976351
-49.5,-4.5,416.0028269672621
-49.5,-3.5,416.0038012601627
-49.5,-2.5,416.0045570496365
-49.5,-1.5,416.00553466472354
-49.5,-0.5,416.0089982718824
-49.5,0.5,416.00978189534624
-49.5,1.5,416.0105259703084
-49.5,2.5,416.0113601583272
-49.5,3.5,416.00969398874463
-49.5,4.5,416.0140206556656
-49.5,5.5,416.01538286510834
-49.5,6.5,416.01415360872073
-49.5,7.5,416.0188507403472
-49.5,8.5,416.0181307293176
-49.5,9.5,416.0231855530604
-49.5,10.5,416.0251725939799
-49.5,11.5,416.02501922701686
-49.5,12.5,416.0268518458424
-49.5,13.5,416.026420347955
-49.5,14.5,416.028115309349
-49.5,15.5,416.03182611732393
-49.5,16.5,416.0340407682535
-49.5,17.5,416.0339616164629
-49.5,18.5,416.0358053214565
-49.5,19.5,416.03774244172536
-49.5,20.5,416.03967321103823
-49.5,21.5,416.0394672694351
-49.5,22.5,416.04322285091104
-49.5,23.5,416.0436235611482
-49.5,24.5,416.04410077721775
-49.5,25.5,416.0467460460203
-49.5,26.5,416.0499432588306
-49.5,27.5,416.0508258404112
-49.5,28.5,416.0511643959323
-49.5,29.5,416.053630836882
-49.5,30.5,416.055447103646
-49.5,31.5,416.05851715479446
-49.5,32.5,416.0606080641609
-49.5,33.5,416.0620892640472
-49.5,34.5,416.0634853745032
-49.5,35.5,416.06534786614577
-49.5,36.5,416.0654549361842
-49.5,37.5,416.06733415005385
-49.5,38.5,416.0689986677007
-49.5,39.5,416.0699898351445
-49.5,40.5,416.07460409339296
-49.5,41.5,416.0739821243084
-49.5,42.5,416.0770049018384
-49.5,43.5,416.0755901425782
-49.5,44.5,416.0779374940428
-49.5,45.5,416.0784231671063
-49.5,46.5,416.0822696625479
-49.5,47.5,416.083392282685
-49.5,48.5,416.087010199379
-49.5,49.5,416.0846814198823
-49.5,50.5,416.0892361331884
-49.5,51.5,416.0925037448463
-49.5,52.5,416.08737758785753
-49.5,53.5,416.0899703041852
-49.5,54.5,416.0906692457986
-49.5,55.5,416.0962181194746
-49.5,56.5,416.0970033163758
-49.5,57.5,416.0931663275294
-49.5,58.5,416.0989320054793
-49.5,59.5,416.10122637135896
-49.5,60.5,416.1012282651069
-49.5,61.5,416.1013326838235
-49.5,62.5,416.10176299387
-49.5,63.5,416.1018409676583
-49.5,64.5,416.10155980289215
-49.5,65.5,416.1015783891132
-49.5,66.5,416.10180365352767
-49.5,67.5,416.0986002548747
-49.5,68.5,416.0958917467911
-49.5,69.5,416.09373487967423
-49.5,70.5,416.09684300250206
-49.5,71.5,416.0994025667567
-49.5,72.5,416.1023018983586
-49.5,73.5,416.1019624788033
-49.5,74.5,416.1016335478561
-49.5,75.5,416.09787043531946
-49.5,76.5,416.10065864273776
-49.5,77.5,416.1002973606357
-49.5,78.5,416.1001020823927
-49.5,79.5,416.09993722932927
-49.5,80.5,416.0996053739749
-49.5,81.5,416.0993381113962
-49.5,82.5,416.0988097884392
-49.5,83.5,416.0983146035785
-49.5,84.5,416.09411691474776
-49.5,85.5,416.09428895089786
-49.5,86.5,416.0926252117349
-49.5,87.5,416.0906409171942
-49.5,88.5,416.0885396776084
-49.5,89.5,416.08655143990416
-49.5,90.5,416.0816057452338
-49.5,91.5,416.081001435995
-49.5,92.5,416.0807558777997
-49.5,93.5,416.07635040040935
-49.5,94.5,416.0740598097269
-49.5,95.5,416.0717582677034
-49.5,96.5,416.0639702041096
-49.5,97.5,416.0618104484669
-49.5,98.5,416.0626662879224
-49.5,99.5,416.0606284794019
-49.5,100.5,416.0566375419088
-49.5,101.5,416.0550177440327
-49.5,102.5,416.0528475879676
-49.5,103.5,416.0517595224003
-49.5,104.5,416.0489318494548
-49.5,105.5,416.0482071228767
-49.5,106.5,416.0457466464614
-49.5,107.5,416.0429223760271
-49.5,108.5,416.0421425726823
-49.5,109.5,416.04350973166913
-49.5,110.5,416.04412586386064
-49.5,111.5,416.0429362428114
-49.5,112.5,416.0436532497103
-49.5,113.5,416.0423583947296
-49.5,114.5,416.0423978452656
-49.5,115.5,416.04205727255845
-49.5,116.5,416.0444016031425
-49.5,117.5,416.0449069556362
-49.5,118.5,416.0461157804436
-49.5,119.5,416.0468710043105
-49.5,120.5,416.0475380012472
-49.5,121.5,416.050608490879
-49.5,122.5,416.0519781082913
-49.5,123.5,416.0538342137703
-49.5,124.5,416.0541533616975
-49.5,125.5,416.0597435178224
-49.5,126.5,416.0616912046999
-49.5,127.5,416.06333689138125
-49.5,128.5,416.0633424974425
-49.5,129.5,416.06752601258665
-49.5,130.5,416.0700798470886
-49.5,131.5,416.07462337099656
-49.5,132.5,416.0754925375338
-49.5,133.5,416.078969334183
-49.5,134.5,416.0805452210101
-49.5,135.5,416.0818141871489
-49.5,136.5,416.0815779807008
-49.5,137.5,416.0852557083268
-49.5,138.5,416.0872400281934
-49.5,139.5,416.08998169922313
-49.5,140.5,416.0927906143079
-49.5,141.5,416.0931512413632
-49.5,142.5,416.096182945638
-49.5,143.5,416.1017901700316
-49.5,144.5,416.1046596562304
-49.5,145.5,416.106823581476
-49.5,146.5,416.10897402882216
-49.5,147.5,416.110644263061
-49.5,148.5,416.1095694319229
-49.5,149.5,416.1149397198741
-49.5,150.5,416.1175605703766
-49.5,151.5,416.1180510851585
-49.5,152.5,416.12182416293945
-49.5,153.5,416.12822292488056
-49.5,154.5,416.1284170911106
-49.5,155.5,416.13573564653024
-49.5,156.5,416.1400836264976
-49.5,157.5,416.14238498847374
-49.5,158.5,416.1457728801355
-49.5,159.5,416.1481192597608
-49.5,160.5,416.1494799654288
-49.5,161.5,416.1511779982891
-49.5,162.5,416.1496374540307
-49.5,163.5,416.15510376849886
-49.5,164.5,416.1552828915693
-49.5,165.5,416.1609208206437
-49.5,166.5,416.1648945612954
-49.5,167.5,416.16962004351353
-49.5,168.5,416.171186993112
-49.5,169.5,416.1743357184084
-49.5,170.5,416.1741168564917
-49.5,171.5,416.1783140970275
-49.5,172.5,416.18052074915465
-49.5,173.5,416.1833185524
-49.5,174.5,416.18703649236
-49.5,175.5,416.186531436861
-49.5,176.5,416.1869623216929
-49.5,177.5,416.1884349542739
-49.5,178.5,416.1898238270965
-49.5,179.5,416.1909850948042
-48.5,-179.5,416.21707759213336
-48.5,-178.5,416.21500865032544
-48.5,-177.5,416.2131807258503
-48.5,-176.5,416.2125253379854
-48.5,-175.5,416.2108249186098
-48.5,-174.5,416.2099668640166
-48.5,-173.5,416.2086420693729
-48.5,-172.5,416.20772523661566
-48.5,-171.5,416.2053875384393
-48.5,-170.5,416.20377804647273
-48.5,-169.5,416.2043244955845
-48.5,-168.5,416.2048658722752
-48.5,-167.5,416.2056699402472
-48.5,-166.5,416.2049012173256
-48.5,-165.5,416.203558561578
-48.5,-164.5,416.2048261991586
-48.5,-163.5,416.20121593896704
-48.5,-162.5,416.2013534132669
-48.5,-161.5,416.2004032698726
-48.5,-160.5,416.1970825377793
-48.5,-159.5,416.1960671850224
-48.5,-158.5,416.1964008008607
-48.5,-157.5,416.1942906824673
-48.5,-156.5,416.189694031736
-48.5,-155.5,416.1908599894426
-48.5,-154.5,416.1855297662865
-48.5,-153.5,416.1858072232081
-48.5,-152.5,416.1812752516007
-48.5,-151.5,416.17848323859226
-48.5,-150.5,416.17713217907993
-48.5,-149.5,416.17723722753465
-48.5,-148.5,416.17900083681474
-48.5,-147.5,416.1763655624709
-48.5,-146.5,416.1759403452273
-48.5,-145.5,416.1753747029824
-48.5,-144.5,416.1763115094417
-48.5,-143.5,416.1737797835658
-48.5,-142.5,416.1717959527278
-48.5,-141.5,416.1719600798537
-48.5,-140.5,416.1696561106081
-48.5,-139.5,416.1707668038065
-48.5,-138.5,416.1695639509007
-48.5,-137.5,416.16922864601753
-48.5,-136.5,416.1715229860209
-48.5,-135.5,416.1720344429219
-48.5,-134.5,416.17290163559966
-48.5,-133.5,416.17265650853614
-48.5,-132.5,416.1751956881848
-48.5,-131.5,416.1759950264361
-48.5,-130.5,416.1767580524889
-48.5,-129.5,416.1773573846721
-48.5,-128.5,416.1782771094432
-48.5,-127.5,416.1772012026872
-48.5,-126.5,416.1775540023617
-48.5,-125.5,416.17722856626654
-48.5,-124.5,416.17656141155135
-48.5,-123.5,416.17554029722993
-48.5,-122.5,416.1724751931773
-48.5,-121.5,416.1700920437792
-48.5,-120.5,416.1679092977759
-48.5,-119.5,416.16581260199706
-48.5,-118.5,416.16365575377097
-48.5,-117.5,416.16006493483775
-48.5,-116.5,416.1580609133606
-48.5,-115.5,416.1560450695724
-48.5,-114.5,416.1531401972806
-48.5,-113.5,416.1519187666778
-48.5,-112.5,416.15050447070513
-48.5,-111.5,416.1480484259429
-48.5,-110.5,416.1467983768144
-48.5,-109.5,416.1443887756385
-48.5,-108.5,416.1420178257071
-48.5,-107.5,416.1407701372087
-48.5,-106.5,416.1388634754936
-48.5,-105.5,416.1384469953049
-48.5,-104.5,416.1373046891219
-48.5,-103.5,416.1360763162017
-48.5,-102.5,416.1317610782993
-48.5,-101.5,416.1298281979445
-48.5,-100.5,416.1259567475235
-48.5,-99.5,416.1227679148084
-48.5,-98.5,416.1183814577037
-48.5,-97.5,416.1170943283193
-48.5,-96.5,416.11513662661696
-48.5,-95.5,416.1130454478208
-48.5,-94.5,416.1111208043322
-48.5,-93.5,416.1091168690015
-48.5,-92.5,416.10977875164986
-48.5,-91.5,416.1091056651607
-48.5,-90.5,416.10858300508346
-48.5,-89.5,416.1084942208911
-48.5,-88.5,416.1080078519173
-48.5,-87.5,416.1078168105839
-48.5,-86.5,416.1067826680152
-48.5,-85.5,416.10577732803694
-48.5,-84.5,416.1053438788426
-48.5,-83.5,416.1066941816094
-48.5,-82.5,416.1050347113506
-48.5,-81.5,416.1071323846349
-48.5,-80.5,416.1094571674094
-48.5,-79.5,416.10873606927385
-48.5,-78.5,416.10800654419137
-48.5,-77.5,416.1110129780043
-48.5,-76.5,416.1163277123793
-48.5,-75.5,416.11600769636095
-48.5,-74.5,416.0796889676933
-48.5,-73.5,416.0980123306408
-48.5,-72.5,416.0730560143372
-48.5,-71.5,416.0782914596406
-48.5,-70.5,416.0998304325498
-48.5,-69.5,416.0970156272278
-48.5,-68.5,416.1058839463328
-48.5,-67.5,416.13300085768486
-48.5,-66.5,416.1481175210269
-48.5,-65.5,416.1463928200622
-48.5,-64.5,416.144395372782
-48.5,-63.5,416.1441515242974
-48.5,-62.5,416.1416809447242
-48.5,-61.5,416.1419227866552
-48.5,-60.5,416.1408285852915
-48.5,-59.5,416.1397469214541
-48.5,-58.5,416.13745204933184
-48.5,-57.5,416.132660298002
-48.5,-56.5,416.1297437664316
-48.5,-55.5,416.1256677003916
-48.5,-54.5,416.1209792351484
-48.5,-53.5,416.1178839887917
-48.5,-52.5,416.1154604879422
-48.5,-51.5,416.11112365604544
-48.5,-50.5,416.1076178625304
-48.5,-49.5,416.10655992346926
-48.5,-48.5,416.1031665714922
-48.5,-47.5,416.1002847053532
-48.5,-46.5,416.0965628425255
-48.5,-45.5,416.0945135839572
-48.5,-44.5,416.0902213179162
-48.5,-43.5,416.0873266927919
-48.5,-42.5,416.0846120519212
-48.5,-41.5,416.0817925711863
-48.5,-40.5,416.0792932656834
-48.5,-39.5,416.0746031542989
-48.5,-38.5,416.07296010160906
-48.5,-37.5,416.0685724057261
-48.5,-36.5,416.0671765381967
-48.5,-35.5,416.06362444176415
-48.5,-34.5,416.0609802181825
-48.5,-33.5,416.0581451698599
-48.5,-32.5,416.05643268070605
-48.5,-31.5,416.0542898812988
-48.5,-30.5,416.05373785436217
-48.5,-29.5,416.0507960726027
-48.5,-28.5,416.0523397957692
-48.5,-27.5,416.0506633367114
-48.5,-26.5,416.0487473847455
-48.5,-25.5,416.0488602258383
-48.5,-24.5,416.04795283636247
-48.5,-23.5,416.0472313773596
-48.5,-22.5,416.04583231740094
-48.5,-21.5,416.0407599274199
-48.5,-20.5,416.0442407491474
-48.5,-19.5,416.0392734244672
-48.5,-18.5,416.03784607933454
-48.5,-17.5,416.0406295486067
-48.5,-16.5,416.0397679482528
-48.5,-15.5,416.0372376011777
-48.5,-14.5,416.04066500702726
-48.5,-13.5,416.0405822435723
-48.5,-12.5,416.0407517946754
-48.5,-11.5,416.0406747047133
-48.5,-10.5,416.0408421248064
-48.5,-9.5,416.0378069815277
-48.5,-8.5,416.0437033809268
-48.5,-7.5,416.04269214974727
-48.5,-6.5,416.04036442434375
-48.5,-5.5,416.04637841967445
-48.5,-4.5,416.04462856361766
-48.5,-3.5,416.0484969772928
-48.5,-2.5,416.0463921081366
-48.5,-1.5,416.0499494658405
-48.5,-0.5,416.0505352058548
-48.5,0.5,416.0510698270705
-48.5,1.5,416.048824362827
-48.5,2.5,416.0528553618111
-48.5,3.5,416.0515003855808
-48.5,4.5,416.0565595826629
-48.5,5.5,416.0557449763615
-48.5,6.5,416.05904708860464
-48.5,7.5,416.0613212997927
-48.5,8.5,416.06192478680447
-48.5,9.5,416.0652933329486
-48.5,10.5,416.0643616373549
-48.5,11.5,416.0663662531204
-48.5,12.5,416.071228936653
-48.5,13.5,416.06996512556594
-48.5,14.5,416.0743324144429
-48.5,15.5,416.0762039034352
-48.5,16.5,416.0765055057652
-48.5,17.5,416.0786815199948
-48.5,18.5,416.0781490093138
-48.5,19.5,416.082869012504
-48.5,20.5,416.08544056916105
-48.5,21.5,416.0857585003869
-48.5,22.5,416.0878321201035
-48.5,23.5,416.090365466976
-48.5,24.5,416.0925437689077
-48.5,25.5,416.0956802398399
-48.5,26.5,416.0950712007085
-48.5,27.5,416.09883847483496
-48.5,28.5,416.1002167775987
-48.5,29.5,416.1018115313424
-48.5,30.5,416.10269634512974
-48.5,31.5,416.10657820822695
-48.5,32.5,416.10751850302313
-48.5,33.5,416.1090011477169
-48.5,34.5,416.1106305570172
-48.5,35.5,416.1120491957858
-48.5,36.5,416.1148751903144
-48.5,37.5,416.1151385826887
-48.5,38.5,416.11977386697953
-48.5,39.5,416.1200992384419
-48.5,40.5,416.1232895094002
-48.5,41.5,416.12502741902097
-48.5,42.5,416.126391042399
-48.5,43.5,416.128958581161
-48.5,44.5,416.1284044196037
-48.5,45.5,416.12948423464303
-48.5,46.5,416.1354955507225
-48.5,47.5,416.13682675254535
-48.5,48.5,416.1355049007997
-48.5,49.5,416.1395649995384
-48.5,50.5,416.1368162621041
-48.5,51.5,416.1435324234077
-48.5,52.5,416.13988619560246
-48.5,53.5,416.1443891379512
-48.5,54.5,416.14529931720455
-48.5,55.5,416.14563085676986
-48.5,56.5,416.14799392924425
-48.5,57.5,416.143607475442
-48.5,58.5,416.14363320904135
-48.5,59.5,416.1438735706368
-48.5,60.5,416.1440397031436
-48.5,61.5,416.144374412807
-48.5,62.5,416.1496110131383
-48.5,63.5,416.1520512502636
-48.5,64.5,416.150313286883
-48.5,65.5,416.1509791896999
-48.5,66.5,416.1535053187165
-48.5,67.5,416.1536256773482
-48.5,68.5,416.1502878818645
-48.5,69.5,416.1547836712038
-48.5,70.5,416.15001997367466
-48.5,71.5,416.1521426078229
-48.5,72.5,416.1513375359235
-48.5,73.5,416.1507923919647
-48.5,74.5,416.1473632322435
-48.5,75.5,416.1498374438245
-48.5,76.5,416.1463925861894
-48.5,77.5,416.1459779832533
-48.5,78.5,416.1462048817067
-48.5,79.5,416.1427925428189
-48.5,80.5,416.146675628071
-48.5,81.5,416.1437762156689
-48.5,82.5,416.1430499130772
-48.5,83.5,416.1419982340475
-48.5,84.5,416.1378323984943
-48.5,85.5,416.1389419870812
-48.5,86.5,416.13457488397336
-48.5,87.5,416.1327294708756
-48.5,88.5,416.1291923561341
-48.5,89.5,416.1303725172389
-48.5,90.5,416.12565350828936
-48.5,91.5,416.1240410652089
-48.5,92.5,416.1222291866817
-48.5,93.5,416.118132008151
-48.5,94.5,416.11616827183445
-48.5,95.5,416.1172794824494
-48.5,96.5,416.1114918969287
-48.5,97.5,416.11270794062506
-48.5,98.5,416.108631017998
-48.5,99.5,416.1034766370898
-48.5,100.5,416.1050704887026
-48.5,101.5,416.0980952026812
-48.5,102.5,416.095969887402
-48.5,103.5,416.0976605022017
-48.5,104.5,416.0943677941135
-48.5,105.5,416.0934854741532
-48.5,106.5,416.09064258527695
-48.5,107.5,416.0902648286502
-48.5,108.5,416.08918178364456
-48.5,109.5,416.0875334090279
-48.5,110.5,416.0853740279954
-48.5,111.5,416.0839560414857
-48.5,112.5,416.08478968283566
-48.5,113.5,416.086086527083
-48.5,114.5,416.08340872614247
-48.5,115.5,416.0875712800685
-48.5,116.5,416.0875101024436
-48.5,117.5,416.08768469403486
-48.5,118.5,416.0900092495025
-48.5,119.5,416.0906560416609
-48.5,120.5,416.0902084967016
-48.5,121.5,416.09353832763634
-48.5,122.5,416.0931712562816
-48.5,123.5,416.0988780667222
-48.5,124.5,416.0986746072306
-48.5,125.5,416.10203014949707
-48.5,126.5,416.1039630632565
-48.5,127.5,416.1053612618949
-48.5,128.5,416.1072883202117
-48.5,129.5,416.1109336142859
-48.5,130.5,416.1133935595875
-48.5,131.5,416.1142686950821
-48.5,132.5,416.11613391497474
-48.5,133.5,416.1172364975334
-48.5,134.5,416.1178310807039
-48.5,135.5,416.1221375436908
-48.5,136.5,416.122204614325
-48.5,137.5,416.1242691766383
-48.5,138.5,416.126432588705
-48.5,139.5,416.1288537205467
-48.5,140.5,416.1333637321289
-48.5,141.5,416.1361595940667
-48.5,142.5,416.13607789094215
-48.5,143.5,416.140781203042
-48.5,144.5,416.1425161906792
-48.5,145.5,416.14129520165545
-48.5,146.5,416.1454103465969
-48.5,147.5,416.1470205801373
-48.5,148.5,416.1465151283195
-48.5,149.5,416.151147964007
-48.5,150.5,416.1504094422347
-48.5,151.5,416.1571466427525
-48.5,152.5,416.1617717865727
-48.5,153.5,416.1634625979337
-48.5,154.5,416.1642632160774
-48.5,155.5,416.1676035556175
-48.5,156.5,416.1743413459
-48.5,157.5,416.1770165139283
-48.5,158.5,416.17881180580815
-48.5,159.5,416.1754512138763
-48.5,160.5,416.1757038880244
-48.5,161.5,416.1774563919665
-48.5,162.5,416.1831252963402
-48.5,163.5,416.1861547264714
-48.5,164.5,416.1901779157698
-48.5,165.5,416.1935763551613
-48.5,166.5,416.199700437142
-48.5,167.5,416.2020034549093
-48.5,168.5,416.2080489211224
-48.5,169.5,416.2101986516403
-48.5,170.5,416.2116416495242
-48.5,171.5,416.2119133466292
-48.5,172.5,416.21671866788506
-48.5,173.5,416.2164213097557
-48.5,174.5,416.2170183174904
-48.5,175.5,416.2183785559028
-48.5,176.5,416.2168960853943
-48.5,177.5,416.2194776535167
-48.5,178.5,416.2192616041291
-48.5,179.5,416.2182956394262
-47.5,-179.5,416.24413979535336
-47.5,-178.5,416.24229326201134
-47.5,-177.5,416.2420724535267
-47.5,-176.5,416.241211148584
-47.5,-175.5,416.23761317299966
-47.5,-174.5,416.2355095923486
-47.5,-173.5,416.2324898700945
-47.5,-172.5,416.22992449605687
-47.5,-171.5,416.227600369008
-47.5,-170.5,416.2253387671696
-47.5,-169.5,416.2258176214798
-47.5,-168.5,416.2271426960775
-47.5,-167.5,416.2277321273757
-47.5,-166.5,416.2279276775527
-47.5,-165.5,416.2270630277855
-47.5,-164.5,416.2230089357793
-47.5,-163.5,416.2216533429765
-47.5,-162.5,416.219214450138
-47.5,-161.5,416.2163355242849
-47.5,-160.5,416.2162633508759
-47.5,-159.5,416.2143036888244
-47.5,-158.5,416.21197740300624
-47.5,-157.5,416.2097776688354
-47.5,-156.5,416.205906273524
-47.5,-155.5,416.2053658013325
-47.5,-154.5,416.2061824541664
-47.5,-153.5,416.2013241884473
-47.5,-152.5,416.2006416429031
-47.5,-151.5,416.2017606018448
-47.5,-150.5,416.1983820185152
-47.5,-149.5,416.1998140270728
-47.5,-148.5,416.19939039217473
-47.5,-147.5,416.1991311032908
-47.5,-146.5,416.19878985245055
-47.5,-145.5,416.1962954588548
-47.5,-144.5,416.1956727588616
-47.5,-143.5,416.1946971477949
-47.5,-142.5,416.1946123160179
-47.5,-141.5,416.1935640938111
-47.5,-140.5,416.1939146282087
-47.5,-139.5,416.194684975335
-47.5,-138.5,416.1945180352688
-47.5,-137.5,416.1959483353182
-47.5,-136.5,416.1987944651996
-47.5,-135.5,416.19989881896345
-47.5,-134.5,416.1988105008109
-47.5,-133.5,416.20252232529214
-47.5,-132.5,416.2030186067336
-47.5,-131.5,416.2043755006328
-47.5,-130.5,416.20500669182
-47.5,-129.5,416.20739562689175
-47.5,-128.5,416.2086052415961
-47.5,-127.5,416.20840608534206
-47.5,-126.5,416.20904736227226
-47.5,-125.5,416.2071103716899
-47.5,-124.5,416.2066873205794
-47.5,-123.5,416.205239722296
-47.5,-122.5,416.2036543117365
-47.5,-121.5,416.2001285233389
-47.5,-120.5,416.1976436751128
-47.5,-119.5,416.1954558832916
-47.5,-118.5,416.19374882052375
-47.5,-117.5,416.1908111703861
-47.5,-116.5,416.1888188599087
-47.5,-115.5,416.1866893095578
-47.5,-114.5,416.18466415162953
-47.5,-113.5,416.18156336336256
-47.5,-112.5,416.18012375291926
-47.5,-111.5,416.1797913769763
-47.5,-110.5,416.177806530904
-47.5,-109.5,416.1770761174167
-47.5,-108.5,416.1741985098764
-47.5,-107.5,416.1734312620856
-47.5,-106.5,416.17362576890446
-47.5,-105.5,416.1719413240904
-47.5,-104.5,416.1714376958532
-47.5,-103.5,416.1686309534723
-47.5,-102.5,416.1666527639196
-47.5,-101.5,416.1641109291105
-47.5,-100.5,416.1599656030608
-47.5,-99.5,416.1562451044247
-47.5,-98.5,416.153260391729
-47.5,-97.5,416.1530494718303
-47.5,-96.5,416.1508047447911
-47.5,-95.5,416.1489468173955
-47.5,-94.5,416.1474575163339
-47.5,-93.5,416.1478518001941
-47.5,-92.5,416.1467866628592
-47.5,-91.5,416.1467397840437
-47.5,-90.5,416.145856557301
-47.5,-89.5,416.1478961040564
-47.5,-88.5,416.1464584809698
-47.5,-87.5,416.1469437342546
-47.5,-86.5,416.14504102035113
-47.5,-85.5,416.1451981827077
-47.5,-84.5,416.1444042297644
-47.5,-83.5,416.1455286742389
-47.5,-82.5,416.1457212290859
-47.5,-81.5,416.1449112113395
-47.5,-80.5,416.1461733344087
-47.5,-79.5,416.1473925475367
-47.5,-78.5,416.1487560844233
-47.5,-77.5,416.1505883138668
-47.5,-76.5,416.1515329565748
-47.5,-75.5,416.1593363446352
-47.5,-74.5,416.1547315151622
-47.5,-73.5,416.0896632722428
-47.5,-72.5,416.1219146350704
-47.5,-71.5,416.12269010645673
-47.5,-70.5,416.14030218086094
-47.5,-69.5,416.1199221644226
-47.5,-68.5,416.1691537940888
-47.5,-67.5,416.1844889994933
-47.5,-66.5,416.17810616678577
-47.5,-65.5,416.1870517858922
-47.5,-64.5,416.1873837202908
-47.5,-63.5,416.18557732525
-47.5,-62.5,416.18247481809095
-47.5,-61.5,416.1813946673948
-47.5,-60.5,416.1781782558498
-47.5,-59.5,416.1752102940719
-47.5,-58.5,416.1713535378364
-47.5,-57.5,416.1676165892528
-47.5,-56.5,416.1641202368612
-47.5,-55.5,416.1615145418737
-47.5,-54.5,416.1579510616792
-47.5,-53.5,416.1541617612338
-47.5,-52.5,416.1505825871567
-47.5,-51.5,416.14769075551646
-47.5,-50.5,416.14344468989145
-47.5,-49.5,416.1395745192024
-47.5,-48.5,416.1358919376735
-47.5,-47.5,416.1323191179744
-47.5,-46.5,416.1285958021927
-47.5,-45.5,416.12456394573474
-47.5,-44.5,416.1215604103619
-47.5,-43.5,416.1174521039207
-47.5,-42.5,416.115367300135
-47.5,-41.5,416.11238661994287
-47.5,-40.5,416.10979872546017
-47.5,-39.5,416.1083289725399
-47.5,-38.5,416.1042394704091
-47.5,-37.5,416.1017911668336
-47.5,-36.5,416.0983416150348
-47.5,-35.5,416.0960342266539
-47.5,-34.5,416.0955264326765
-47.5,-33.5,416.0920985608551
-47.5,-32.5,416.0912127408176
-47.5,-31.5,416.09015675018657
-47.5,-30.5,416.08835183620806
-47.5,-29.5,416.0863087817274
-47.5,-28.5,416.0867570561287
-47.5,-27.5,416.083525292687
-47.5,-26.5,416.0819113618724
-47.5,-25.5,416.08392331199633
-47.5,-24.5,416.0830629936687
-47.5,-23.5,416.079584356051
-47.5,-22.5,416.07847054760725
-47.5,-21.5,416.0815204173176
-47.5,-20.5,416.0804363889527
-47.5,-19.5,416.07976866417954
-47.5,-18.5,416.0793576416538
-47.5,-17.5,416.0802773211661
-47.5,-16.5,416.0797737335519
-47.5,-15.5,416.0798613970629
-47.5,-14.5,416.08000788426426
-47.5,-13.5,416.0806380079031
-47.5,-12.5,416.0770385028045
-47.5,-11.5,416.083176679711
-47.5,-10.5,416.0834184169968
-47.5,-9.5,416.0784896285464
-47.5,-8.5,416.0843801373716
-47.5,-7.5,416.0813728293663
-47.5,-6.5,416.0859756271229
-47.5,-5.5,416.0837944370388
-47.5,-4.5,416.0852133507221
-47.5,-3.5,416.0866640796691
-47.5,-2.5,416.0907122364662
-47.5,-1.5,416.0915937153589
-47.5,-0.5,416.09234617463767
-47.5,0.5,416.0931392384746
-47.5,1.5,416.0908780980531
-47.5,2.5,416.0920928764433
-47.5,3.5,416.0938733890496
-47.5,4.5,416.0958998553954
-47.5,5.5,416.097872937688
-47.5,6.5,416.10362792347377
-47.5,7.5,416.1057580447196
-47.5,8.5,416.1041866659528
-47.5,9.5,416.104256618696
-47.5,10.5,416.1108671359809
-47.5,11.5,416.1095489978113
-47.5,12.5,416.1097851764172
-47.5,13.5,416.1118577394472
-47.5,14.5,416.1168151939031
-47.5,15.5,416.1159262386796
-47.5,16.5,416.1176501186532
-47.5,17.5,416.1223271886899
-47.5,18.5,416.12068418105775
-47.5,19.5,416.1239477484209
-47.5,20.5,416.1287416224253
-47.5,21.5,416.1290032445223
-47.5,22.5,416.1317787467288
-47.5,23.5,416.1332111530827
-47.5,24.5,416.1371647267658
-47.5,25.5,416.1402210915434
-47.5,26.5,416.1415635063258
-47.5,27.5,416.1441083024255
-47.5,28.5,416.1459802767764
-47.5,29.5,416.14880545727726
-47.5,30.5,416.14969218403127
-47.5,31.5,416.1517709782301
-47.5,32.5,416.15455238029
-47.5,33.5,416.1557939361794
-47.5,34.5,416.1593840588257
-47.5,35.5,416.16108163997774
-47.5,36.5,416.1638781268306
-47.5,37.5,416.16792969049663
-47.5,38.5,416.1701350149148
-47.5,39.5,416.1736131167851
-47.5,40.5,416.17549557571925
-47.5,41.5,416.1749730508861
-47.5,42.5,416.1778447837074
-47.5,43.5,416.1811377887303
-47.5,44.5,416.1808993473759
-47.5,45.5,416.1844625690719
-47.5,46.5,416.18832589917474
-47.5,47.5,416.1867312990008
-47.5,48.5,416.190756364842
-47.5,49.5,416.1886212137148
-47.5,50.5,416.1914332849316
-47.5,51.5,416.1957014812108
-47.5,52.5,416.1961073593911
-47.5,53.5,416.1959509697873
-47.5,54.5,416.19426028042176
-47.5,55.5,416.1938938346589
-47.5,56.5,416.1939117569469
-47.5,57.5,416.1936216340224
-47.5,58.5,416.1930150080004
-47.5,59.5,416.1927460741157
-47.5,60.5,416.1949571888575
-47.5,61.5,416.19912541308565
-47.5,62.5,416.1974015399597
-47.5,63.5,416.1998152578968
-47.5,64.5,416.1965475771548
-47.5,65.5,416.1972769236916
-47.5,66.5,416.1979178148184
-47.5,67.5,416.2015850848198
-47.5,68.5,416.2011009399673
-47.5,69.5,416.20015110259095
-47.5,70.5,416.19875498160553
-47.5,71.5,416.19437470743344
-47.5,72.5,416.1938001816617
-47.5,73.5,416.1965063321932
-47.5,74.5,416.196365931076
-47.5,75.5,416.1932480260733
-47.5,76.5,416.1926465160999
-47.5,77.5,416.1942755302803
-47.5,78.5,416.1907982187961
-47.5,79.5,416.1895295717158
-47.5,80.5,416.1878178710085
-47.5,81.5,416.1846235010312
-47.5,82.5,416.1873651005227
-47.5,83.5,416.1864018942771
-47.5,84.5,416.1831699716337
-47.5,85.5,416.1814122762713
-47.5,86.5,416.1769348774921
-47.5,87.5,416.1777790673611
-47.5,88.5,416.1761490301797
-47.5,89.5,416.1749605105432
-47.5,90.5,416.1690514326623
-47.5,91.5,416.1703105379225
-47.5,92.5,416.168686558799
-47.5,93.5,416.16715373589705
-47.5,94.5,416.1637180337451
-47.5,95.5,416.1585386950793
-47.5,96.5,416.15947870636313
-47.5,97.5,416.1577431417245
-47.5,98.5,416.1541320846054
-47.5,99.5,416.1493853861016
-47.5,100.5,416.1510891014613
-47.5,101.5,416.1489332491528
-47.5,102.5,416.145221418048
-47.5,103.5,416.1437415704895
-47.5,104.5,416.1426424765516
-47.5,105.5,416.1394019134296
-47.5,106.5,416.1385530842236
-47.5,107.5,416.1357085938772
-47.5,108.5,416.13447240225526
-47.5,109.5,416.1318152446471
-47.5,110.5,416.132856325996
-47.5,111.5,416.1304883656484
-47.5,112.5,416.13159557114216
-47.5,113.5,416.1300382162756
-47.5,114.5,416.1284655296666
-47.5,115.5,416.1287022575506
-47.5,116.5,416.1285541642261
-47.5,117.5,416.1307427183616
-47.5,118.5,416.1329383706826
-47.5,119.5,416.1319074941548
-47.5,120.5,416.1355225307444
-47.5,121.5,416.1372434173138
-47.5,122.5,416.1392330414948
-47.5,123.5,416.1409999260994
-47.5,124.5,416.14391452040513
-47.5,125.5,416.1454046524944
-47.5,126.5,416.14873329478326
-47.5,127.5,416.148950689255
-47.5,128.5,416.15112739799946
-47.5,129.5,416.1546714850825
-47.5,130.5,416.1566932633448
-47.5,131.5,416.15813138831686
-47.5,132.5,416.1608077002198
-47.5,133.5,416.16085451028175
-47.5,134.5,416.1579345904533
-47.5,135.5,416.1601519028891
-47.5,136.5,416.16182785973245
-47.5,137.5,416.16505199014256
-47.5,138.5,416.1658248329267
-47.5,139.5,416.1688044648212
-47.5,140.5,416.1704808064173
-47.5,141.5,416.17212828601055
-47.5,142.5,416.1737018808309
-47.5,143.5,416.1750140052936
-47.5,144.5,416.1743322534936
-47.5,145.5,416.1756652240368
-47.5,146.5,416.1789184927598
-47.5,147.5,416.18092050508005
-47.5,148.5,416.1811490474432
-47.5,149.5,416.1852030026357
-47.5,150.5,416.1883306640491
-47.5,151.5,416.1902646799095
-47.5,152.5,416.19319751552206
-47.5,153.5,416.1944402748826
-47.5,154.5,416.2001522721088
-47.5,155.5,416.20020463275614
-47.5,156.5,416.2022353202816
-47.5,157.5,416.2076637187099
-47.5,158.5,416.2081214069732
-47.5,159.5,416.2088314352269
-47.5,160.5,416.2101924408031
-47.5,161.5,416.2088205925598
-47.5,162.5,416.21327310365854
-47.5,163.5,416.216404490439
-47.5,164.5,416.2208130869206
-47.5,165.5,416.2229713631822
-47.5,166.5,416.2321797632481
-47.5,167.5,416.2414105243075
-47.5,168.5,416.2484211394252
-47.5,169.5,416.2510384287118
-47.5,170.5,416.2492854013568
-47.5,171.5,416.2471755898286
-47.5,172.5,416.2464236379492
-47.5,173.5,416.244996507195
-47.5,174.5,416.24627762163226
-47.5,175.5,416.2474644864002
-47.5,176.5,416.2470998045347
-47.5,177.5,416.24682782668447
-47.5,178.5,416.24644249405833
-47.5,179.5,416.2454476823124
-46.5,-179.5,416.2706129699331
-46.5,-178.5,416.2694446410076
-46.5,-177.5,416.2677892596112
-46.5,-176.5,416.2660016833497
-46.5,-175.5,416.2618983358333
-46.5,-174.5,416.2594281150713
-46.5,-173.5,416.2559620984259
-46.5,-172.5,416.2527415912401
-46.5,-171.5,416.25022667035495
-46.5,-170.5,416.2484489846783
-46.5,-169.5,416.2474756024855
-46.5,-168.5,416.2458007438937
-46.5,-167.5,416.24616458291433
-46.5,-166.5,416.2460840659019
-46.5,-165.5,416.24280350067056
-46.5,-164.5,416.241622427828
-46.5,-163.5,416.2378414680076
-46.5,-162.5,416.2366216497686
-46.5,-161.5,416.2361124285452
-46.5,-160.5,416.2314552146479
-46.5,-159.5,416.2304581829749
-46.5,-158.5,416.2261348812074
-46.5,-157.5,416.2245734639722
-46.5,-156.5,416.2250363002217
-46.5,-155.5,416.2234146262183
-46.5,-154.5,416.2252123194558
-46.5,-153.5,416.2217483838807
-46.5,-152.5,416.2225552522326
-46.5,-151.5,416.2194624003507
-46.5,-150.5,416.2189122451232
-46.5,-149.5,416.22067820164114
-46.5,-148.5,416.22069465991495
-46.5,-147.5,416.2205476342427
-46.5,-146.5,416.2202890862735
-46.5,-145.5,416.21829152645546
-46.5,-144.5,416.2174399965491
-46.5,-143.5,416.217435630911
-46.5,-142.5,416.2163964107408
-46.5,-141.5,416.21497614441694
-46.5,-140.5,416.2175301518113
-46.5,-139.5,416.2179662638361
-46.5,-138.5,416.2212013951716
-46.5,-137.5,416.2228893203773
-46.5,-136.5,416.2228295614229
-46.5,-135.5,416.2255691230855
-46.5,-134.5,416.22716588727
-46.5,-133.5,416.22886349021553
-46.5,-132.5,416.22990903088856
-46.5,-131.5,416.23202218139545
-46.5,-130.5,416.23392914981736
-46.5,-129.5,416.2345944178595
-46.5,-128.5,416.2363313725977
-46.5,-127.5,416.2365278552524
-46.5,-126.5,416.23638970646704
-46.5,-125.5,416.23610220542713
-46.5,-124.5,416.2338243747167
-46.5,-123.5,416.232528857132
-46.5,-122.5,416.2313871214138
-46.5,-121.5,416.2291209927416
-46.5,-120.5,416.22665067906354
-46.5,-119.5,416.224596088307
-46.5,-118.5,416.2231545857057
-46.5,-117.5,416.2218388904743
-46.5,-116.5,416.21908032831936
-46.5,-115.5,416.2173358079838
-46.5,-114.5,416.2153166656392
-46.5,-113.5,416.2136094321268
-46.5,-112.5,416.21103733983466
-46.5,-111.5,416.2107891668333
-46.5,-110.5,416.20778744199794
-46.5,-109.5,416.208381030094
-46.5,-108.5,416.2064541797048
-46.5,-107.5,416.2058293781953
-46.5,-106.5,416.2053064110704
-46.5,-105.5,416.20387817216965
-46.5,-104.5,416.20331061753257
-46.5,-103.5,416.20095061665575
-46.5,-102.5,416.1992488974042
-46.5,-101.5,416.1957187691916
-46.5,-100.5,416.19317511383593
-46.5,-99.5,416.19012653527057
-46.5,-98.5,416.189253994312
-46.5,-97.5,416.1870901344364
-46.5,-96.5,416.1853910719704
-46.5,-95.5,416.1857581740403
-46.5,-94.5,416.18459692308846
-46.5,-93.5,416.1836110521284
-46.5,-92.5,416.1835305458105
-46.5,-91.5,416.18339862751657
-46.5,-90.5,416.18459497455376
-46.5,-89.5,416.1836075258973
-46.5,-88.5,416.183837347588
-46.5,-87.5,416.18343937866695
-46.5,-86.5,416.18238634055547
-46.5,-85.5,416.183093068146
-46.5,-84.5,416.18292074159336
-46.5,-83.5,416.1847582459242
-46.5,-82.5,416.1851597941662
-46.5,-81.5,416.1846987965021
-46.5,-80.5,416.18534813531176
-46.5,-79.5,416.1860714922615
-46.5,-78.5,416.18780270585546
-46.5,-77.5,416.1884480981038
-46.5,-76.5,416.1900573185316
-46.5,-75.5,416.1832978104204
-46.5,-74.5,416.2006152653112
-46.5,-73.5,416.17608004897687
-46.5,-72.5,416.1480101256453
-46.5,-71.5,416.1643330106539
-46.5,-70.5,416.20091599465377
-46.5,-69.5,416.2132627573762
-46.5,-68.5,416.2082100374377
-46.5,-67.5,416.2248465966376
-46.5,-66.5,416.2360320009985
-46.5,-65.5,416.2308682901121
-46.5,-64.5,416.2272438849175
-46.5,-63.5,416.2247862433847
-46.5,-62.5,416.22228843003256
-46.5,-61.5,416.2189908466054
-46.5,-60.5,416.2159538938468
-46.5,-59.5,416.21109597460367
-46.5,-58.5,416.2073074498419
-46.5,-57.5,416.2035068003304
-46.5,-56.5,416.2016863018305
-46.5,-55.5,416.1991718767531
-46.5,-54.5,416.1964089948199
-46.5,-53.5,416.1929643881075
-46.5,-52.5,416.1893965493141
-46.5,-51.5,416.1848372530234
-46.5,-50.5,416.18110454541824
-46.5,-49.5,416.1776401509476
-46.5,-48.5,416.172920442599
-46.5,-47.5,416.1665865877387
-46.5,-46.5,416.163178703064
-46.5,-45.5,416.1585783712872
-46.5,-44.5,416.1535491989388
-46.5,-43.5,416.1505619143232
-46.5,-42.5,416.147113229453
-46.5,-41.5,416.1456008724186
-46.5,-40.5,416.14250149628566
-46.5,-39.5,416.1412030857492
-46.5,-38.5,416.137440140766
-46.5,-37.5,416.1353133000935
-46.5,-36.5,416.1335555468123
-46.5,-35.5,416.1307654285737
-46.5,-34.5,416.1299345918717
-46.5,-33.5,416.1269900418599
-46.5,-32.5,416.1259901912797
-46.5,-31.5,416.1249580689012
-46.5,-30.5,416.12274974112734
-46.5,-29.5,416.12031734441257
-46.5,-28.5,416.1205073963668
-46.5,-27.5,416.1174292109821
-46.5,-26.5,416.1175749631721
-46.5,-25.5,416.1187572837803
-46.5,-24.5,416.11814444805896
-46.5,-23.5,416.1184893466999
-46.5,-22.5,416.1179187162833
-46.5,-21.5,416.1144030515979
-46.5,-20.5,416.1144178411657
-46.5,-19.5,416.11795563887335
-46.5,-18.5,416.1198771426136
-46.5,-17.5,416.11992659651366
-46.5,-16.5,416.11569556141006
-46.5,-15.5,416.1203598389213
-46.5,-14.5,416.12094835962455
-46.5,-13.5,416.1214081771428
-46.5,-12.5,416.1218913330589
-46.5,-11.5,416.1236735957051
-46.5,-10.5,416.1243376668321
-46.5,-9.5,416.1249908082336
-46.5,-8.5,416.1257622670431
-46.5,-7.5,416.12269915022887
-46.5,-6.5,416.1278917209029
-46.5,-5.5,416.1254297184586
-46.5,-4.5,416.1267679454119
-46.5,-3.5,416.1284131970966
-46.5,-2.5,416.1333270891811
-46.5,-1.5,416.13496573901216
-46.5,-0.5,416.1330711708655
-46.5,0.5,416.1374437295195
-46.5,1.5,416.1352175568575
-46.5,2.5,416.1365652300667
-46.5,3.5,416.1417796839662
-46.5,4.5,416.1400234279108
-46.5,5.5,416.1419620568435
-46.5,6.5,416.1476226512269
-46.5,7.5,416.1461068013593
-46.5,8.5,416.1477472936284
-46.5,9.5,416.1526642225095
-46.5,10.5,416.1511311704572
-46.5,11.5,416.1526953341753
-46.5,12.5,416.15535208995374
-46.5,13.5,416.15742981180887
-46.5,14.5,416.15706811645583
-46.5,15.5,416.159021911372
-46.5,16.5,416.1613473865804
-46.5,17.5,416.1662198246034
-46.5,18.5,416.1665215858979
-46.5,19.5,416.16970907888606
-46.5,20.5,416.1718422696504
-46.5,21.5,416.1736248972516
-46.5,22.5,416.1761463410224
-46.5,23.5,416.179318451514
-46.5,24.5,416.17937659492975
-46.5,25.5,416.1837312775417
-46.5,26.5,416.18670786895433
-46.5,27.5,416.1872675680887
-46.5,28.5,416.190847239176
-46.5,29.5,416.19331201652255
-46.5,30.5,416.19606953878895
-46.5,31.5,416.1982083267415
-46.5,32.5,416.2019085184612
-46.5,33.5,416.2041589637046
-46.5,34.5,416.2089265237456
-46.5,35.5,416.2123979173906
-46.5,36.5,416.2166653304696
-46.5,37.5,416.2205235405293
-46.5,38.5,416.21959519022334
-46.5,39.5,416.2266150193704
-46.5,40.5,416.22703292246
-46.5,41.5,416.2303919489867
-46.5,42.5,416.2327123901827
-46.5,43.5,416.23321051132
-46.5,44.5,416.2345778151061
-46.5,45.5,416.2400438470923
-46.5,46.5,416.2385872017454
-46.5,47.5,416.241551325752
-46.5,48.5,416.2418488743991
-46.5,49.5,416.2394550395583
-46.5,50.5,416.2437393015552
-46.5,51.5,416.245010145109
-46.5,52.5,416.2408883764429
-46.5,53.5,416.2487789844236
-46.5,54.5,416.2451920159341
-46.5,55.5,416.2482431877271
-46.5,56.5,416.247689373059
-46.5,57.5,416.2473201326101
-46.5,58.5,416.2464106343988
-46.5,59.5,416.2457156341752
-46.5,60.5,416.24714315255005
-46.5,61.5,416.2470591100398
-46.5,62.5,416.24744866888494
-46.5,63.5,416.2479455832808
-46.5,64.5,416.2484073105727
-46.5,65.5,416.2488828678625
-46.5,66.5,416.2450470652485
-46.5,67.5,416.2444429177854
-46.5,68.5,416.24353640686434
-46.5,69.5,416.2458659777377
-46.5,70.5,416.2445190166773
-46.5,71.5,416.2432370310893
-46.5,72.5,416.2400167598981
-46.5,73.5,416.24007867793705
-46.5,74.5,416.2398165547047
-46.5,75.5,416.2391012271663
-46.5,76.5,416.2406586843655
-46.5,77.5,416.2370845958278
-46.5,78.5,416.2354345263651
-46.5,79.5,416.2358927594552
-46.5,80.5,416.2316661665041
-46.5,81.5,416.22994442261904
-46.5,82.5,416.2283955220439
-46.5,83.5,416.2268683162022
-46.5,84.5,416.2255079027454
-46.5,85.5,416.2233555477362
-46.5,86.5,416.221377233583
-46.5,87.5,416.2195871693477
-46.5,88.5,416.2183217739657
-46.5,89.5,416.2171574686497
-46.5,90.5,416.2159431733692
-46.5,91.5,416.2129055705184
-46.5,92.5,416.211639108781
-46.5,93.5,416.2069277121872
-46.5,94.5,416.20873575188216
-46.5,95.5,416.2041316277862
-46.5,96.5,416.20047373249935
-46.5,97.5,416.2021466159604
-46.5,98.5,416.2007436130015
-46.5,99.5,416.1975830596441
-46.5,100.5,416.1963308483064
-46.5,101.5,416.1913504815652
-46.5,102.5,416.1903958482784
-46.5,103.5,416.1869733844832
-46.5,104.5,416.1857443972159
-46.5,105.5,416.18503989839127
-46.5,106.5,416.183491668616
-46.5,107.5,416.1814026479375
-46.5,108.5,416.1796423157431
-46.5,109.5,416.1755196204349
-46.5,110.5,416.17649987253566
-46.5,111.5,416.17359957052327
-46.5,112.5,416.1720120238785
-46.5,113.5,416.1725206126366
-46.5,114.5,416.17170977562097
-46.5,115.5,416.1718588301006
-46.5,116.5,416.1737660094458
-46.5,117.5,416.17348689905793
-46.5,118.5,416.1760067878627
-46.5,119.5,416.1771378533397
-46.5,120.5,416.17900220641616
-46.5,121.5,416.18279046461487
-46.5,122.5,416.1845161435246
-46.5,123.5,416.18639314196906
-46.5,124.5,416.1877276267552
-46.5,125.5,416.1913538644416
-46.5,126.5,416.19326905012633
-46.5,127.5,416.1938693754746
-46.5,128.5,416.1959436591212
-46.5,129.5,416.1980532480371
-46.5,130.5,416.2008629681294
-46.5,131.5,416.2014937968434
-46.5,132.5,416.2030746028583
-46.5,133.5,416.20257942371234
-46.5,134.5,416.20111553136144
-46.5,135.5,416.201210297794
-46.5,136.5,416.2030099417661
-46.5,137.5,416.2045262403145
-46.5,138.5,416.2048854241394
-46.5,139.5,416.2062340125908
-46.5,140.5,416.20661678057866
-46.5,141.5,416.2068404397655
-46.5,142.5,416.20842713778734
-46.5,143.5,416.20914570123807
-46.5,144.5,416.2093510306856
-46.5,145.5,416.2105571152642
-46.5,146.5,416.21245913593896
-46.5,147.5,416.2136645142472
-46.5,148.5,416.2168859993058
-46.5,149.5,416.2188071397839
-46.5,150.5,416.2222727989926
-46.5,151.5,416.2249181319382
-46.5,152.5,416.2284280984799
-46.5,153.5,416.22862294545297
-46.5,154.5,416.2323955324024
-46.5,155.5,416.2349742092625
-46.5,156.5,416.2331777989882
-46.5,157.5,416.23713478034574
-46.5,158.5,416.2346860278295
-46.5,159.5,416.23849361164525
-46.5,160.5,416.2403762312576
-46.5,161.5,416.242543951653
-46.5,162.5,416.2448225994352
-46.5,163.5,416.2433983197027
-46.5,164.5,416.2498617400345
-46.5,165.5,416.25667140980926
-46.5,166.5,416.2722825487568
-46.5,167.5,416.2780934353335
-46.5,168.5,416.3043140343585
-46.5,169.5,416.3021109609072
-46.5,170.5,416.3009228161852
-46.5,171.5,416.28658175713656
-46.5,172.5,416.2802207294402
-46.5,173.5,416.2762045745515
-46.5,174.5,416.2752674272913
-46.5,175.5,416.2744210978777
-46.5,176.5,416.27447654260527
-46.5,177.5,416.2743801810842
-46.5,178.5,416.2739333680533
-46.5,179.5,416.2729677350035
-45.5,-179.5,416.2947105808705
-45.5,-178.5,416.2926693805593
-45.5,-177.5,416.2923515907905
-45.5,-176.5,416.28855341386657
-45.5,-175.5,416.28527405770615
-45.5,-174.5,416.2816718497425
-45.5,-173.5,416.27802640860216
-45.5,-172.5,416.27531069566345
-45.5,-171.5,416.27220386001466
-45.5,-170.5,416.2692745133505
-45.5,-169.5,416.26708008669806
-45.5,-168.5,416.26507197167496
-45.5,-167.5,416.2646292315518
-45.5,-166.5,416.2630914776452
-45.5,-165.5,416.2599274125048
-45.5,-164.5,416.25906126131935
-45.5,-163.5,416.258203763698
-45.5,-162.5,416.25565345173305
-45.5,-161.5,416.25337284703386
-45.5,-160.5,416.2501984328479
-45.5,-159.5,416.2471668541584
-45.5,-158.5,416.2472244228369
-45.5,-157.5,416.2451894345035
-45.5,-156.5,416.244320116841
-45.5,-155.5,416.2445639533019
-45.5,-154.5,416.2447706704312
-45.5,-153.5,416.24270742807073
-45.5,-152.5,416.241586084234
-45.5,-151.5,416.2422181585787
-45.5,-150.5,416.2417215908001
-45.5,-149.5,416.2429324160611
-45.5,-148.5,416.2436571733943
-45.5,-147.5,416.2417346635084
-45.5,-146.5,416.24334994474646
-45.5,-145.5,416.2428936646048
-45.5,-144.5,416.2420165737668
-45.5,-143.5,416.2409677078292
-45.5,-142.5,416.2416103114877
-45.5,-141.5,416.24096290990434
-45.5,-140.5,416.2423321027578
-45.5,-139.5,416.2436115841152
-45.5,-138.5,416.2473710045236
-45.5,-137.5,416.247604949186
-45.5,-136.5,416.2471468301029
-45.5,-135.5,416.2500130152464
-45.5,-134.5,416.25191903092303
-45.5,-133.5,416.2550613148567
-45.5,-132.5,416.2561002609594
-45.5,-131.5,416.25827766082847
-45.5,-130.5,416.2590563084099
-45.5,-129.5,416.2617244709232
-45.5,-128.5,416.2608968543379
-45.5,-127.5,416.2613094590831
-45.5,-126.5,416.2614339450007
-45.5,-125.5,416.2621332391392
-45.5,-124.5,416.26106693726666
-45.5,-123.5,416.2591656627715
-45.5,-122.5,416.2569271541728
-45.5,-121.5,416.2554806600332
-45.5,-120.5,416.25472888353937
-45.5,-119.5,416.2538348135838
-45.5,-118.5,416.2522325651205
-45.5,-117.5,416.2505378112446
-45.5,-116.5,416.24917620967113
-45.5,-115.5,416.24764015238486
-45.5,-114.5,416.24522159501424
-45.5,-113.5,416.2443295643912
-45.5,-112.5,416.2423999108964
-45.5,-111.5,416.2417684413245
-45.5,-110.5,416.2406893749754
-45.5,-109.5,416.2388359227061
-45.5,-108.5,416.23838814265366
-45.5,-107.5,416.2387370938292
-45.5,-106.5,416.2358524556831
-45.5,-105.5,416.23545377347455
-45.5,-104.5,416.2338526143134
-45.5,-103.5,416.2317805147334
-45.5,-102.5,416.2315314864833
-45.5,-101.5,416.22774920947336
-45.5,-100.5,416.22676341122
-45.5,-99.5,416.2258907325987
-45.5,-98.5,416.2239101104737
-45.5,-97.5,416.2222049318624
-45.5,-96.5,416.2221671426561
-45.5,-95.5,416.2210611334883
-45.5,-94.5,416.220604605837
-45.5,-93.5,416.21971022951504
-45.5,-92.5,416.2208234774217
-45.5,-91.5,416.2202318535618
-45.5,-90.5,416.2201426781946
-45.5,-89.5,416.2195698795428
-45.5,-88.5,416.2197057442997
-45.5,-87.5,416.2189169518148
-45.5,-86.5,416.2216674993334
-45.5,-85.5,416.2214804637599
-45.5,-84.5,416.2218637349705
-45.5,-83.5,416.2221088036186
-45.5,-82.5,416.2226908922254
-45.5,-81.5,416.2243923121574
-45.5,-80.5,416.22518958403793
-45.5,-79.5,416.2246867213171
-45.5,-78.5,416.2256162999562
-45.5,-77.5,416.2264796726541
-45.5,-76.5,416.2272888804301
-45.5,-75.5,416.2327392684728
-45.5,-74.5,416.2367705621961
-45.5,-73.5,416.26406817421565
-45.5,-72.5,416.222891678614
-45.5,-71.5,416.2244998783277
-45.5,-70.5,416.2477969443628
-45.5,-69.5,416.2496977053912
-45.5,-68.5,416.2513962511124
-45.5,-67.5,416.2494380387867
-45.5,-66.5,416.2680401527078
-45.5,-65.5,416.2744444641413
-45.5,-64.5,416.269656805314
-45.5,-63.5,416.2662114302021
-45.5,-62.5,416.26300672337794
-45.5,-61.5,416.2590880064954
-45.5,-60.5,416.2550196074304
-45.5,-59.5,416.2508082066876
-45.5,-58.5,416.24756193065866
-45.5,-57.5,416.2454882002039
-45.5,-56.5,416.2422527208651
-45.5,-55.5,416.2391944656529
-45.5,-54.5,416.2364617492625
-45.5,-53.5,416.232134535916
-45.5,-52.5,416.2285930191493
-45.5,-51.5,416.2226156575941
-45.5,-50.5,416.2175281762303
-45.5,-49.5,416.213636062275
-45.5,-48.5,416.2082964400571
-45.5,-47.5,416.2038013083768
-45.5,-46.5,416.1984987300029
-45.5,-45.5,416.1938235474329
-45.5,-44.5,416.1897773376383
-45.5,-43.5,416.1865390931316
-45.5,-42.5,416.1821955395509
-45.5,-41.5,416.17980866074754
-45.5,-40.5,416.1768623180181
-45.5,-39.5,416.1761057464471
-45.5,-38.5,416.1737364050723
-45.5,-37.5,416.1706261915984
-45.5,-36.5,416.16900203331454
-45.5,-35.5,416.1677310329847
-45.5,-34.5,416.1650915257082
-45.5,-33.5,416.1626536261084
-45.5,-32.5,416.1613678904333
-45.5,-31.5,416.1591396608986
-45.5,-30.5,416.15706524427947
-45.5,-29.5,416.1561560407125
-45.5,-28.5,416.155774228068
-45.5,-27.5,416.1547935170928
-45.5,-26.5,416.1544681976114
-45.5,-25.5,416.15368583922896
-45.5,-24.5,416.1544231086472
-45.5,-23.5,416.1512783122471
-45.5,-22.5,416.1543431829099
-45.5,-21.5,416.1552234651971
-45.5,-20.5,416.15759614322207
-45.5,-19.5,416.1587480916559
-45.5,-18.5,416.1557842071394
-45.5,-17.5,416.1607136435322
-45.5,-16.5,416.1564439865721
-45.5,-15.5,416.1619047889397
-45.5,-14.5,416.16420699254434
-45.5,-13.5,416.1593574777679
-45.5,-12.5,416.159902357577
-45.5,-11.5,416.165970133201
-45.5,-10.5,416.1670110917231
-45.5,-9.5,416.1682667286554
-45.5,-8.5,416.1694113672607
-45.5,-7.5,416.1659688013443
-45.5,-6.5,416.1715226787655
-45.5,-5.5,416.1742644020553
-45.5,-4.5,416.17155217874335
-45.5,-3.5,416.1751918959116
-45.5,-2.5,416.1772164953665
-45.5,-1.5,416.17716899612617
-45.5,-0.5,416.1828993414432
-45.5,0.5,416.1808697343465
-45.5,1.5,416.1861707890052
-45.5,2.5,416.185730843916
-45.5,3.5,416.1838217480563
-45.5,4.5,416.18750163008826
-45.5,5.5,416.1929327299261
-45.5,6.5,416.1929024065888
-45.5,7.5,416.1914204256402
-45.5,8.5,416.1931608043919
-45.5,9.5,416.1945952259615
-45.5,10.5,416.1987559094425
-45.5,11.5,416.199997036057
-45.5,12.5,416.19919672393496
-45.5,13.5,416.2039121285094
-45.5,14.5,416.2034586680075
-45.5,15.5,416.2060841292519
-45.5,16.5,416.20809151249335
-45.5,17.5,416.2104319910314
-45.5,18.5,416.2127435846695
-45.5,19.5,416.21448988966216
-45.5,20.5,416.2166822230282
-45.5,21.5,416.2149839398679
-45.5,22.5,416.21999604629127
-45.5,23.5,416.2234573571095
-45.5,24.5,416.22647684389017
-45.5,25.5,416.2262025650733
-45.5,26.5,416.23023756440193
-45.5,27.5,416.2321447978537
-45.5,28.5,416.236601778011
-45.5,29.5,416.23815413454633
-45.5,30.5,416.24249624275694
-45.5,31.5,416.24530222491353
-45.5,32.5,416.2506690403926
-45.5,33.5,416.255939537964
-45.5,34.5,416.2592423755021
-45.5,35.5,416.2640459925724
-45.5,36.5,416.2684216516831
-45.5,37.5,416.2717143999856
-45.5,38.5,416.2768498824
-45.5,39.5,416.2790312073074
-45.5,40.5,416.28077812171097
-45.5,41.5,416.2831801611344
-45.5,42.5,416.2858337165136
-45.5,43.5,416.2878486770672
-45.5,44.5,416.2906533705979
-45.5,45.5,416.2918504970673
-45.5,46.5,416.2921716425397
-45.5,47.5,416.2943778378706
-45.5,48.5,416.2941755765927
-45.5,49.5,416.294025555993
-45.5,50.5,416.2912894175913
-45.5,51.5,416.2941165735608
-45.5,52.5,416.29686289615415
-45.5,53.5,416.29707687763374
-45.5,54.5,416.29403971992417
-45.5,55.5,416.2934943356056
-45.5,56.5,416.2925248343981
-45.5,57.5,416.2931972477913
-45.5,58.5,416.2953041735062
-45.5,59.5,416.2945836165514
-45.5,60.5,416.2944932102657
-45.5,61.5,416.294825879495
-45.5,62.5,416.29518520093967
-45.5,63.5,416.29535954334665
-45.5,64.5,416.2951761031433
-45.5,65.5,416.2943425594498
-45.5,66.5,416.2908163561235
-45.5,67.5,416.2936297440699
-45.5,68.5,416.2915336633856
-45.5,69.5,416.2907739558831
-45.5,70.5,416.2886933113086
-45.5,71.5,416.2910582968122
-45.5,72.5,416.2906539990938
-45.5,73.5,416.2906701827242
-45.5,74.5,416.2883728584384
-45.5,75.5,416.2871287791643
-45.5,76.5,416.2851025032561
-45.5,77.5,416.2863078602349
-45.5,78.5,416.2803004934059
-45.5,79.5,416.2810114156095
-45.5,80.5,416.27940673741534
-45.5,81.5,416.27721716944336
-45.5,82.5,416.2748201375181
-45.5,83.5,416.26977073803
-45.5,84.5,416.2697516434958
-45.5,85.5,416.2674963595943
-45.5,86.5,416.2655357864012
-45.5,87.5,416.2621091862142
-45.5,88.5,416.25806160119424
-45.5,89.5,416.2593906549955
-45.5,90.5,416.2581941059322
-45.5,91.5,416.2567386606264
-45.5,92.5,416.25552140258526
-45.5,93.5,416.2526352243434
-45.5,94.5,416.2486767219997
-45.5,95.5,416.2504828655655
-45.5,96.5,416.2462758581391
-45.5,97.5,416.24338452898553
-45.5,98.5,416.2453089939184
-45.5,99.5,416.2405554485953
-45.5,100.5,416.2428161976933
-45.5,101.5,416.2400126467604
-45.5,102.5,416.23887472804313
-45.5,103.5,416.2324936120359
-45.5,104.5,416.2334206905674
-45.5,105.5,416.2312143844501
-45.5,106.5,416.2246706560571
-45.5,107.5,416.2264721464654
-45.5,108.5,416.2246369167133
-45.5,109.5,416.222047259084
-45.5,110.5,416.2186614227018
-45.5,111.5,416.2169295023656
-45.5,112.5,416.21557231528993
-45.5,113.5,416.2163671713192
-45.5,114.5,416.2176336630825
-45.5,115.5,416.2187000825616
-45.5,116.5,416.2183377991105
-45.5,117.5,416.2174170918692
-45.5,118.5,416.2183345307866
-45.5,119.5,416.2216463798087
-45.5,120.5,416.223726858904
-45.5,121.5,416.22726119527306
-45.5,122.5,416.2275936080972
-45.5,123.5,416.23244186756506
-45.5,124.5,416.232629482367
-45.5,125.5,416.2346424928877
-45.5,126.5,416.2365418383964
-45.5,127.5,416.2383664554443
-45.5,128.5,416.2400167373536
-45.5,129.5,416.24422172558593
-45.5,130.5,416.2437268570966
-45.5,131.5,416.2448425298747
-45.5,132.5,416.2432206265095
-45.5,133.5,416.2429512996189
-45.5,134.5,416.2424608103851
-45.5,135.5,416.2427678565216
-45.5,136.5,416.243587244338
-45.5,137.5,416.2445408261872
-45.5,138.5,416.2465782097466
-45.5,139.5,416.2467849097494
-45.5,140.5,416.2446567572934
-45.5,141.5,416.2448905105226
-45.5,142.5,416.2464650688315
-45.5,143.5,416.2466430607867
-45.5,144.5,416.2468980458152
-45.5,145.5,416.2475612033455
-45.5,146.5,416.2481103857527
-45.5,147.5,416.2502291279898
-45.5,148.5,416.254274952276
-45.5,149.5,416.2581087867762
-45.5,150.5,416.259729403018
-45.5,151.5,416.26101846006975
-45.5,152.5,416.2622006812914
-45.5,153.5,416.2634099490865
-45.5,154.5,416.26439722355855
-45.5,155.5,416.2670593610111
-45.5,156.5,416.2688883740293
-45.5,157.5,416.270797593889
-45.5,158.5,416.2710605367877
-45.5,159.5,416.27006711341807
-45.5,160.5,416.26837370026726
-45.5,161.5,416.2734932642744
-45.5,162.5,416.2766307203153
-45.5,163.5,416.2761215881895
-45.5,164.5,416.2799468547525
-45.5,165.5,416.2895935389048
-45.5,166.5,416.2838219424084
-45.5,167.5,416.25889896838567
-45.5,168.5,416.2591534403072
-45.5,169.5,416.3373631645803
-45.5,170.5,416.3451801294884
-45.5,171.5,416.3297415712759
-45.5,172.5,416.32044645895553
-45.5,173.5,416.3081711298306
-45.5,174.5,416.3016782143456
-45.5,175.5,416.3003398624657
-45.5,176.5,416.30072522739454
-45.5,177.5,416.30014557934186
-45.5,178.5,416.29833483355225
-45.5,179.5,416.2959229730821
-44.5,-179.5,416.31820184500737
-44.5,-178.5,416.3160237829954
-44.5,-177.5,416.3141622771792
-44.5,-176.5,416.31076811981416
-44.5,-175.5,416.30693106562046
-44.5,-174.5,416.3032795330298
-44.5,-173.5,416.29946406786127
-44.5,-172.5,416.29619946407087
-44.5,-171.5,416.2927794811704
-44.5,-170.5,416.290380364765
-44.5,-169.5,416.2881237132224
-44.5,-168.5,416.2867608257256
-44.5,-167.5,416.2853698628777
-44.5,-166.5,416.28323421689805
-44.5,-165.5,416.2814656947328
-44.5,-164.5,416.2792685086494
-44.5,-163.5,416.2784004933436
-44.5,-162.5,416.27683868000025
-44.5,-161.5,416.2746239448983
-44.5,-160.5,416.272187781241
-44.5,-159.5,416.2698880658372
-44.5,-158.5,416.2668475128715
-44.5,-157.5,416.2666860773718
-44.5,-156.5,416.26429921399927
-44.5,-155.5,416.2656286922799
-44.5,-154.5,416.2643325366804
-44.5,-153.5,416.2665371961589
-44.5,-152.5,416.26398569186495
-44.5,-151.5,416.2626997439019
-44.5,-150.5,416.2645979550091
-44.5,-149.5,416.26531741279257
-44.5,-148.5,416.2660984141088
-44.5,-147.5,416.26477788142046
-44.5,-146.5,416.2668559495495
-44.5,-145.5,416.2658040159829
-44.5,-144.5,416.2666110280725
-44.5,-143.5,416.2647897807444
-44.5,-142.5,416.26542410278336
-44.5,-141.5,416.2642109164599
-44.5,-140.5,416.2660766509383
-44.5,-139.5,416.2685299217644
-44.5,-138.5,416.2702897559644
-44.5,-137.5,416.2709270839875
-44.5,-136.5,416.27252548450446
-44.5,-135.5,416.2721965890726
-44.5,-134.5,416.275631931639
-44.5,-133.5,416.2762850739782
-44.5,-132.5,416.2801100214514
-44.5,-131.5,416.2822817041712
-44.5,-130.5,416.2841215606536
-44.5,-129.5,416.28554050094016
-44.5,-128.5,416.2869278376744
-44.5,-127.5,416.2878782089479
-44.5,-126.5,416.2883020338356
-44.5,-125.5,416.2873662263818
-44.5,-124.5,416.2863081370447
-44.5,-123.5,416.2845352083154
-44.5,-122.5,416.28349570017446
-44.5,-121.5,416.2825873444482
-44.5,-120.5,416.2823596452784
-44.5,-119.5,416.281722685144
-44.5,-118.5,416.2811264216028
-44.5,-117.5,416.278762515479
-44.5,-116.5,416.2777123394489
-44.5,-115.5,416.2771391008076
-44.5,-114.5,416.2750790659785
-44.5,-113.5,416.2748909348812
-44.5,-112.5,416.2748854233157
-44.5,-111.5,416.273763879866
-44.5,-110.5,416.2732192227082
-44.5,-109.5,416.2716457200685
-44.5,-108.5,416.2698975562191
-44.5,-107.5,416.26866804318126
-44.5,-106.5,416.2665459608448
-44.5,-105.5,416.2658693585567
-44.5,-104.5,416.2640492035258
-44.5,-103.5,416.2632975187132
-44.5,-102.5,416.2628605815737
-44.5,-101.5,416.2603492259397
-44.5,-100.5,416.2615804322329
-44.5,-99.5,416.2595196387631
-44.5,-98.5,416.25883255868126
-44.5,-97.5,416.2590058824292
-44.5,-96.5,416.25812894554514
-44.5,-95.5,416.2575142854499
-44.5,-94.5,416.2566957622334
-44.5,-93.5,416.2576127198687
-44.5,-92.5,416.2574329438323
-44.5,-91.5,416.257267485096
-44.5,-90.5,416.2571639381828
-44.5,-89.5,416.2579439040282
-44.5,-88.5,416.2582698279853
-44.5,-87.5,416.2584684995152
-44.5,-86.5,416.25882737091166
-44.5,-85.5,416.2606749151956
-44.5,-84.5,416.2605961862197
-44.5,-83.5,416.2609712193589
-44.5,-82.5,416.2622513390068
-44.5,-81.5,416.2631180457128
-44.5,-80.5,416.2645763401341
-44.5,-79.5,416.2651573428648
-44.5,-78.5,416.2662999508585
-44.5,-77.5,416.2669774074592
-44.5,-76.5,416.2686258297154
-44.5,-75.5,416.2725682311102
-44.5,-74.5,416.27403597953776
-44.5,-73.5,416.2944990856944
-44.5,-72.5,416.2554064394162
-44.5,-71.5,416.2635369470016
-44.5,-70.5,416.27889096576826
-44.5,-69.5,416.2684781808914
-44.5,-68.5,416.2839159413045
-44.5,-67.5,416.3080682444693
-44.5,-66.5,416.30205725338845
-44.5,-65.5,416.29406448861386
-44.5,-64.5,416.3136880549488
-44.5,-63.5,416.3107666783481
-44.5,-62.5,416.306688977489
-44.5,-61.5,416.3019048511573
-44.5,-60.5,416.29631403830894
-44.5,-59.5,416.29230153787006
-44.5,-58.5,416.2896187367684
-44.5,-57.5,416.2873739677683
-44.5,-56.5,416.284750169286
-44.5,-55.5,416.28129289226393
-44.5,-54.5,416.27628897321
-44.5,-53.5,416.2709201401724
-44.5,-52.5,416.26508177399023
-44.5,-51.5,416.2597690644483
-44.5,-50.5,416.2548236345609
-44.5,-49.5,416.2480899768469
-44.5,-48.5,416.2427969466523
-44.5,-47.5,416.2382845849853
-44.5,-46.5,416.2334923589241
-44.5,-45.5,416.2289834610484
-44.5,-44.5,416.2245545782435
-44.5,-43.5,416.221158400445
-44.5,-42.5,416.2176660970064
-44.5,-41.5,416.2168085086142
-44.5,-40.5,416.2151032567232
-44.5,-39.5,416.2126370626484
-44.5,-38.5,416.21068179047546
-44.5,-37.5,416.2088244247921
-44.5,-36.5,416.20774570302
-44.5,-35.5,416.2053088246885
-44.5,-34.5,416.2028358529714
-44.5,-33.5,416.199984914425
-44.5,-32.5,416.1973249305107
-44.5,-31.5,416.1961223485218
-44.5,-30.5,416.1929656603718
-44.5,-29.5,416.1923651419772
-44.5,-28.5,416.190864216844
-44.5,-27.5,416.18934501083527
-44.5,-26.5,416.1912653895201
-44.5,-25.5,416.1921249827552
-44.5,-24.5,416.1926313843554
-44.5,-23.5,416.1925428484986
-44.5,-22.5,416.19291176389225
-44.5,-21.5,416.1916124542741
-44.5,-20.5,416.1975301081861
-44.5,-19.5,416.19969307730366
-44.5,-18.5,416.2019232627756
-44.5,-17.5,416.2001460214179
-44.5,-16.5,416.20658595610473
-44.5,-15.5,416.20766890548407
-44.5,-14.5,416.2035096376648
-44.5,-13.5,416.2100376801188
-44.5,-12.5,416.211146014057
-44.5,-11.5,416.2125025486043
-44.5,-10.5,416.2083359857401
-44.5,-9.5,416.21162229682426
-44.5,-8.5,416.2181218831208
-44.5,-7.5,416.2190504423012
-44.5,-6.5,416.21499252506754
-44.5,-5.5,416.2204994939154
-44.5,-4.5,416.2169184277794
-44.5,-3.5,416.2184156622996
-44.5,-2.5,416.2204639468524
-44.5,-1.5,416.2269070611858
-44.5,-0.5,416.22900343808175
-44.5,0.5,416.23086258790966
-44.5,1.5,416.2325498607663
-44.5,2.5,416.23425852998633
-44.5,3.5,416.2326403556814
-44.5,4.5,416.2377564869618
-44.5,5.5,416.2391514815467
-44.5,6.5,416.23748561206327
-44.5,7.5,416.2393147637397
-44.5,8.5,416.2411316749683
-44.5,9.5,416.24548839929633
-44.5,10.5,416.24493682216223
-44.5,11.5,416.2467334339333
-44.5,12.5,416.24601648280736
-44.5,13.5,416.2477855485899
-44.5,14.5,416.2519236962408
-44.5,15.5,416.2504077472511
-44.5,16.5,416.2516957081221
-44.5,17.5,416.2558379204681
-44.5,18.5,416.2559255701794
-44.5,19.5,416.2578107048751
-44.5,20.5,416.2575371443317
-44.5,21.5,416.26222116430193
-44.5,22.5,416.2639534908579
-44.5,23.5,416.2672518306882
-44.5,24.5,416.268357864454
-44.5,25.5,416.27115582247177
-44.5,26.5,416.2746048706279
-44.5,27.5,416.2777939017148
-44.5,28.5,416.2814079300136
-44.5,29.5,416.2852514055007
-44.5,30.5,416.29035509714544
-44.5,31.5,416.2956408257356
-44.5,32.5,416.2996988264062
-44.5,33.5,416.3055220912623
-44.5,34.5,416.3096533376273
-44.5,35.5,416.3147266775965
-44.5,36.5,416.3185117508616
-44.5,37.5,416.32292197413256
-44.5,38.5,416.3279869898989
-44.5,39.5,416.3303697894128
-44.5,40.5,416.33391038507847
-44.5,41.5,416.3355831264665
-44.5,42.5,416.3355554838717
-44.5,43.5,416.3385014330436
-44.5,44.5,416.3390791932544
-44.5,45.5,416.3415310206738
-44.5,46.5,416.34233811102
-44.5,47.5,416.34259550603
-44.5,48.5,416.3425850253735
-44.5,49.5,416.34246058899686
-44.5,50.5,416.3422374466402
-44.5,51.5,416.342324582272
-44.5,52.5,416.3425134738839
-44.5,53.5,416.3450450518832
-44.5,54.5,416.3464640402151
-44.5,55.5,416.3452514527907
-44.5,56.5,416.34418618181
-44.5,57.5,416.3436563308485
-44.5,58.5,416.3429373406083
-44.5,59.5,416.34247930871766
-44.5,60.5,416.34231096501503
-44.5,61.5,416.3385342027005
-44.5,62.5,416.3426785574416
-44.5,63.5,416.3411895494154
-44.5,64.5,416.3393951254594
-44.5,65.5,416.3344756599878
-44.5,66.5,416.3339420949778
-44.5,67.5,416.334120495877
-44.5,68.5,416.33760170914775
-44.5,69.5,416.3342993252688
-44.5,70.5,416.3339942502238
-44.5,71.5,416.3367075024267
-44.5,72.5,416.33659092830015
-44.5,73.5,416.3370093061754
-44.5,74.5,416.333835983101
-44.5,75.5,416.335743395085
-44.5,76.5,416.3343701304223
-44.5,77.5,416.33248286226393
-44.5,78.5,416.3278895200829
-44.5,79.5,416.3286565852972
-44.5,80.5,416.32406078832514
-44.5,81.5,416.3212799784072
-44.5,82.5,416.3163436834293
-44.5,83.5,416.3157575441203
-44.5,84.5,416.3129620431818
-44.5,85.5,416.3105508417156
-44.5,86.5,416.30615012421634
-44.5,87.5,416.3067559115889
-44.5,88.5,416.3053818741507
-44.5,89.5,416.3068446903413
-44.5,90.5,416.3009026332396
-44.5,91.5,416.2995890016554
-44.5,92.5,416.2955919574868
-44.5,93.5,416.2972641758042
-44.5,94.5,416.2918401540111
-44.5,95.5,416.2940639590784
-44.5,96.5,416.29335470372735
-44.5,97.5,416.2921670494485
-44.5,98.5,416.2899648981223
-44.5,99.5,416.28543380536416
-44.5,100.5,416.28776387411966
-44.5,101.5,416.2847202614882
-44.5,102.5,416.2830053750533
-44.5,103.5,416.2809885215221
-44.5,104.5,416.274156989228
-44.5,105.5,416.2755359616799
-44.5,106.5,416.2698567812258
-44.5,107.5,416.2713013852757
-44.5,108.5,416.2666210978684
-44.5,109.5,416.26406226990485
-44.5,110.5,416.2635117600129
-44.5,111.5,416.2638669549705
-44.5,112.5,416.2639188267622
-44.5,113.5,416.2629516468237
-44.5,114.5,416.2620782907378
-44.5,115.5,416.2612375954098
-44.5,116.5,416.2609442817839
-44.5,117.5,416.263512774342
-44.5,118.5,416.2657328282837
-44.5,119.5,416.2661321647197
-44.5,120.5,416.26981017471047
-44.5,121.5,416.27196791319625
-44.5,122.5,416.27539275884834
-44.5,123.5,416.2766256171389
-44.5,124.5,416.27807977748273
-44.5,125.5,416.2798214261567
-44.5,126.5,416.2828075921307
-44.5,127.5,416.2822015776645
-44.5,128.5,416.2829966452115
-44.5,129.5,416.2838020807676
-44.5,130.5,416.2851969112671
-44.5,131.5,416.2838351469033
-44.5,132.5,416.2841040648676
-44.5,133.5,416.2835762781379
-44.5,134.5,416.28500158465374
-44.5,135.5,416.2854297027864
-44.5,136.5,416.28677307115527
-44.5,137.5,416.28748137434593
-44.5,138.5,416.2878327208999
-44.5,139.5,416.2866454154452
-44.5,140.5,416.28556762093166
-44.5,141.5,416.2852362769166
-44.5,142.5,416.2852819726209
-44.5,143.5,416.28559087675234
-44.5,144.5,416.2857719626082
-44.5,145.5,416.2868281407172
-44.5,146.5,416.2911559387484
-44.5,147.5,416.2928660409809
-44.5,148.5,416.2950995282086
-44.5,149.5,416.2982271719728
-44.5,150.5,416.29907667419087
-44.5,151.5,416.3005488404076
-44.5,152.5,416.3008268070526
-44.5,153.5,416.3007450193997
-44.5,154.5,416.2994837380603
-44.5,155.5,416.3015047357304
-44.5,156.5,416.3026998923304
-44.5,157.5,416.3043983169986
-44.5,158.5,416.30195095011936
-44.5,159.5,416.30161823380206
-44.5,160.5,416.3046459104095
-44.5,161.5,416.3067589741681
-44.5,162.5,416.3081379854999
-44.5,163.5,416.3080476472044
-44.5,164.5,416.3136714658266
-44.5,165.5,416.3176606543808
-44.5,166.5,416.32447540053903
-44.5,167.5,416.2994193891934
-44.5,168.5,416.270729123974
-44.5,169.5,416.285234334106
-44.5,170.5,416.407002825645
-44.5,171.5,416.3950803215845
-44.5,172.5,416.3709752312704
-44.5,173.5,416.3422287929899
-44.5,174.5,416.3318576418809
-44.5,175.5,416.32737109409
-44.5,176.5,416.3251255174758
-44.5,177.5,416.3232904239058
-44.5,178.5,416.3202694789528
-44.5,179.5,416.3186832928751
-43.5,-179.5,416.3409133133265
-43.5,-178.5,416.339887037652
-43.5,-177.5,416.3363196419049
-43.5,-176.5,416.33262902225664
-43.5,-175.5,416.3285277648865
-43.5,-174.5,416.3248541200027
-43.5,-173.5,416.3220776798579
-43.5,-172.5,416.3185908695939
-43.5,-171.5,416.3156447013167
-43.5,-170.5,416.3132840718176
-43.5,-169.5,416.3109211277037
-43.5,-168.5,416.3097495067853
-43.5,-167.5,416.30856741379296
-43.5,-166.5,416.3067594817087
-43.5,-165.5,416.30484746241297
-43.5,-164.5,416.3022874995214
-43.5,-163.5,416.2994836438058
-43.5,-162.5,416.2978073069349
-43.5,-161.5,416.2963243910408
-43.5,-160.5,416.29421549377207
-43.5,-159.5,416.2921196718722
-43.5,-158.5,416.2895863272313
-43.5,-157.5,416.2886779418981
-43.5,-156.5,416.2893741758448
-43.5,-155.5,416.28910291971744
-43.5,-154.5,416.2888345759266
-43.5,-153.5,416.2900094737125
-43.5,-152.5,416.2895839100796
-43.5,-151.5,416.2886936746979
-43.5,-150.5,416.2876137690156
-43.5,-149.5,416.2896234008419
-43.5,-148.5,416.28943949412377
-43.5,-147.5,416.28821898660925
-43.5,-146.5,416.2884458157726
-43.5,-145.5,416.2891772309436
-43.5,-144.5,416.28889477433074
-43.5,-143.5,416.2896072687138
-43.5,-142.5,416.287777292416
-43.5,-141.5,416.2903223097592
-43.5,-140.5,416.2921920876413
-43.5,-139.5,416.2923586992695
-43.5,-138.5,416.2952102023016
-43.5,-137.5,416.2936564697144
-43.5,-136.5,416.295397493664
-43.5,-135.5,416.2950311806137
-43.5,-134.5,416.2971853192476
-43.5,-133.5,416.29917084109735
-43.5,-132.5,416.3018935641559
-43.5,-131.5,416.30391348142194
-43.5,-130.5,416.30758373351085
-43.5,-129.5,416.3095814740376
-43.5,-128.5,416.311575444912
-43.5,-127.5,416.3102790837036
-43.5,-126.5,416.3107637313552
-43.5,-125.5,416.3131863220194
-43.5,-124.5,416.31243712097057
-43.5,-123.5,416.31193051398446
-43.5,-122.5,416.3096718335711
-43.5,-121.5,416.3124403231775
-43.5,-120.5,416.3112589044856
-43.5,-119.5,416.3092944199024
-43.5,-118.5,416.31099778809073
-43.5,-117.5,416.3094977327143
-43.5,-116.5,416.3085076235587
-43.5,-115.5,416.3077030636665
-43.5,-114.5,416.3069934398837
-43.5,-113.5,416.3056350485504
-43.5,-112.5,416.3051378042497
-43.5,-111.5,416.3050060499575
-43.5,-110.5,416.3038582781185
-43.5,-109.5,416.30363720160335
-43.5,-108.5,416.3018623216467
-43.5,-107.5,416.3014730827353
-43.5,-106.5,416.2999574344689
-43.5,-105.5,416.2983243429434
-43.5,-104.5,416.2991317778761
-43.5,-103.5,416.2964985634726
-43.5,-102.5,416.2949912494557
-43.5,-101.5,416.29615819494063
-43.5,-100.5,416.2951103548891
-43.5,-99.5,416.2935869569421
-43.5,-98.5,416.2941290850265
-43.5,-97.5,416.2939999556978
-43.5,-96.5,416.2940726178352
-43.5,-95.5,416.29393420783606
-43.5,-94.5,416.2944216256519
-43.5,-93.5,416.2946227387363
-43.5,-92.5,416.294550731916
-43.5,-91.5,416.2944123664584
-43.5,-90.5,416.2943869409725
-43.5,-89.5,416.2958867355259
-43.5,-88.5,416.2967691968269
-43.5,-87.5,416.29754514520425
-43.5,-86.5,416.2980176108054
-43.5,-85.5,416.29944818142735
-43.5,-84.5,416.3015201274068
-43.5,-83.5,416.3024186118965
-43.5,-82.5,416.3020962492587
-43.5,-81.5,416.3056384379208
-43.5,-80.5,416.3059069191519
-43.5,-79.5,416.3077655765564
-43.5,-78.5,416.3091594610489
-43.5,-77.5,416.3103433164228
-43.5,-76.5,416.3112610974268
-43.5,-75.5,416.31365739845234
-43.5,-74.5,416.3227080415539
-43.5,-73.5,416.3492987029425
-43.5,-72.5,416.3363546291002
-43.5,-71.5,416.3157877494098
-43.5,-70.5,416.2989336293596
-43.5,-69.5,416.34000970222985
-43.5,-68.5,416.3662754742567
-43.5,-67.5,416.35979574135496
-43.5,-66.5,416.36270465379374
-43.5,-65.5,416.3662093854076
-43.5,-64.5,416.3682414869617
-43.5,-63.5,416.3605091851402
-43.5,-62.5,416.3546005891302
-43.5,-61.5,416.3467929120053
-43.5,-60.5,416.3404426065538
-43.5,-59.5,416.3356541339566
-43.5,-58.5,416.3380539992608
-43.5,-57.5,416.33016926810825
-43.5,-56.5,416.3265416920392
-43.5,-55.5,416.3206776941768
-43.5,-54.5,416.31529782355113
-43.5,-53.5,416.3093209921212
-43.5,-52.5,416.3023942148212
-43.5,-51.5,416.29590921955
-43.5,-50.5,416.2895198469584
-43.5,-49.5,416.2832303852807
-43.5,-48.5,416.2767659641385
-43.5,-47.5,416.27171003012455
-43.5,-46.5,416.2671073774343
-43.5,-45.5,416.2636818210746
-43.5,-44.5,416.2596388785624
-43.5,-43.5,416.25792318182806
-43.5,-42.5,416.2557378528752
-43.5,-41.5,416.25374194572487
-43.5,-40.5,416.25258196428746
-43.5,-39.5,416.2505139940213
-43.5,-38.5,416.2484955776272
-43.5,-37.5,416.24863724154335
-43.5,-36.5,416.2464795135536
-43.5,-35.5,416.2449289317118
-43.5,-34.5,416.2437756045032
-43.5,-33.5,416.239437432463
-43.5,-32.5,416.2389529816346
-43.5,-31.5,416.2351158693541
-43.5,-30.5,416.2326800991844
-43.5,-29.5,416.23422556645374
-43.5,-28.5,416.2324584533544
-43.5,-27.5,416.2283225140808
-43.5,-26.5,416.22971522571095
-43.5,-25.5,416.2298539950485
-43.5,-24.5,416.2339094045879
-43.5,-23.5,416.2349070208146
-43.5,-22.5,416.2375328723499
-43.5,-21.5,416.23955927467625
-43.5,-20.5,416.241490248869
-43.5,-19.5,416.2438720166634
-43.5,-18.5,416.2462787737617
-43.5,-17.5,416.25035829965975
-43.5,-16.5,416.2525742194071
-43.5,-15.5,416.25457706524
-43.5,-14.5,416.2511341236225
-43.5,-13.5,416.2582436960212
-43.5,-12.5,416.2598909226491
-43.5,-11.5,416.26123643663146
-43.5,-10.5,416.2572101260266
-43.5,-9.5,416.2654582074647
-43.5,-8.5,416.26640160162856
-43.5,-7.5,416.2672877369338
-43.5,-6.5,416.2682715233134
-43.5,-5.5,416.26911222939606
-43.5,-4.5,416.2656519990784
-43.5,-3.5,416.2713083720277
-43.5,-2.5,416.27279347267927
-43.5,-1.5,416.270180944253
-43.5,-0.5,416.2759650350787
-43.5,0.5,416.27388046064937
-43.5,1.5,416.2793678029712
-43.5,2.5,416.27765070677526
-43.5,3.5,416.282594790299
-43.5,4.5,416.28402625930136
-43.5,5.5,416.2825348294559
-43.5,6.5,416.2871919222955
-43.5,7.5,416.2862938157243
-43.5,8.5,416.2906570004811
-43.5,9.5,416.29197825588784
-43.5,10.5,416.29191487547257
-43.5,11.5,416.2909061011875
-43.5,12.5,416.2925162503561
-43.5,13.5,416.2965654505889
-43.5,14.5,416.2947289197324
-43.5,15.5,416.29546904143984
-43.5,16.5,416.2964587806141
-43.5,17.5,416.2999478359792
-43.5,18.5,416.2995792062896
-43.5,19.5,416.3012473226893
-43.5,20.5,416.3034383608056
-43.5,21.5,416.3036131354911
-43.5,22.5,416.3088791709791
-43.5,23.5,416.30911297368544
-43.5,24.5,416.3143555382003
-43.5,25.5,416.3157312699464
-43.5,26.5,416.3216145981347
-43.5,27.5,416.3223408855607
-43.5,28.5,416.3292521274651
-43.5,29.5,416.3344071010743
-43.5,30.5,416.3383261511244
-43.5,31.5,416.3440398993532
-43.5,32.5,416.3501812536216
-43.5,33.5,416.3550963704026
-43.5,34.5,416.3605747145447
-43.5,35.5,416.3647237539905
-43.5,36.5,416.36932081470815
-43.5,37.5,416.3741421484407
-43.5,38.5,416.3769829354754
-43.5,39.5,416.3807458826532
-43.5,40.5,416.383765246693
-43.5,41.5,416.3855459991564
-43.5,42.5,416.3869063989621
-43.5,43.5,416.38914187450416
-43.5,44.5,416.389114247062
-43.5,45.5,416.3900980234661
-43.5,46.5,416.38964615772215
-43.5,47.5,416.39000740142086
-43.5,48.5,416.3890139260114
-43.5,49.5,416.3913548604248
-43.5,50.5,416.3941765281096
-43.5,51.5,416.392034905195
-43.5,52.5,416.3919502004127
-43.5,53.5,416.3912475090496
-43.5,54.5,416.3916993312632
-43.5,55.5,416.3930066911493
-43.5,56.5,416.392157911784
-43.5,57.5,416.39127183463074
-43.5,58.5,416.39046820525823
-43.5,59.5,416.38741836576105
-43.5,60.5,416.3893761898053
-43.5,61.5,416.387976579608
-43.5,62.5,416.387107107174
-43.5,63.5,416.3848193678455
-43.5,64.5,416.38300376446927
-43.5,65.5,416.3789954179231
-43.5,66.5,416.3820034801483
-43.5,67.5,416.3791583860576
-43.5,68.5,416.3826713936048
-43.5,69.5,416.38335817722594
-43.5,70.5,416.3804010593363
-43.5,71.5,416.3803695297405
-43.5,72.5,416.3837728494592
-43.5,73.5,416.3808215334767
-43.5,74.5,416.38037646179663
-43.5,75.5,416.3819262756165
-43.5,76.5,416.3771373473794
-43.5,77.5,416.3777742312068
-43.5,78.5,416.37288203544966
-43.5,79.5,416.37108668231457
-43.5,80.5,416.36862755368486
-43.5,81.5,416.3653695330474
-43.5,82.5,416.3632592312112
-43.5,83.5,416.3602372176365
-43.5,84.5,416.3550254020605
-43.5,85.5,416.3550304628616
-43.5,86.5,416.3530346040973
-43.5,87.5,416.3490061702999
-43.5,88.5,416.3502177512149
-43.5,89.5,416.346263092384
-43.5,90.5,416.3431196577651
-43.5,91.5,416.341832005547
-43.5,92.5,416.3406355932824
-43.5,93.5,416.3426323746757
-43.5,94.5,416.3384817162213
-43.5,95.5,416.3396833748381
-43.5,96.5,416.3356112836522
-43.5,97.5,416.3380777090045
-43.5,98.5,416.3372287501643
-43.5,99.5,416.3342743439806
-43.5,100.5,416.33284391311287
-43.5,101.5,416.330780383258
-43.5,102.5,416.32688317854655
-43.5,103.5,416.3251690589653
-43.5,104.5,416.3233457676175
-43.5,105.5,416.3173678759953
-43.5,106.5,416.3195228819853
-43.5,107.5,416.3139667522325
-43.5,108.5,416.31514214066
-43.5,109.5,416.3145503095048
-43.5,110.5,416.3122161060142
-43.5,111.5,416.3122676267942
-43.5,112.5,416.3106720658738
-43.5,113.5,416.30722765511695
-43.5,114.5,416.3100775174216
-43.5,115.5,416.30915126423673
-43.5,116.5,416.3068272286174
-43.5,117.5,416.3087994917865
-43.5,118.5,416.31121676174575
-43.5,119.5,416.312327150555
-43.5,120.5,416.3142086084488
-43.5,121.5,416.31508494703854
-43.5,122.5,416.3165678359125
-43.5,123.5,416.3192992197579
-43.5,124.5,416.32057090422194
-43.5,125.5,416.3217662857661
-43.5,126.5,416.3221308884892
-43.5,127.5,416.3222164439609
-43.5,128.5,416.3242947450245
-43.5,129.5,416.32462823805577
-43.5,130.5,416.3244205321822
-43.5,131.5,416.3235982503169
-43.5,132.5,416.3235647107952
-43.5,133.5,416.3237498345412
-43.5,134.5,416.3266091964193
-43.5,135.5,416.3272249694618
-43.5,136.5,416.32836879245474
-43.5,137.5,416.3292643876511
-43.5,138.5,416.3280061213226
-43.5,139.5,416.3270552002924
-43.5,140.5,416.3257807105445
-43.5,141.5,416.3259864180683
-43.5,142.5,416.3260764453496
-43.5,143.5,416.3261775706326
-43.5,144.5,416.32705521756895
-43.5,145.5,416.3306762798508
-43.5,146.5,416.32631062365874
-43.5,147.5,416.3400692318788
-43.5,148.5,416.3395017926558
-43.5,149.5,416.3402247251225
-43.5,150.5,416.3405853555957
-43.5,151.5,416.3405083307304
-43.5,152.5,416.3395250878192
-43.5,153.5,416.3392883894954
-43.5,154.5,416.3376001432531
-43.5,155.5,416.3382712185034
-43.5,156.5,416.3398824485914
-43.5,157.5,416.3398196387095
-43.5,158.5,416.336866071339
-43.5,159.5,416.3388859397379
-43.5,160.5,416.3391157104908
-43.5,161.5,416.3399605721283
-43.5,162.5,416.3401549675101
-43.5,163.5,416.3411555786584
-43.5,164.5,416.3432874238581
-43.5,165.5,416.3457584877067
-43.5,166.5,416.3489965579468
-43.5,167.5,416.35584657914217
-43.5,168.5,416.3717516057628
-43.5,169.5,416.3792144610831
-43.5,170.5,416.35660997839216
-43.5,171.5,416.3654924674572
-43.5,172.5,416.4387722592056
-43.5,173.5,416.3984576312515
-43.5,174.5,416.3698648804451
-43.5,175.5,416.3603329862086
-43.5,176.5,416.3551854924629
-43.5,177.5,416.3492969686382
-43.5,178.5,416.3450097196403
-43.5,179.5,416.342346237178
-42.5,-179.5,416.3684235315096
-42.5,-178.5,416.3655223381025
-42.5,-177.5,416.3607411210975
-42.5,-176.5,416.3565268555707
-42.5,-175.5,416.3514050683776
-42.5,-174.5,416.3489912121578
-42.5,-173.5,416.3457781338848
-42.5,-172.5,416.3418910872997
-42.5,-171.5,416.3396019026674
-42.5,-170.5,416.3360959871268
-42.5,-169.5,416.3339937808324
-42.5,-168.5,416.33287318505984
-42.5,-167.5,416.3321549103406
-42.5,-166.5,416.3309880840383
-42.5,-165.5,416.32883049364136
-42.5,-164.5,416.3271044579157
-42.5,-163.5,416.3248402504111
-42.5,-162.5,416.3229104714254
-42.5,-161.5,416.3208671871383
-42.5,-160.5,416.3191056936983
-42.5,-159.5,416.3167211793004
-42.5,-158.5,416.3160247203962
-42.5,-157.5,416.3150794811218
-42.5,-156.5,416.31546150593874
-42.5,-155.5,416.3153596244903
-42.5,-154.5,416.3147167089786
-42.5,-153.5,416.3159318333336
-42.5,-152.5,416.3160021048651
-42.5,-151.5,416.3161170778336
-42.5,-150.5,416.3148557155336
-42.5,-149.5,416.3162063986816
-42.5,-148.5,416.3140147731044
-42.5,-147.5,416.31350772584847
-42.5,-146.5,416.3133509326732
-42.5,-145.5,416.31463754392274
-42.5,-144.5,416.31385522430384
-42.5,-143.5,416.31499792910233
-42.5,-142.5,416.3143401622192
-42.5,-141.5,416.3136893795692
-42.5,-140.5,416.3150670701922
-42.5,-139.5,416.31640542528254
-42.5,-138.5,416.3187117745111
-42.5,-137.5,416.31872692144105
-42.5,-136.5,416.318141877074
-42.5,-135.5,416.3216625121804
-42.5,-134.5,416.32436958722064
-42.5,-133.5,416.3253266870909
-42.5,-132.5,416.3273450301076
-42.5,-131.5,416.3315512224375
-42.5,-130.5,416.3337478993541
-42.5,-129.5,416.3326769617029
-42.5,-128.5,416.3375652595988
-42.5,-127.5,416.33931096930826
-42.5,-126.5,416.3411245092265
-42.5,-125.5,416.3381588530797
-42.5,-124.5,416.3432884238489
-42.5,-123.5,416.3393347550272
-42.5,-122.5,416.3439152587128
-42.5,-121.5,416.3444628678922
-42.5,-120.5,416.3444078377934
-42.5,-119.5,416.3441907692567
-42.5,-118.5,416.34315744630567
-42.5,-117.5,416.3425994503988
-42.5,-116.5,416.34159095895234
-42.5,-115.5,416.3399404817723
-42.5,-114.5,416.33948989264616
-42.5,-113.5,416.3395331604094
-42.5,-112.5,416.3383058418336
-42.5,-111.5,416.3390551035728
-42.5,-110.5,416.33738867235655
-42.5,-109.5,416.3373568232184
-42.5,-108.5,416.3365002589104
-42.5,-107.5,416.3348639836364
-42.5,-106.5,416.33424857078313
-42.5,-105.5,416.3336351415537
-42.5,-104.5,416.3331056458882
-42.5,-103.5,416.3316774242821
-42.5,-102.5,416.3319872157847
-42.5,-101.5,416.3305083748562
-42.5,-100.5,416.3293747434193
-42.5,-99.5,416.3301510787117
-42.5,-98.5,416.3306848641132
-42.5,-97.5,416.3306523004072
-42.5,-96.5,416.3323449273988
-42.5,-95.5,416.3325740446991
-42.5,-94.5,416.33252032650273
-42.5,-93.5,416.3323315533352
-42.5,-92.5,416.33272489107134
-42.5,-91.5,416.3339111307222
-42.5,-90.5,416.3353321787863
-42.5,-89.5,416.3354736763021
-42.5,-88.5,416.3367771702679
-42.5,-87.5,416.3369880450537
-42.5,-86.5,416.3392085847119
-42.5,-85.5,416.3421775422191
-42.5,-84.5,416.34437305624783
-42.5,-83.5,416.34528152678354
-42.5,-82.5,416.34778849569454
-42.5,-81.5,416.3494689317821
-42.5,-80.5,416.3503144796381
-42.5,-79.5,416.3520340170814
-42.5,-78.5,416.35359958285824
-42.5,-77.5,416.3554967086206
-42.5,-76.5,416.3568579336719
-42.5,-75.5,416.3615118745792
-42.5,-74.5,416.3698981524665
-42.5,-73.5,416.394843769005
-42.5,-72.5,416.383885196418
-42.5,-71.5,416.3566875849596
-42.5,-70.5,416.3821197083288
-42.5,-69.5,416.3797137595431
-42.5,-68.5,416.3755603228441
-42.5,-67.5,416.4050492756933
-42.5,-66.5,416.4201935544706
-42.5,-65.5,416.4317328555004
-42.5,-64.5,416.4207103778174
-42.5,-63.5,416.4114784486776
-42.5,-62.5,416.4071370800706
-42.5,-61.5,416.3987767474833
-42.5,-60.5,416.390708719956
-42.5,-59.5,416.38396955484126
-42.5,-58.5,416.3793369187045
-42.5,-57.5,416.3735178297327
-42.5,-56.5,416.36707310788194
-42.5,-55.5,416.36149915345567
-42.5,-54.5,416.35615276712144
-42.5,-53.5,416.3473490854203
-42.5,-52.5,416.3415433685472
-42.5,-51.5,416.3328638425051
-42.5,-50.5,416.3259392260107
-42.5,-49.5,416.320507154282
-42.5,-48.5,416.3129515772829
-42.5,-47.5,416.3075955423088
-42.5,-46.5,416.3035439947359
-42.5,-45.5,416.30171898119
-42.5,-44.5,416.3009593737997
-42.5,-43.5,416.2975847748804
-42.5,-42.5,416.2967243317756
-42.5,-41.5,416.2946802556484
-42.5,-40.5,416.29252750803965
-42.5,-39.5,416.2910565200212
-42.5,-38.5,416.2890944824609
-42.5,-37.5,416.2896333397543
-42.5,-36.5,416.28830375243984
-42.5,-35.5,416.2867412184439
-42.5,-34.5,416.28570748841054
-42.5,-33.5,416.283413205916
-42.5,-32.5,416.2815505845429
-42.5,-31.5,416.2811348870457
-42.5,-30.5,416.2784531073157
-42.5,-29.5,416.2788262274098
-42.5,-28.5,416.274020875224
-42.5,-27.5,416.2782615775395
-42.5,-26.5,416.2783264649207
-42.5,-25.5,416.27864314088737
-42.5,-24.5,416.2810676121223
-42.5,-23.5,416.278351192188
-42.5,-22.5,416.2800018058967
-42.5,-21.5,416.2863877967216
-42.5,-20.5,416.288828609419
-42.5,-19.5,416.2926829265657
-42.5,-18.5,416.29042382783007
-42.5,-17.5,416.297615176952
-42.5,-16.5,416.3002437854696
-42.5,-15.5,416.3029520993936
-42.5,-14.5,416.3005275783561
-42.5,-13.5,416.3045325229663
-42.5,-12.5,416.3061693732336
-42.5,-11.5,416.3119482635801
-42.5,-10.5,416.31347765105727
-42.5,-9.5,416.3151350856152
-42.5,-8.5,416.3119456058331
-42.5,-7.5,416.3176682357404
-42.5,-6.5,416.31449466200513
-42.5,-5.5,416.3201676745799
-42.5,-4.5,416.32136323468177
-42.5,-3.5,416.3182571888484
-42.5,-2.5,416.3189606041541
-42.5,-1.5,416.3197843547395
-42.5,-0.5,416.3264960234422
-42.5,0.5,416.3241932917964
-42.5,1.5,416.3238547248744
-42.5,2.5,416.3283484258531
-42.5,3.5,416.3298507566332
-42.5,4.5,416.3314020411372
-42.5,5.5,416.33025220859207
-42.5,6.5,416.3320443409893
-42.5,7.5,416.3360647352544
-42.5,8.5,416.3346110885099
-42.5,9.5,416.3385761027533
-42.5,10.5,416.337078696487
-42.5,11.5,416.34086174693016
-42.5,12.5,416.3390620860017
-42.5,13.5,416.3429415203461
-42.5,14.5,416.3395222633311
-42.5,15.5,416.3400872391008
-42.5,16.5,416.343385234725
-42.5,17.5,416.3438120764656
-42.5,18.5,416.3449399211614
-42.5,19.5,416.3468317563987
-42.5,20.5,416.3483155046631
-42.5,21.5,416.3479785122538
-42.5,22.5,416.354091211431
-42.5,23.5,416.35738371932615
-42.5,24.5,416.3610266653238
-42.5,25.5,416.3613874745621
-42.5,26.5,416.366270451493
-42.5,27.5,416.3739645706259
-42.5,28.5,416.3776352522325
-42.5,29.5,416.3832723354696
-42.5,30.5,416.3869710706284
-42.5,31.5,416.3933193340915
-42.5,32.5,416.3984347163711
-42.5,33.5,416.4035817574847
-42.5,34.5,416.4100061179032
-42.5,35.5,416.4161501311513
-42.5,36.5,416.4220184672179
-42.5,37.5,416.4242329151985
-42.5,38.5,416.4276130611158
-42.5,39.5,416.4294230613909
-42.5,40.5,416.4324037481546
-42.5,41.5,416.4355158464669
-42.5,42.5,416.43592857539073
-42.5,43.5,416.4342940634373
-42.5,44.5,416.43699275628114
-42.5,45.5,416.4356425284113
-42.5,46.5,416.43798365466085
-42.5,47.5,416.4408247678278
-42.5,48.5,416.4395844810514
-42.5,49.5,416.4421897122372
-42.5,50.5,416.442543520304
-42.5,51.5,416.4403188400596
-42.5,52.5,416.4424141174085
-42.5,53.5,416.4395357550042
-42.5,54.5,416.44128886379247
-42.5,55.5,416.4411033425937
-42.5,56.5,416.4404978824463
-42.5,57.5,416.43691399495606
-42.5,58.5,416.4395199234664
-42.5,59.5,416.4371299606033
-42.5,60.5,416.43505774789816
-42.5,61.5,416.4329603559538
-42.5,62.5,416.4308273015345
-42.5,63.5,416.4293478686214
-42.5,64.5,416.4256792051812
-42.5,65.5,416.4278817170588
-42.5,66.5,416.4279062648471
-42.5,67.5,416.4252952787085
-42.5,68.5,416.42929259095166
-42.5,69.5,416.4299079747121
-42.5,70.5,416.4265232236333
-42.5,71.5,416.4307194484314
-42.5,72.5,416.43011367389977
-42.5,73.5,416.42858943142267
-42.5,74.5,416.42436099563565
-42.5,75.5,416.4226297432824
-42.5,76.5,416.42385277805744
-42.5,77.5,416.42191090467946
-42.5,78.5,416.4174499731712
-42.5,79.5,416.41897003739416
-42.5,80.5,416.4164940271549
-42.5,81.5,416.4134956804658
-42.5,82.5,416.4106571464404
-42.5,83.5,416.4081963622649
-42.5,84.5,416.4030162744202
-42.5,85.5,416.4007271466181
-42.5,86.5,416.40015620206935
-42.5,87.5,416.39885322352654
-42.5,88.5,416.3976360905799
-42.5,89.5,416.39667353351183
-42.5,90.5,416.39302440201664
-42.5,91.5,416.3949943731773
-42.5,92.5,416.3929059609396
-42.5,93.5,416.391766510373
-42.5,94.5,416.3882272268413
-42.5,95.5,416.3873651550147
-42.5,96.5,416.3864906528466
-42.5,97.5,416.3865704212679
-42.5,98.5,416.3853201240785
-42.5,99.5,416.3837986467594
-42.5,100.5,416.379751609213
-42.5,101.5,416.3743743263834
-42.5,102.5,416.3753772102751
-42.5,103.5,416.3718159235801
-42.5,104.5,416.3707772467948
-42.5,105.5,416.36791224270377
-42.5,106.5,416.3675444131953
-42.5,107.5,416.3659273689083
-42.5,108.5,416.3616861004813
-42.5,109.5,416.3627611400708
-42.5,110.5,416.3606776246667
-42.5,111.5,416.3590869961571
-42.5,112.5,416.3596556198448
-42.5,113.5,416.35797759613774
-42.5,114.5,416.3579574852456
-42.5,115.5,416.3565789571351
-42.5,116.5,416.35586229229153
-42.5,117.5,416.3557064564053
-42.5,118.5,416.357580222371
-42.5,119.5,416.3591802406312
-42.5,120.5,416.3574218481295
-42.5,121.5,416.357748831133
-42.5,122.5,416.3585844550625
-42.5,123.5,416.3598511616088
-42.5,124.5,416.36363926989446
-42.5,125.5,416.364352890608
-42.5,126.5,416.3643325334161
-42.5,127.5,416.3641597373188
-42.5,128.5,416.3631583548695
-42.5,129.5,416.3650169592016
-42.5,130.5,416.3668289003726
-42.5,131.5,416.36585027215216
-42.5,132.5,416.3658402255315
-42.5,133.5,416.3664312381554
-42.5,134.5,416.36759348085445
-42.5,135.5,416.3695379334013
-42.5,136.5,416.3696542729732
-42.5,137.5,416.3698473555495
-42.5,138.5,416.3701735200203
-42.5,139.5,416.36968016315626
-42.5,140.5,416.3683009592202
-42.5,141.5,416.36763137618607
-42.5,142.5,416.367634110019
-42.5,143.5,416.3684990057608
-42.5,144.5,416.37482026090646
-42.5,145.5,416.38096707934506
-42.5,146.5,416.3630666895
-42.5,147.5,416.38719014877273
-42.5,148.5,416.3868782646868
-42.5,149.5,416.38435673625736
-42.5,150.5,416.3825025041367
-42.5,151.5,416.3824316851157
-42.5,152.5,416.3814107748771
-42.5,153.5,416.3809739571699
-42.5,154.5,416.3804533533891
-42.5,155.5,416.3798408575342
-42.5,156.5,416.37911610309976
-42.5,157.5,416.3776968895294
-42.5,158.5,416.3744256010156
-42.5,159.5,416.3727641578747
-42.5,160.5,416.3718149121077
-42.5,161.5,416.3706662999804
-42.5,162.5,416.3703018926859
-42.5,163.5,416.3701884170465
-42.5,164.5,416.3706135707972
-42.5,165.5,416.3720002494857
-42.5,166.5,416.3715422160871
-42.5,167.5,416.3747666622687
-42.5,168.5,416.381517438088
-42.5,169.5,416.3915869420292
-42.5,170.5,416.4163464959175
-42.5,171.5,416.43880211872175
-42.5,172.5,416.3811000677963
-42.5,173.5,416.407282979724
-42.5,174.5,416.4188236011768
-42.5,175.5,416.39808618285855
-42.5,176.5,416.3884828113633
-42.5,177.5,416.3795003722008
-42.5,178.5,416.3743575809658
-42.5,179.5,416.3709686565983
-41.5,-179.5,416.3964268279792
-41.5,-178.5,416.3922294496887
-41.5,-177.5,416.3869728211852
-41.5,-176.5,416.381496629371
-41.5,-175.5,416.376873537002
-41.5,-174.5,416.3743383385062
-41.5,-173.5,416.3703186469952
-41.5,-172.5,416.3669664419174
-41.5,-171.5,416.3643382355302
-41.5,-170.5,416.3612176083896
-41.5,-169.5,416.3577047670916
-41.5,-168.5,416.3567499610879
-41.5,-167.5,416.355876888042
-41.5,-166.5,416.3556245830832
-41.5,-165.5,416.3542033803276
-41.5,-164.5,416.35303381233473
-41.5,-163.5,416.3512982638112
-41.5,-162.5,416.3495484166532
-41.5,-161.5,416.34817993236936
-41.5,-160.5,416.3470911074261
-41.5,-159.5,416.34641745895055
-41.5,-158.5,416.3458191982082
-41.5,-157.5,416.3450982189686
-41.5,-156.5,416.3450022506899
-41.5,-155.5,416.3450883768068
-41.5,-154.5,416.3454896532522
-41.5,-153.5,416.34459504697855
-41.5,-152.5,416.3458918161808
-41.5,-151.5,416.34587914146806
-41.5,-150.5,416.3468324970044
-41.5,-149.5,416.3457935143712
-41.5,-148.5,416.3445101425171
-41.5,-147.5,416.3432810584539
-41.5,-146.5,416.3419952658778
-41.5,-145.5,416.34173590524256
-41.5,-144.5,416.3409823810128
-41.5,-143.5,416.3427931382927
-41.5,-142.5,416.3417235502589
-41.5,-141.5,416.3420776276653
-41.5,-140.5,416.3448295084533
-41.5,-139.5,416.3443940790096
-41.5,-138.5,416.3464828461917
-41.5,-137.5,416.3452892612476
-41.5,-136.5,416.34591210129895
-41.5,-135.5,416.3504853142383
-41.5,-134.5,416.3537842583898
-41.5,-133.5,416.35645658937545
-41.5,-132.5,416.35633688025376
-41.5,-131.5,416.36047950066313
-41.5,-130.5,416.3595500877825
-41.5,-129.5,416.3649084977785
-41.5,-128.5,416.3639018672105
-41.5,-127.5,416.3698317383894
-41.5,-126.5,416.37250519765166
-41.5,-125.5,416.3749355921708
-41.5,-124.5,416.37184146460027
-41.5,-123.5,416.37765987109657
-41.5,-122.5,416.3775587211218
-41.5,-121.5,416.3780161827321
-41.5,-120.5,416.3780481795162
-41.5,-119.5,416.3781696850105
-41.5,-118.5,416.3766983502038
-41.5,-117.5,416.37599618729575
-41.5,-116.5,416.3752840333783
-41.5,-115.5,416.3741227638617
-41.5,-114.5,416.3746694656364
-41.5,-113.5,416.3747174069723
-41.5,-112.5,416.3733926135893
-41.5,-111.5,416.373554622377
-41.5,-110.5,416.3734867828349
-41.5,-109.5,416.3724843965834
-41.5,-108.5,416.3718855871256
-41.5,-107.5,416.3711911218968
-41.5,-106.5,416.3708667407613
-41.5,-105.5,416.3708858532472
-41.5,-104.5,416.36987431420926
-41.5,-103.5,416.368757861822
-41.5,-102.5,416.3692323712544
-41.5,-101.5,416.3680483919184
-41.5,-100.5,416.3669781272482
-41.5,-99.5,416.36870811022766
-41.5,-98.5,416.3690422309373
-41.5,-97.5,416.3695792438184
-41.5,-96.5,416.3720680550811
-41.5,-95.5,416.3725750724247
-41.5,-94.5,416.37240610930746
-41.5,-93.5,416.3726539362983
-41.5,-92.5,416.3745134717007
-41.5,-91.5,416.3762165881439
-41.5,-90.5,416.3779421179314
-41.5,-89.5,416.3785756139932
-41.5,-88.5,416.38077306721726
-41.5,-87.5,416.3827537408033
-41.5,-86.5,416.3844688429919
-41.5,-85.5,416.38733930962735
-41.5,-84.5,416.38984414046
-41.5,-83.5,416.3922856480247
-41.5,-82.5,416.39457703803913
-41.5,-81.5,416.3968563604834
-41.5,-80.5,416.3982377866739
-41.5,-79.5,416.400362972487
-41.5,-78.5,416.4041471714833
-41.5,-77.5,416.4063527478947
-41.5,-76.5,416.4093988125945
-41.5,-75.5,416.4140321165325
-41.5,-74.5,416.4271921768267
-41.5,-73.5,416.479191314662
-41.5,-72.5,416.4059120139733
-41.5,-71.5,416.4208673873946
-41.5,-70.5,416.4129519154284
-41.5,-69.5,416.41954041380575
-41.5,-68.5,416.4334009677293
-41.5,-67.5,416.4393290406852
-41.5,-66.5,416.4537228109278
-41.5,-65.5,416.4801479661584
-41.5,-64.5,416.47648083290943
-41.5,-63.5,416.47019172140335
-41.5,-62.5,416.460092878148
-41.5,-61.5,416.449409322905
-41.5,-60.5,416.4398838618803
-41.5,-59.5,416.4343933572849
-41.5,-58.5,416.42786847213694
-41.5,-57.5,416.4181875694546
-41.5,-56.5,416.4102603580682
-41.5,-55.5,416.4050426735076
-41.5,-54.5,416.39904201764114
-41.5,-53.5,416.3907935100508
-41.5,-52.5,416.3819467330846
-41.5,-51.5,416.3750592691201
-41.5,-50.5,416.3668346974501
-41.5,-49.5,416.3611346111428
-41.5,-48.5,416.3553545484712
-41.5,-47.5,416.3505499365722
-41.5,-46.5,416.3459389073677
-41.5,-45.5,416.3441704811281
-41.5,-44.5,416.3425187264312
-41.5,-43.5,416.3400039820556
-41.5,-42.5,416.33703370011307
-41.5,-41.5,416.3360674865124
-41.5,-40.5,416.334067637452
-41.5,-39.5,416.3352737697585
-41.5,-38.5,416.3327099671579
-41.5,-37.5,416.33227145348457
-41.5,-36.5,416.3308492058397
-41.5,-35.5,416.3283989905802
-41.5,-34.5,416.3276356220253
-41.5,-33.5,416.3295679763124
-41.5,-32.5,416.3281849792272
-41.5,-31.5,416.3263680598868
-41.5,-30.5,416.3264407530945
-41.5,-29.5,416.325213050068
-41.5,-28.5,416.3246024317132
-41.5,-27.5,416.3267526859702
-41.5,-26.5,416.3267047845039
-41.5,-25.5,416.3237838806344
-41.5,-24.5,416.3263015595507
-41.5,-23.5,416.3273980988502
-41.5,-22.5,416.33256201491
-41.5,-21.5,416.3346389874011
-41.5,-20.5,416.33836869065306
-41.5,-19.5,416.3409572451504
-41.5,-18.5,416.33944443958046
-41.5,-17.5,416.342123589534
-41.5,-16.5,416.3449144554201
-41.5,-15.5,416.3492038652238
-41.5,-14.5,416.35552490600486
-41.5,-13.5,416.3576145164199
-41.5,-12.5,416.35968359237984
-41.5,-11.5,416.3613430410527
-41.5,-10.5,416.3634512220793
-41.5,-9.5,416.3617417668878
-41.5,-8.5,416.3676414239711
-41.5,-7.5,416.3695263179324
-41.5,-6.5,416.37318152105615
-41.5,-5.5,416.3747038874772
-41.5,-4.5,416.37570689405527
-41.5,-3.5,416.372501402184
-41.5,-2.5,416.3758999947557
-41.5,-1.5,416.3726239561014
-41.5,-0.5,416.3762703584707
-41.5,0.5,416.3737839669367
-41.5,1.5,416.3777497815259
-41.5,2.5,416.37905806754657
-41.5,3.5,416.3804275902341
-41.5,4.5,416.3792584930307
-41.5,5.5,416.3829538380309
-41.5,6.5,416.3815625412456
-41.5,7.5,416.38313493590937
-41.5,8.5,416.3815394652918
-41.5,9.5,416.3826813008893
-41.5,10.5,416.3835078860876
-41.5,11.5,416.3866343786586
-41.5,12.5,416.3846458194146
-41.5,13.5,416.3882072183473
-41.5,14.5,416.3887792482197
-41.5,15.5,416.3859484284267
-41.5,16.5,416.38809594898913
-41.5,17.5,416.38885463495535
-41.5,18.5,416.3904216676352
-41.5,19.5,416.3929457110193
-41.5,20.5,416.39576070026527
-41.5,21.5,416.397276588778
-41.5,22.5,416.397356892228
-41.5,23.5,416.4010259959969
-41.5,24.5,416.4085170192114
-41.5,25.5,416.4088312351706
-41.5,26.5,416.4149756615398
-41.5,27.5,416.4214666570137
-41.5,28.5,416.42825759638106
-41.5,29.5,416.4339719132856
-41.5,30.5,416.4393793087653
-41.5,31.5,416.4424326044606
-41.5,32.5,416.4522145317412
-41.5,33.5,416.4593713530463
-41.5,34.5,416.4619474276061
-41.5,35.5,416.4662362851833
-41.5,36.5,416.4713687490552
-41.5,37.5,416.4738404415876
-41.5,38.5,416.4750543970342
-41.5,39.5,416.4763859441088
-41.5,40.5,416.4778262769668
-41.5,41.5,416.4795650773219
-41.5,42.5,416.4813340874073
-41.5,43.5,416.48090024425767
-41.5,44.5,416.4806562352316
-41.5,45.5,416.48138706074553
-41.5,46.5,416.4826693199045
-41.5,47.5,416.4869676860404
-41.5,48.5,416.4879987331588
-41.5,49.5,416.488501986275
-41.5,50.5,416.48842861063855
-41.5,51.5,416.48673587077855
-41.5,52.5,416.4861240459923
-41.5,53.5,416.4861290005108
-41.5,54.5,416.4888843333007
-41.5,55.5,416.4888393638572
-41.5,56.5,416.4862748190511
-41.5,57.5,416.4846608864109
-41.5,58.5,416.485268991355
-41.5,59.5,416.4800875883327
-41.5,60.5,416.479803286629
-41.5,61.5,416.47519967604006
-41.5,62.5,416.4736106862019
-41.5,63.5,416.4754961526421
-41.5,64.5,416.4728279317945
-41.5,65.5,416.4768538512425
-41.5,66.5,416.4735316820509
-41.5,67.5,416.47305048289024
-41.5,68.5,416.4728090980424
-41.5,69.5,416.47581853006
-41.5,70.5,416.4750684850089
-41.5,71.5,416.4707487189104
-41.5,72.5,416.4702554766414
-41.5,73.5,416.4698264030792
-41.5,74.5,416.47231128129175
-41.5,75.5,416.471197161622
-41.5,76.5,416.4701867538872
-41.5,77.5,416.4693501925775
-41.5,78.5,416.4651872662937
-41.5,79.5,416.4652413578812
-41.5,80.5,416.46341961247424
-41.5,81.5,416.4589212037272
-41.5,82.5,416.45998850578405
-41.5,83.5,416.4586637746505
-41.5,84.5,416.4572183616199
-41.5,85.5,416.4554583762508
-41.5,86.5,416.453909202161
-41.5,87.5,416.4528699692374
-41.5,88.5,416.44735004161953
-41.5,89.5,416.4462297107545
-41.5,90.5,416.4484564979171
-41.5,91.5,416.4482887806281
-41.5,92.5,416.4454808303906
-41.5,93.5,416.4453313562851
-41.5,94.5,416.4443307521819
-41.5,95.5,416.4424560034297
-41.5,96.5,416.4400761242556
-41.5,97.5,416.4360684656663
-41.5,98.5,416.4312367617919
-41.5,99.5,416.43179758427743
-41.5,100.5,416.4277865136061
-41.5,101.5,416.42689402610506
-41.5,102.5,416.4239798128132
-41.5,103.5,416.4204112956947
-41.5,104.5,416.4194406069668
-41.5,105.5,416.4164964510502
-41.5,106.5,416.4138094021312
-41.5,107.5,416.4143345228127
-41.5,108.5,416.41231520653207
-41.5,109.5,416.4108732175828
-41.5,110.5,416.4105794670708
-41.5,111.5,416.4071308854597
-41.5,112.5,416.4073934586912
-41.5,113.5,416.407093496402
-41.5,114.5,416.4036063786546
-41.5,115.5,416.40206272713874
-41.5,116.5,416.40266210777946
-41.5,117.5,416.4036418424712
-41.5,118.5,416.4029396280679
-41.5,119.5,416.40188227801474
-41.5,120.5,416.40284557336446
-41.5,121.5,416.4013581080141
-41.5,122.5,416.40327646371895
-41.5,123.5,416.4029199249936
-41.5,124.5,416.4027658675771
-41.5,125.5,416.4045774450664
-41.5,126.5,416.40459678354097
-41.5,127.5,416.40505168190015
-41.5,128.5,416.4061979949341
-41.5,129.5,416.4067205950488
-41.5,130.5,416.4065185955585
-41.5,131.5,416.4067755344088
-41.5,132.5,416.4062510287043
-41.5,133.5,416.40790119424025
-41.5,134.5,416.4088696063536
-41.5,135.5,416.4108923819973
-41.5,136.5,416.411314345786
-41.5,137.5,416.4124444203386
-41.5,138.5,416.41425558807686
-41.5,139.5,416.4142176447324
-41.5,140.5,416.41324531066107
-41.5,141.5,416.4125747697447
-41.5,142.5,416.4115163628679
-41.5,143.5,416.4138649962603
-41.5,144.5,416.4154659431378
-41.5,145.5,416.4156221916944
-41.5,146.5,416.4272399733422
-41.5,147.5,416.4358958674521
-41.5,148.5,416.42830800185743
-41.5,149.5,416.4292920668296
-41.5,150.5,416.4274537111136
-41.5,151.5,416.4253298062754
-41.5,152.5,416.4241257388155
-41.5,153.5,416.42314577867575
-41.5,154.5,416.4216584398656
-41.5,155.5,416.4200472596518
-41.5,156.5,416.4151693870287
-41.5,157.5,416.41377685254525
-41.5,158.5,416.409267252319
-41.5,159.5,416.4058289531592
-41.5,160.5,416.4026049494416
-41.5,161.5,416.4006687948028
-41.5,162.5,416.3986687470856
-41.5,163.5,416.3964005486075
-41.5,164.5,416.3986002133448
-41.5,165.5,416.3982414439769
-41.5,166.5,416.3982732854604
-41.5,167.5,416.3994344052423
-41.5,168.5,416.40302364815216
-41.5,169.5,416.40762461221846
-41.5,170.5,416.4196681904144
-41.5,171.5,416.43563216662335
-41.5,172.5,416.3817581172331
-41.5,173.5,416.4374747564735
-41.5,174.5,416.4401571027543
-41.5,175.5,416.4384231554669
-41.5,176.5,416.42786694394505
-41.5,177.5,416.41755965969753
-41.5,178.5,416.40795605092745
-41.5,179.5,416.4025867420138
-40.5,-179.5,416.42604246334616
-40.5,-178.5,416.4200584255825
-40.5,-177.5,416.41494620361067
-40.5,-176.5,416.4096107894856
-40.5,-175.5,416.4047698678881
-40.5,-174.5,416.400908559738
-40.5,-173.5,416.3969006502153
-40.5,-172.5,416.3951796856509
-40.5,-171.5,416.3925669173755
-40.5,-170.5,416.38913506267664
-40.5,-169.5,416.3859762155493
-40.5,-168.5,416.3844237226686
-40.5,-167.5,416.3833697342664
-40.5,-166.5,416.38277995495775
-40.5,-165.5,416.3832408192276
-40.5,-164.5,416.3824425537704
-40.5,-163.5,416.3815077228717
-40.5,-162.5,416.380696310893
-40.5,-161.5,416.3794982701705
-40.5,-160.5,416.37915778613205
-40.5,-159.5,416.3782870118393
-40.5,-158.5,416.377796255801
-40.5,-157.5,416.3771122454838
-40.5,-156.5,416.3767655763776
-40.5,-155.5,416.3767701352873
-40.5,-154.5,416.3766788581608
-40.5,-153.5,416.3765862948725
-40.5,-152.5,416.3775438453152
-40.5,-151.5,416.3763856785389
-40.5,-150.5,416.3765041064616
-40.5,-149.5,416.374841798718
-40.5,-148.5,416.37431396536846
-40.5,-147.5,416.3730850102862
-40.5,-146.5,416.3713880691108
-40.5,-145.5,416.3720628126461
-40.5,-144.5,416.3710561888102
-40.5,-143.5,416.3711938080981
-40.5,-142.5,416.3730388346754
-40.5,-141.5,416.37290932051343
-40.5,-140.5,416.3760052530144
-40.5,-139.5,416.3772766031055
-40.5,-138.5,416.3762117997331
-40.5,-137.5,416.3793377172528
-40.5,-136.5,416.38182798942296
-40.5,-135.5,416.3831784429381
-40.5,-134.5,416.38771080402125
-40.5,-133.5,416.3901968413829
-40.5,-132.5,416.3919659043681
-40.5,-131.5,416.39423483523854
-40.5,-130.5,416.39682065051744
-40.5,-129.5,416.396514643328
-40.5,-128.5,416.4032439692694
-40.5,-127.5,416.4067824515252
-40.5,-126.5,416.4081529246176
-40.5,-125.5,416.4103101494393
-40.5,-124.5,416.4118311411696
-40.5,-123.5,416.412838013363
-40.5,-122.5,416.413624193037
-40.5,-121.5,416.41011747837337
-40.5,-120.5,416.4143990809741
-40.5,-119.5,416.4148331402884
-40.5,-118.5,416.4142326909465
-40.5,-117.5,416.4118564409313
-40.5,-116.5,416.4116776084519
-40.5,-115.5,416.4114950611633
-40.5,-114.5,416.41011787497337
-40.5,-113.5,416.41037998933433
-40.5,-112.5,416.41047253443134
-40.5,-111.5,416.4092372320098
-40.5,-110.5,416.40962300879215
-40.5,-109.5,416.4087470910092
-40.5,-108.5,416.4093544006234
-40.5,-107.5,416.40957920118433
-40.5,-106.5,416.40867337714064
-40.5,-105.5,416.4097195729677
-40.5,-104.5,416.4091314436208
-40.5,-103.5,416.4100173685468
-40.5,-102.5,416.4089425002899
-40.5,-101.5,416.4083787074286
-40.5,-100.5,416.4093788477176
-40.5,-99.5,416.4093306137396
-40.5,-98.5,416.4097139537859
-40.5,-97.5,416.41225957369886
-40.5,-96.5,416.4130655272021
-40.5,-95.5,416.4146639697776
-40.5,-94.5,416.4152302771548
-40.5,-93.5,416.4188541870083
-40.5,-92.5,416.4202225749712
-40.5,-91.5,416.42162128738215
-40.5,-90.5,416.42444893045234
-40.5,-89.5,416.42590701539626
-40.5,-88.5,416.4301300508087
-40.5,-87.5,416.43237312270816
-40.5,-86.5,416.43505319117287
-40.5,-85.5,416.43716044427214
-40.5,-84.5,416.4388173393152
-40.5,-83.5,416.4415230282697
-40.5,-82.5,416.44602223703566
-40.5,-81.5,416.4492886901032
-40.5,-80.5,416.4509802810329
-40.5,-79.5,416.45322493846754
-40.5,-78.5,416.4563161748431
-40.5,-77.5,416.4593329610434
-40.5,-76.5,416.4627263641625
-40.5,-75.5,416.468950156711
-40.5,-74.5,416.4836536839769
-40.5,-73.5,416.5370745137849
-40.5,-72.5,416.5587114130324
-40.5,-71.5,416.4629506364471
-40.5,-70.5,416.5084736120155
-40.5,-69.5,416.4793989106314
-40.5,-68.5,416.50631234384855
-40.5,-67.5,416.5365441602424
-40.5,-66.5,416.54827061582336
-40.5,-65.5,416.5370069473912
-40.5,-64.5,416.5312558959723
-40.5,-63.5,416.5249260806747
-40.5,-62.5,416.5133488904918
-40.5,-61.5,416.5018966582848
-40.5,-60.5,416.4939101295552
-40.5,-59.5,416.488342995178
-40.5,-58.5,416.4773841645713
-40.5,-57.5,416.47520297924046
-40.5,-56.5,416.4680057387419
-40.5,-55.5,416.460783937708
-40.5,-54.5,416.45214360014177
-40.5,-53.5,416.44261572879344
-40.5,-52.5,416.4321252798423
-40.5,-51.5,416.4217864674398
-40.5,-50.5,416.4136235305101
-40.5,-49.5,416.4035412888659
-40.5,-48.5,416.3968933841287
-40.5,-47.5,416.3942196613592
-40.5,-46.5,416.3861847096308
-40.5,-45.5,416.3833085319837
-40.5,-44.5,416.383818076736
-40.5,-43.5,416.38235357970433
-40.5,-42.5,416.3814067852722
-40.5,-41.5,416.3794384301706
-40.5,-40.5,416.3814427904076
-40.5,-39.5,416.3799082796037
-40.5,-38.5,416.3778146127119
-40.5,-37.5,416.3773707678664
-40.5,-36.5,416.3767387599368
-40.5,-35.5,416.37448928918
-40.5,-34.5,416.3733765805088
-40.5,-33.5,416.3758894368873
-40.5,-32.5,416.3743072306688
-40.5,-31.5,416.37440151064726
-40.5,-30.5,416.3739736193381
-40.5,-29.5,416.3719746041753
-40.5,-28.5,416.37386694053015
-40.5,-27.5,416.3760485506469
-40.5,-26.5,416.3740417777232
-40.5,-25.5,416.3783076329847
-40.5,-24.5,416.3794117462066
-40.5,-23.5,416.3782313707479
-40.5,-22.5,416.38241084223023
-40.5,-21.5,416.3863136471326
-40.5,-20.5,416.3846018533279
-40.5,-19.5,416.3896041475921
-40.5,-18.5,416.3889475824122
-40.5,-17.5,416.3947410777948
-40.5,-16.5,416.3988551530882
-40.5,-15.5,416.4014489122716
-40.5,-14.5,416.4041256564572
-40.5,-13.5,416.4036072433355
-40.5,-12.5,416.406097925313
-40.5,-11.5,416.41211680005966
-40.5,-10.5,416.41190232409394
-40.5,-9.5,416.4184611950136
-40.5,-8.5,416.4212806562638
-40.5,-7.5,416.4237142010487
-40.5,-6.5,416.4227980066364
-40.5,-5.5,416.4267965399144
-40.5,-4.5,416.4274368724711
-40.5,-3.5,416.4272236851708
-40.5,-2.5,416.4241132087921
-40.5,-1.5,416.4240165571851
-40.5,-0.5,416.4265790386079
-40.5,0.5,416.42671532853103
-40.5,1.5,416.4272064076462
-40.5,2.5,416.42805545987136
-40.5,3.5,416.42697245021816
-40.5,4.5,416.4299966759402
-40.5,5.5,416.4305862984484
-40.5,6.5,416.4310394101572
-40.5,7.5,416.43136587238007
-40.5,8.5,416.4321264847504
-40.5,9.5,416.4330438348061
-40.5,10.5,416.4340544610319
-40.5,11.5,416.43368959092
-40.5,12.5,416.4343199494892
-40.5,13.5,416.4351430775769
-40.5,14.5,416.4355237397886
-40.5,15.5,416.4332634721546
-40.5,16.5,416.4361961964835
-40.5,17.5,416.4330178795105
-40.5,18.5,416.435341414746
-40.5,19.5,416.44128757791873
-40.5,20.5,416.4413525827201
-40.5,21.5,416.44780771788834
-40.5,22.5,416.45017893683246
-40.5,23.5,416.45190876351353
-40.5,24.5,416.4597456347211
-40.5,25.5,416.4622544321768
-40.5,26.5,416.4700305771168
-40.5,27.5,416.4736115996988
-40.5,28.5,416.4800290535012
-40.5,29.5,416.4875157448201
-40.5,30.5,416.4922322964769
-40.5,31.5,416.5010512568721
-40.5,32.5,416.5060769215079
-40.5,33.5,416.5128078480354
-40.5,34.5,416.5136625368156
-40.5,35.5,416.5191734157597
-40.5,36.5,416.52068398673873
-40.5,37.5,416.5199530443357
-40.5,38.5,416.52332941017534
-40.5,39.5,416.5241225461137
-40.5,40.5,416.5261439553488
-40.5,41.5,416.5250324316873
-40.5,42.5,416.52633266280304
-40.5,43.5,416.5260475644244
-40.5,44.5,416.5285086268577
-40.5,45.5,416.5276832037413
-40.5,46.5,416.5300950194887
-40.5,47.5,416.5336996215261
-40.5,48.5,416.5320865015522
-40.5,49.5,416.5348979315296
-40.5,50.5,416.5339223014
-40.5,51.5,416.5365728015986
-40.5,52.5,416.5363562465417
-40.5,53.5,416.5331210427998
-40.5,54.5,416.532558648838
-40.5,55.5,416.5333530435449
-40.5,56.5,416.5324084046476
-40.5,57.5,416.534027987486
-40.5,58.5,416.5319570340404
-40.5,59.5,416.5293561487839
-40.5,60.5,416.5239109671492
-40.5,61.5,416.5267335023348
-40.5,62.5,416.5228676624624
-40.5,63.5,416.5254395694109
-40.5,64.5,416.5220530877707
-40.5,65.5,416.52180045824485
-40.5,66.5,416.5244037215392
-40.5,67.5,416.5204157103551
-40.5,68.5,416.52268394061934
-40.5,69.5,416.5215701935542
-40.5,70.5,416.51715393574807
-40.5,71.5,416.52036580237655
-40.5,72.5,416.5169620588379
-40.5,73.5,416.5201302436583
-40.5,74.5,416.5160821054193
-40.5,75.5,416.5196759910833
-40.5,76.5,416.5161947075823
-40.5,77.5,416.51620298010846
-40.5,78.5,416.5191148023997
-40.5,79.5,416.5157147159235
-40.5,80.5,416.5151328007748
-40.5,81.5,416.5147987285816
-40.5,82.5,416.516674946627
-40.5,83.5,416.5135082135338
-40.5,84.5,416.5106974981008
-40.5,85.5,416.5098536721079
-40.5,86.5,416.5089004970879
-40.5,87.5,416.5100190737672
-40.5,88.5,416.50690736405073
-40.5,89.5,416.5052797252201
-40.5,90.5,416.5025474827192
-40.5,91.5,416.5037871472466
-40.5,92.5,416.5029715652918
-40.5,93.5,416.5017593946658
-40.5,94.5,416.4974979270504
-40.5,95.5,416.4922562025517
-40.5,96.5,416.4906260313973
-40.5,97.5,416.4870613047069
-40.5,98.5,416.4801789881707
-40.5,99.5,416.4794617817686
-40.5,100.5,416.474882773955
-40.5,101.5,416.4709905865633
-40.5,102.5,416.47103127383264
-40.5,103.5,416.4696186677512
-40.5,104.5,416.467058695576
-40.5,105.5,416.4641034458022
-40.5,106.5,416.4616914555603
-40.5,107.5,416.46222706338574
-40.5,108.5,416.459295876299
-40.5,109.5,416.4569642909517
-40.5,110.5,416.4575837848271
-40.5,111.5,416.4541653679113
-40.5,112.5,416.4549380861127
-40.5,113.5,416.4516932503463
-40.5,114.5,416.4516099020833
-40.5,115.5,416.4501085081832
-40.5,116.5,416.4487770313889
-40.5,117.5,416.4490387933872
-40.5,118.5,416.4495164783706
-40.5,119.5,416.4488175836924
-40.5,120.5,416.44818070629753
-40.5,121.5,416.446124928002
-40.5,122.5,416.4482637041623
-40.5,123.5,416.4471355060864
-40.5,124.5,416.4465513275085
-40.5,125.5,416.4446362550277
-40.5,126.5,416.44471560468537
-40.5,127.5,416.4480696731807
-40.5,128.5,416.4486146363119
-40.5,129.5,416.4487590266321
-40.5,130.5,416.448104378027
-40.5,131.5,416.4473644460203
-40.5,132.5,416.44752173190295
-40.5,133.5,416.44929386175374
-40.5,134.5,416.45291223939694
-40.5,135.5,416.454608955285
-40.5,136.5,416.4550570537018
-40.5,137.5,416.45775084883
-40.5,138.5,416.4580720422557
-40.5,139.5,416.4597237535187
-40.5,140.5,416.45910153340185
-40.5,141.5,416.4588056937197
-40.5,142.5,416.45891044267887
-40.5,143.5,416.4603112796013
-40.5,144.5,416.46479790254347
-40.5,145.5,416.4741946794215
-40.5,146.5,416.4769006682694
-40.5,147.5,416.4716304312377
-40.5,148.5,416.4744647910087
-40.5,149.5,416.4719421835599
-40.5,150.5,416.467358670731
-40.5,151.5,416.4679713502925
-40.5,152.5,416.4663088557078
-40.5,153.5,416.46562704404704
-40.5,154.5,416.46421407101536
-40.5,155.5,416.46024449736456
-40.5,156.5,416.4553645520736
-40.5,157.5,416.449498944029
-40.5,158.5,416.4434575708257
-40.5,159.5,416.4389988408353
-40.5,160.5,416.4358035226123
-40.5,161.5,416.43168608554686
-40.5,162.5,416.4269215028685
-40.5,163.5,416.4276792706522
-40.5,164.5,416.4267599069707
-40.5,165.5,416.42515476037113
-40.5,166.5,416.4258766860904
-40.5,167.5,416.42664196658137
-40.5,168.5,416.4280341596853
-40.5,169.5,416.4310264533335
-40.5,170.5,416.4345578403836
-40.5,171.5,416.4483694451643
-40.5,172.5,416.4606499690284
-40.5,173.5,416.46091656500425
-40.5,174.5,416.4721990740509
-40.5,175.5,416.47834279239584
-40.5,176.5,416.4736732959582
-40.5,177.5,416.4602115648608
-40.5,178.5,416.4440972318436
-40.5,179.5,416.4331480171301
-39.5,-179.5,416.45746765841017
-39.5,-178.5,416.4513710466712
-39.5,-177.5,416.4463840522668
-39.5,-176.5,416.4397924522947
-39.5,-175.5,416.4352345534062
-39.5,-174.5,416.4308743582724
-39.5,-173.5,416.4290575657378
-39.5,-172.5,416.4269368290969
-39.5,-171.5,416.4226844441142
-39.5,-170.5,416.4189473525773
-39.5,-169.5,416.4172742396179
-39.5,-168.5,416.4154834504495
-39.5,-167.5,416.4147441316999
-39.5,-166.5,416.4155308704721
-39.5,-165.5,416.415946948202
-39.5,-164.5,416.414807062798
-39.5,-163.5,416.413830125146
-39.5,-162.5,416.4136560494493
-39.5,-161.5,416.41427220722414
-39.5,-160.5,416.41337216545736
-39.5,-159.5,416.4125779746324
-39.5,-158.5,416.4122075208904
-39.5,-157.5,416.412075504614
-39.5,-156.5,416.4117244563508
-39.5,-155.5,416.4114487876988
-39.5,-154.5,416.4118687686351
-39.5,-153.5,416.4112281449213
-39.5,-152.5,416.4093556178529
-39.5,-151.5,416.4090848885283
-39.5,-150.5,416.4080238288902
-39.5,-149.5,416.4069290993182
-39.5,-148.5,416.4063738026929
-39.5,-147.5,416.4061683182608
-39.5,-146.5,416.4053249685739
-39.5,-145.5,416.40616039623
-39.5,-144.5,416.4056081795861
-39.5,-143.5,416.4061597612384
-39.5,-142.5,416.4069540431606
-39.5,-141.5,416.4075808533011
-39.5,-140.5,416.4114331648073
-39.5,-139.5,416.4129619578858
-39.5,-138.5,416.41452488183415
-39.5,-137.5,416.4168966429048
-39.5,-136.5,416.4200185037615
-39.5,-135.5,416.4230469819377
-39.5,-134.5,416.4261329808453
-39.5,-133.5,416.4289824969204
-39.5,-132.5,416.4323991401562
-39.5,-131.5,416.4341566305533
-39.5,-130.5,416.4341004510316
-39.5,-129.5,416.4400808545036
-39.5,-128.5,416.44398741345935
-39.5,-127.5,416.4474348468535
-39.5,-126.5,416.44919904583145
-39.5,-125.5,416.44876744620666
-39.5,-124.5,416.4499026053245
-39.5,-123.5,416.45069990629867
-39.5,-122.5,416.451457804604
-39.5,-121.5,416.4523459869613
-39.5,-120.5,416.4520143342248
-39.5,-119.5,416.45249627988335
-39.5,-118.5,416.4522808168188
-39.5,-117.5,416.451610375078
-39.5,-116.5,416.44994867149103
-39.5,-115.5,416.4489791989823
-39.5,-114.5,416.4474680311507
-39.5,-113.5,416.4469367860757
-39.5,-112.5,416.4474805578978
-39.5,-111.5,416.44767882917193
-39.5,-110.5,416.4472936698178
-39.5,-109.5,416.4474798637096
-39.5,-108.5,416.4480897150856
-39.5,-107.5,416.448660444076
-39.5,-106.5,416.4493603853088
-39.5,-105.5,416.4497758482538
-39.5,-104.5,416.4499025204569
-39.5,-103.5,416.4501324701663
-39.5,-102.5,416.4491466869347
-39.5,-101.5,416.45007623438426
-39.5,-100.5,416.449849645485
-39.5,-99.5,416.4506373173044
-39.5,-98.5,416.4528017383294
-39.5,-97.5,416.45453287021456
-39.5,-96.5,416.4559453627058
-39.5,-95.5,416.4577260193201
-39.5,-94.5,416.4615893996381
-39.5,-93.5,416.463451001582
-39.5,-92.5,416.4666436196736
-39.5,-91.5,416.4693943166458
-39.5,-90.5,416.4719026964135
-39.5,-89.5,416.4774036069375
-39.5,-88.5,416.4807561030327
-39.5,-87.5,416.48438342653714
-39.5,-86.5,416.4870024477099
-39.5,-85.5,416.4886080248707
-39.5,-84.5,416.4908778376649
-39.5,-83.5,416.49459102844014
-39.5,-82.5,416.498231172155
-39.5,-81.5,416.5016290625736
-39.5,-80.5,416.5047825209861
-39.5,-79.5,416.5073913843838
-39.5,-78.5,416.5105133433436
-39.5,-77.5,416.51397357017765
-39.5,-76.5,416.5193169339493
-39.5,-75.5,416.5265231497572
-39.5,-74.5,416.5446517644549
-39.5,-73.5,416.61742722096267
-39.5,-72.5,416.57005434386633
-39.5,-71.5,416.5790035295417
-39.5,-70.5,416.54461962035833
-39.5,-69.5,416.59459682671553
-39.5,-68.5,416.5920232402808
-39.5,-67.5,416.597861618024
-39.5,-66.5,416.6051588242788
-39.5,-65.5,416.6026080241946
-39.5,-64.5,416.6030087196072
-39.5,-63.5,416.5748244329811
-39.5,-62.5,416.58951906817725
-39.5,-61.5,416.5811670844827
-39.5,-60.5,416.5760811865911
-39.5,-59.5,416.56240587204894
-39.5,-58.5,416.54662843251504
-39.5,-57.5,416.5351537075284
-39.5,-56.5,416.523722528309
-39.5,-55.5,416.5138457524758
-39.5,-54.5,416.503325189936
-39.5,-53.5,416.4775385802842
-39.5,-52.5,416.4789374276356
-39.5,-51.5,416.46785599165526
-39.5,-50.5,416.4582653140668
-39.5,-49.5,416.44954272033976
-39.5,-48.5,416.44261715479087
-39.5,-47.5,416.4307506275194
-39.5,-46.5,416.4272802264058
-39.5,-45.5,416.4294944609163
-39.5,-44.5,416.4285252829964
-39.5,-43.5,416.4257131778271
-39.5,-42.5,416.42808233424427
-39.5,-41.5,416.4282224081881
-39.5,-40.5,416.4286095833714
-39.5,-39.5,416.4272418647173
-39.5,-38.5,416.4251160443201
-39.5,-37.5,416.423790918358
-39.5,-36.5,416.4238239687661
-39.5,-35.5,416.42231123538016
-39.5,-34.5,416.4245655742491
-39.5,-33.5,416.42426653612335
-39.5,-32.5,416.4218648705505
-39.5,-31.5,416.4233852666758
-39.5,-30.5,416.4234417368008
-39.5,-29.5,416.42555990395056
-39.5,-28.5,416.42653848427045
-39.5,-27.5,416.426874929058
-39.5,-26.5,416.4267435336008
-39.5,-25.5,416.4294493602528
-39.5,-24.5,416.4305860855736
-39.5,-23.5,416.4321753894426
-39.5,-22.5,416.4339341330252
-39.5,-21.5,416.4373602437316
-39.5,-20.5,416.4386182398248
-39.5,-19.5,416.4399397332495
-39.5,-18.5,416.4418572122085
-39.5,-17.5,416.44622070415033
-39.5,-16.5,416.4492019517127
-39.5,-15.5,416.4523197134805
-39.5,-14.5,416.4530964330127
-39.5,-13.5,416.45645245041
-39.5,-12.5,416.4620349549231
-39.5,-11.5,416.4660115369712
-39.5,-10.5,416.4659072613025
-39.5,-9.5,416.4712167594763
-39.5,-8.5,416.4739065328439
-39.5,-7.5,416.4760448812797
-39.5,-6.5,416.4750744518848
-39.5,-5.5,416.4756210254821
-39.5,-4.5,416.4756804861732
-39.5,-3.5,416.4759404350437
-39.5,-2.5,416.475839736018
-39.5,-1.5,416.47743823792496
-39.5,-0.5,416.4747335151087
-39.5,0.5,416.4766084607051
-39.5,1.5,416.4748752553262
-39.5,2.5,416.4756088380766
-39.5,3.5,416.47825109586574
-39.5,4.5,416.4770740851931
-39.5,5.5,416.4772902253004
-39.5,6.5,416.4793127920071
-39.5,7.5,416.478189125518
-39.5,8.5,416.479315175616
-39.5,9.5,416.4804642643045
-39.5,10.5,416.48157027335776
-39.5,11.5,416.4825665030705
-39.5,12.5,416.481553821598
-39.5,13.5,416.482092349215
-39.5,14.5,416.4851029527962
-39.5,15.5,416.4860114844503
-39.5,16.5,416.4841523264493
-39.5,17.5,416.4862330934192
-39.5,18.5,416.4901686382772
-39.5,19.5,416.4932021866752
-39.5,20.5,416.4971335789127
-39.5,21.5,416.5017979784422
-39.5,22.5,416.5063943975182
-39.5,23.5,416.50963734645416
-39.5,24.5,416.5123986830217
-39.5,25.5,416.5193444008504
-39.5,26.5,416.5253436082591
-39.5,27.5,416.5329791763002
-39.5,28.5,416.5379023639388
-39.5,29.5,416.5437952846869
-39.5,30.5,416.5504582237512
-39.5,31.5,416.5568059863429
-39.5,32.5,416.5615451177815
-39.5,33.5,416.56384642758337
-39.5,34.5,416.5661179883474
-39.5,35.5,416.5689641174546
-39.5,36.5,416.5673755426235
-39.5,37.5,416.5669195516656
-39.5,38.5,416.56800574550056
-39.5,39.5,416.5699974973907
-39.5,40.5,416.572499204627
-39.5,41.5,416.5711585716296
-39.5,42.5,416.5741117480601
-39.5,43.5,416.5753929445352
-39.5,44.5,416.5743672643863
-39.5,45.5,416.5791097907626
-39.5,46.5,416.5780932767684
-39.5,47.5,416.5818336898245
-39.5,48.5,416.5799991802653
-39.5,49.5,416.5851914969709
-39.5,50.5,416.5827312341866
-39.5,51.5,416.5859886666273
-39.5,52.5,416.58611095879047
-39.5,53.5,416.585605532784
-39.5,54.5,416.5830956559525
-39.5,55.5,416.5852779038547
-39.5,56.5,416.5837664931751
-39.5,57.5,416.58213820993217
-39.5,58.5,416.5805100715812
-39.5,59.5,416.5787196382224
-39.5,60.5,416.5789736739775
-39.5,61.5,416.57767412550703
-39.5,62.5,416.5769420628848
-39.5,63.5,416.5733305728005
-39.5,64.5,416.5727598096695
-39.5,65.5,416.575502729365
-39.5,66.5,416.57472214709054
-39.5,67.5,416.5736740434453
-39.5,68.5,416.5721073033637
-39.5,69.5,416.5705614657696
-39.5,70.5,416.5699962265245
-39.5,71.5,416.5666803521573
-39.5,72.5,416.57058666307546
-39.5,73.5,416.567099572959
-39.5,74.5,416.5708923100535
-39.5,75.5,416.5714612419491
-39.5,76.5,416.5718066797291
-39.5,77.5,416.5722984473986
-39.5,78.5,416.57298032510414
-39.5,79.5,416.57102051723945
-39.5,80.5,416.574001056917
-39.5,81.5,416.57388091812896
-39.5,82.5,416.5715812573901
-39.5,83.5,416.5737152060161
-39.5,84.5,416.5691427529623
-39.5,85.5,416.5682334924122
-39.5,86.5,416.56649627253904
-39.5,87.5,416.56482281468266
-39.5,88.5,416.56443356064426
-39.5,89.5,416.561211588664
-39.5,90.5,416.5589782849871
-39.5,91.5,416.5562239785414
-39.5,92.5,416.5558573504867
-39.5,93.5,416.55222852804286
-39.5,94.5,416.550218980997
-39.5,95.5,416.5434931082407
-39.5,96.5,416.5390527729696
-39.5,97.5,416.535736652522
-39.5,98.5,416.5299775536697
-39.5,99.5,416.5261354460426
-39.5,100.5,416.522536154684
-39.5,101.5,416.5193268690394
-39.5,102.5,416.5169193404601
-39.5,103.5,416.5142233971274
-39.5,104.5,416.5136366218215
-39.5,105.5,416.5114094068125
-39.5,106.5,416.5086962777724
-39.5,107.5,416.5081104910402
-39.5,108.5,416.5061098018666
-39.5,109.5,416.5052720430994
-39.5,110.5,416.5030198389984
-39.5,111.5,416.5020662895676
-39.5,112.5,416.500790702183
-39.5,113.5,416.4989065238969
-39.5,114.5,416.4970660926926
-39.5,115.5,416.4978000995983
-39.5,116.5,416.4956070837303
-39.5,117.5,416.497654697728
-39.5,118.5,416.4964384591197
-39.5,119.5,416.4963961613447
-39.5,120.5,416.4950417924287
-39.5,121.5,416.4946929955045
-39.5,122.5,416.4931941163785
-39.5,123.5,416.4913404531319
-39.5,124.5,416.489990575357
-39.5,125.5,416.48793514726617
-39.5,126.5,416.48971097478255
-39.5,127.5,416.4917950377007
-39.5,128.5,416.49082010567264
-39.5,129.5,416.49159807599
-39.5,130.5,416.49108415730177
-39.5,131.5,416.4896052615329
-39.5,132.5,416.49101497312455
-39.5,133.5,416.4945041092524
-39.5,134.5,416.4975007039811
-39.5,135.5,416.4998320671747
-39.5,136.5,416.50099570876654
-39.5,137.5,416.5047218920524
-39.5,138.5,416.5056097808569
-39.5,139.5,416.5064414689359
-39.5,140.5,416.5068472143082
-39.5,141.5,416.5072613537809
-39.5,142.5,416.50860305142186
-39.5,143.5,416.5131820263969
-39.5,144.5,416.51833216683553
-39.5,145.5,416.5262410980124
-39.5,146.5,416.5294500164169
-39.5,147.5,416.527588118094
-39.5,148.5,416.5219216894032
-39.5,149.5,416.51863571399485
-39.5,150.5,416.51717732807873
-39.5,151.5,416.5136347152032
-39.5,152.5,416.5113405842258
-39.5,153.5,416.5094999321528
-39.5,154.5,416.5057932196132
-39.5,155.5,416.49990281508576
-39.5,156.5,416.492736809297
-39.5,157.5,416.4856994113819
-39.5,158.5,416.47860071194657
-39.5,159.5,416.47363555985226
-39.5,160.5,416.4699121993023
-39.5,161.5,416.4660618042371
-39.5,162.5,416.4616020085515
-39.5,163.5,416.4597750175501
-39.5,164.5,416.4586184323692
-39.5,165.5,416.4570125295153
-39.5,166.5,416.4588732727165
-39.5,167.5,416.4577275280158
-39.5,168.5,416.4561319849402
-39.5,169.5,416.4580980095911
-39.5,170.5,416.4595080890164
-39.5,171.5,416.4666401018311
-39.5,172.5,416.4750386749313
-39.5,173.5,416.4871145800289
-39.5,174.5,416.5218571396068
-39.5,175.5,416.47014740761614
-39.5,176.5,416.4642164074657
-39.5,177.5,416.5113268336068
-39.5,178.5,416.4904492286272
-39.5,179.5,416.4662080569409
-38.5,-179.5,416.48985719698607
-38.5,-178.5,416.48419324695936
-38.5,-177.5,416.4779515783694
-38.5,-176.5,416.4727416613495
-38.5,-175.5,416.4693726330137
-38.5,-174.5,416.4631411286691
-38.5,-173.5,416.4616792553704
-38.5,-172.5,416.4583799416099
-38.5,-171.5,416.45582250560864
-38.5,-170.5,416.4537920774623
-38.5,-169.5,416.4527777698855
-38.5,-168.5,416.4526961727999
-38.5,-167.5,416.45220983997206
-38.5,-166.5,416.4512302261177
-38.5,-165.5,416.450127884119
-38.5,-164.5,416.4492919735384
-38.5,-163.5,416.4502016911932
-38.5,-162.5,416.4506933028912
-38.5,-161.5,416.4501401003652
-38.5,-160.5,416.4499063154187
-38.5,-159.5,416.4502344047771
-38.5,-158.5,416.450754114719
-38.5,-157.5,416.4506232479992
-38.5,-156.5,416.4498463528563
-38.5,-155.5,416.4497343266231
-38.5,-154.5,416.44904054342055
-38.5,-153.5,416.44769333304544
-38.5,-152.5,416.4472173481312
-38.5,-151.5,416.4444643240075
-38.5,-150.5,416.4439345105352
-38.5,-149.5,416.4425233862533
-38.5,-148.5,416.4441134805245
-38.5,-147.5,416.44347816792526
-38.5,-146.5,416.44332869057513
-38.5,-145.5,416.4426752873011
-38.5,-144.5,416.4427135897786
-38.5,-143.5,416.443220081342
-38.5,-142.5,416.4457278682721
-38.5,-141.5,416.4487239507447
-38.5,-140.5,416.4518131943605
-38.5,-139.5,416.4541002488477
-38.5,-138.5,416.4564720827133
-38.5,-137.5,416.4576262093099
-38.5,-136.5,416.4620361237448
-38.5,-135.5,416.46551992021807
-38.5,-134.5,416.4667350562613
-38.5,-133.5,416.47245537918445
-38.5,-132.5,416.4761739267943
-38.5,-131.5,416.4799984435522
-38.5,-130.5,416.4828861474623
-38.5,-129.5,416.48567233722656
-38.5,-128.5,416.48780632625727
-38.5,-127.5,416.4904598431873
-38.5,-126.5,416.492240859401
-38.5,-125.5,416.4903579189131
-38.5,-124.5,416.4928965913074
-38.5,-123.5,416.49266383505073
-38.5,-122.5,416.4915523040324
-38.5,-121.5,416.491673250683
-38.5,-120.5,416.4924756012385
-38.5,-119.5,416.4920219761294
-38.5,-118.5,416.49165759594
-38.5,-117.5,416.4921429421621
-38.5,-116.5,416.49074452669095
-38.5,-115.5,416.4889212279611
-38.5,-114.5,416.4878843588974
-38.5,-113.5,416.48757362958025
-38.5,-112.5,416.48732861833207
-38.5,-111.5,416.4875124381721
-38.5,-110.5,416.4880008321932
-38.5,-109.5,416.48823997976615
-38.5,-108.5,416.4888605349887
-38.5,-107.5,416.4898282009869
-38.5,-106.5,416.4907213476613
-38.5,-105.5,416.4913234821063
-38.5,-104.5,416.4913041364699
-38.5,-103.5,416.4910053780711
-38.5,-102.5,416.4915571517223
-38.5,-101.5,416.4919276942173
-38.5,-100.5,416.4924729040919
-38.5,-99.5,416.4942815333858
-38.5,-98.5,416.4958180287212
-38.5,-97.5,416.4971820527759
-38.5,-96.5,416.5000545094159
-38.5,-95.5,416.5026572841682
-38.5,-94.5,416.5067012708427
-38.5,-93.5,416.5102102959827
-38.5,-92.5,416.5154331598674
-38.5,-91.5,416.5196358946524
-38.5,-90.5,416.52406903456233
-38.5,-89.5,416.52886567290847
-38.5,-88.5,416.5325296418055
-38.5,-87.5,416.536013753096
-38.5,-86.5,416.5392305389981
-38.5,-85.5,416.5420609836541
-38.5,-84.5,416.5448767506023
-38.5,-83.5,416.548865391656
-38.5,-82.5,416.5527041723158
-38.5,-81.5,416.5569005418634
-38.5,-80.5,416.561001955741
-38.5,-79.5,416.5647256259832
-38.5,-78.5,416.568979548988
-38.5,-77.5,416.5734892349707
-38.5,-76.5,416.5800166528443
-38.5,-75.5,416.58881050280576
-38.5,-74.5,416.6045933990407
-38.5,-73.5,416.6470428425139
-38.5,-72.5,416.7326786861121
-38.5,-71.5,416.6094784292334
-38.5,-70.5,416.6097956547756
-38.5,-69.5,416.6634266412193
-38.5,-68.5,416.6934691833928
-38.5,-67.5,416.6851324538468
-38.5,-66.5,416.6798406571748
-38.5,-65.5,416.6756755601654
-38.5,-64.5,416.6698196533829
-38.5,-63.5,416.6521741174138
-38.5,-62.5,416.6409048637552
-38.5,-61.5,416.6322912822661
-38.5,-60.5,416.62756205723787
-38.5,-59.5,416.623869748062
-38.5,-58.5,416.61353682156863
-38.5,-57.5,416.59435437583454
-38.5,-56.5,416.5738042589558
-38.5,-55.5,416.5617753413374
-38.5,-54.5,416.5478035923376
-38.5,-53.5,416.536413583294
-38.5,-52.5,416.5082614070277
-38.5,-51.5,416.51401518403424
-38.5,-50.5,416.50391796051525
-38.5,-49.5,416.49401889477326
-38.5,-48.5,416.4867374081032
-38.5,-47.5,416.4810812529349
-38.5,-46.5,416.47803825832005
-38.5,-45.5,416.47770537370974
-38.5,-44.5,416.4757210092152
-38.5,-43.5,416.4767598184508
-38.5,-42.5,416.4796253060544
-38.5,-41.5,416.4784614396946
-38.5,-40.5,416.4788272935688
-38.5,-39.5,416.4766041229482
-38.5,-38.5,416.4744138105244
-38.5,-37.5,416.47327344622863
-38.5,-36.5,416.4724192971058
-38.5,-35.5,416.4725133520254
-38.5,-34.5,416.47257752209777
-38.5,-33.5,416.4732932144513
-38.5,-32.5,416.4722588167488
-38.5,-31.5,416.4741393010364
-38.5,-30.5,416.4760441124706
-38.5,-29.5,416.47679257851365
-38.5,-28.5,416.47782309855336
-38.5,-27.5,416.4795037534548
-38.5,-26.5,416.4798581878622
-38.5,-25.5,416.4809478662152
-38.5,-24.5,416.4838706896171
-38.5,-23.5,416.4857982420059
-38.5,-22.5,416.48650794798834
-38.5,-21.5,416.49003222579137
-38.5,-20.5,416.49431740601807
-38.5,-19.5,416.49405414505145
-38.5,-18.5,416.4976864616641
-38.5,-17.5,416.4982918035349
-38.5,-16.5,416.5031968951188
-38.5,-15.5,416.506612307732
-38.5,-14.5,416.5121222914843
-38.5,-13.5,416.5149861122378
-38.5,-12.5,416.517272232436
-38.5,-11.5,416.5189768309029
-38.5,-10.5,416.5209708123692
-38.5,-9.5,416.52329220703024
-38.5,-8.5,416.52363387283015
-38.5,-7.5,416.5253618594968
-38.5,-6.5,416.5279654028442
-38.5,-5.5,416.52811538340967
-38.5,-4.5,416.5265831479715
-38.5,-3.5,416.5286103301017
-38.5,-2.5,416.5283960852624
-38.5,-1.5,416.52627216703206
-38.5,-0.5,416.5277193989077
-38.5,0.5,416.527963702758
-38.5,1.5,416.5284003149591
-38.5,2.5,416.5290021298312
-38.5,3.5,416.5293571060231
-38.5,4.5,416.5282072833989
-38.5,5.5,416.5303368984782
-38.5,6.5,416.5312797971864
-38.5,7.5,416.5324261324903
-38.5,8.5,416.5335282354751
-38.5,9.5,416.5327895090387
-38.5,10.5,416.53336261141885
-38.5,11.5,416.5356836064272
-38.5,12.5,416.5341538977854
-38.5,13.5,416.5362166942756
-38.5,14.5,416.5367445869758
-38.5,15.5,416.5372421611438
-38.5,16.5,416.5394935844544
-38.5,17.5,416.5432589935488
-38.5,18.5,416.5468551822763
-38.5,19.5,416.5517824140828
-38.5,20.5,416.5567917311111
-38.5,21.5,416.5597559270552
-38.5,22.5,416.56440073261234
-38.5,23.5,416.5667843783
-38.5,24.5,416.5732704116594
-38.5,25.5,416.58296758459977
-38.5,26.5,416.5861478244186
-38.5,27.5,416.592186778038
-38.5,28.5,416.5977582346794
-38.5,29.5,416.6027998012335
-38.5,30.5,416.6095870279512
-38.5,31.5,416.6150240998252
-38.5,32.5,416.6184930441007
-38.5,33.5,416.62025538712686
-38.5,34.5,416.6192747838052
-38.5,35.5,416.6169651785219
-38.5,36.5,416.6178751440124
-38.5,37.5,416.61870019191673
-38.5,38.5,416.6195726329343
-38.5,39.5,416.6200050468725
-38.5,40.5,416.6209135618262
-38.5,41.5,416.6245333734791
-38.5,42.5,416.6227645623053
-38.5,43.5,416.62369572707337
-38.5,44.5,416.6259697369048
-38.5,45.5,416.62685332667263
-38.5,46.5,416.6279388178755
-38.5,47.5,416.6329954688703
-38.5,48.5,416.6305752332841
-38.5,49.5,416.63389515977366
-38.5,50.5,416.63391462002414
-38.5,51.5,416.6322170809629
-38.5,52.5,416.6355167679704
-38.5,53.5,416.635704479948
-38.5,54.5,416.6312795368016
-38.5,55.5,416.63053494706776
-38.5,56.5,416.62959452949445
-38.5,57.5,416.6300383187639
-38.5,58.5,416.62861284187
-38.5,59.5,416.6308761535895
-38.5,60.5,416.6297910640006
-38.5,61.5,416.629240512492
-38.5,62.5,416.6289298135208
-38.5,63.5,416.6287458643888
-38.5,64.5,416.62832763412433
-38.5,65.5,416.62783818556574
-38.5,66.5,416.6229489971452
-38.5,67.5,416.6213451307113
-38.5,68.5,416.6199556554829
-38.5,69.5,416.6231244408029
-38.5,70.5,416.6237205504979
-38.5,71.5,416.6206663930058
-38.5,72.5,416.6209121630185
-38.5,73.5,416.6244826023475
-38.5,74.5,416.6248441439584
-38.5,75.5,416.6223292707208
-38.5,76.5,416.6231463328618
-38.5,77.5,416.6244871187339
-38.5,78.5,416.62851641037713
-38.5,79.5,416.6271808166933
-38.5,80.5,416.6277796698845
-38.5,81.5,416.62998848191546
-38.5,82.5,416.6278324276433
-38.5,83.5,416.6290048382788
-38.5,84.5,416.6266104715056
-38.5,85.5,416.62603375243776
-38.5,86.5,416.6221954024361
-38.5,87.5,416.6189027745944
-38.5,88.5,416.6160857321977
-38.5,89.5,416.6123317871057
-38.5,90.5,416.610129825179
-38.5,91.5,416.6080382316068
-38.5,92.5,416.6051597590282
-38.5,93.5,416.6005006706956
-38.5,94.5,416.5965481219543
-38.5,95.5,416.59247201743256
-38.5,96.5,416.5880153825847
-38.5,97.5,416.582254583855
-38.5,98.5,416.5777804600306
-38.5,99.5,416.5732521060378
-38.5,100.5,416.56674537704833
-38.5,101.5,416.5643313224036
-38.5,102.5,416.5621020801657
-38.5,103.5,416.5599460986944
-38.5,104.5,416.55864059571337
-38.5,105.5,416.5570598589285
-38.5,106.5,416.55506726404695
-38.5,107.5,416.5541103726237
-38.5,108.5,416.5526448831924
-38.5,109.5,416.5514372733784
-38.5,110.5,416.5499320612717
-38.5,111.5,416.548660759282
-38.5,112.5,416.5474710743754
-38.5,113.5,416.5469856224666
-38.5,114.5,416.5468972668097
-38.5,115.5,416.5473232508237
-38.5,116.5,416.5494233730839
-38.5,117.5,416.54801480356696
-38.5,118.5,416.5471846641834
-38.5,119.5,416.54650347163664
-38.5,120.5,416.5439942877931
-38.5,121.5,416.54120382453306
-38.5,122.5,416.5387859181168
-38.5,123.5,416.53949056016575
-38.5,124.5,416.5366603685159
-38.5,125.5,416.53611515749947
-38.5,126.5,416.536226437794
-38.5,127.5,416.536951965359
-38.5,128.5,416.5369230158612
-38.5,129.5,416.5353160780485
-38.5,130.5,416.5368026629648
-38.5,131.5,416.5376588009088
-38.5,132.5,416.5397469009665
-38.5,133.5,416.5430569676128
-38.5,134.5,416.5448867184493
-38.5,135.5,416.54921076880703
-38.5,136.5,416.5505741439508
-38.5,137.5,416.5538598024584
-38.5,138.5,416.5585517340105
-38.5,139.5,416.5602456910792
-38.5,140.5,416.5600549364336
-38.5,141.5,416.5622436957847
-38.5,142.5,416.5633783637458
-38.5,143.5,416.5640475790704
-38.5,144.5,416.5873648007859
-38.5,145.5,416.609211498288
-38.5,146.5,416.6034397924481
-38.5,147.5,416.5906624255639
-38.5,148.5,416.5793371360221
-38.5,149.5,416.5742819471957
-38.5,150.5,416.569043624998
-38.5,151.5,416.5643578268963
-38.5,152.5,416.5598494794777
-38.5,153.5,416.5548569353138
-38.5,154.5,416.5480370186449
-38.5,155.5,416.540200329306
-38.5,156.5,416.5324952204116
-38.5,157.5,416.5250271921222
-38.5,158.5,416.518177344372
-38.5,159.5,416.5114655564778
-38.5,160.5,416.5072387240755
-38.5,161.5,416.5030924942396
-38.5,162.5,416.4992126271699
-38.5,163.5,416.49656776818034
-38.5,164.5,416.4956634820754
-38.5,165.5,416.49440201337126
-38.5,166.5,416.4949398973701
-38.5,167.5,416.4949344505724
-38.5,168.5,416.49221864255566
-38.5,169.5,416.4902840507011
-38.5,170.5,416.4902956620189
-38.5,171.5,416.4958210514888
-38.5,172.5,416.5025228853772
-38.5,173.5,416.51635417450257
-38.5,174.5,416.54192075835647
-38.5,175.5,416.5522919991682
-38.5,176.5,416.548841760167
-38.5,177.5,416.5411750961784
-38.5,178.5,416.522789910156
-38.5,179.5,416.50554077981855
-37.5,-179.5,416.52555645138216
-37.5,-178.5,416.518897584266
-37.5,-177.5,416.5128562659186
-37.5,-176.5,416.5091729589012
-37.5,-175.5,416.50582997157767
-37.5,-174.5,416.50153079443686
-37.5,-173.5,416.4972503339108
-37.5,-172.5,416.4968327444562
-37.5,-171.5,416.49448155016125
-37.5,-170.5,416.4931298451211
-37.5,-169.5,416.4935782009368
-37.5,-168.5,416.4928743694575
-37.5,-167.5,416.4927331487276
-37.5,-166.5,416.4899441262532
-37.5,-165.5,416.488988896247
-37.5,-164.5,416.4891269768643
-37.5,-163.5,416.4906518661304
-37.5,-162.5,416.49226125337736
-37.5,-161.5,416.492725497275
-37.5,-160.5,416.49296473186047
-37.5,-159.5,416.49482707251406
-37.5,-158.5,416.4943776896913
-37.5,-157.5,416.4939799866973
-37.5,-156.5,416.4927673806389
-37.5,-155.5,416.492311721132
-37.5,-154.5,416.4917444748535
-37.5,-153.5,416.490348968011
-37.5,-152.5,416.4881778432088
-37.5,-151.5,416.4858129657632
-37.5,-150.5,416.4863204289866
-37.5,-149.5,416.4860312156597
-37.5,-148.5,416.4886323409146
-37.5,-147.5,416.4872759287333
-37.5,-146.5,416.4865588429188
-37.5,-145.5,416.4872345675319
-37.5,-144.5,416.488115596348
-37.5,-143.5,416.4890628735593
-37.5,-142.5,416.4927033481072
-37.5,-141.5,416.4945526941158
-37.5,-140.5,416.4990886300954
-37.5,-139.5,416.5014416276063
-37.5,-138.5,416.50313709622543
-37.5,-137.5,416.50520800740594
-37.5,-136.5,416.5054237139106
-37.5,-135.5,416.509407652058
-37.5,-134.5,416.5130784776069
-37.5,-133.5,416.5163921573634
-37.5,-132.5,416.5230685701408
-37.5,-131.5,416.5267361444575
-37.5,-130.5,416.5300990430451
-37.5,-129.5,416.5306488340912
-37.5,-128.5,416.5358461800536
-37.5,-127.5,416.5352886789406
-37.5,-126.5,416.538101391332
-37.5,-125.5,416.5408189307215
-37.5,-124.5,416.54058213406586
-37.5,-123.5,416.5391490008851
-37.5,-122.5,416.5396521023279
-37.5,-121.5,416.5378081280864
-37.5,-120.5,416.5382962066108
-37.5,-119.5,416.5390041565055
-37.5,-118.5,416.5391347742644
-37.5,-117.5,416.53656795533664
-37.5,-116.5,416.5357336394445
-37.5,-115.5,416.5346069277572
-37.5,-114.5,416.53227502320414
-37.5,-113.5,416.5320930481372
-37.5,-112.5,416.5322159788445
-37.5,-111.5,416.53083784998574
-37.5,-110.5,416.53056581946936
-37.5,-109.5,416.5302413339429
-37.5,-108.5,416.5307470825795
-37.5,-107.5,416.5316944604078
-37.5,-106.5,416.53276776883536
-37.5,-105.5,416.5342892437778
-37.5,-104.5,416.53521769067424
-37.5,-103.5,416.53599132242135
-37.5,-102.5,416.5354586270736
-37.5,-101.5,416.5358493292787
-37.5,-100.5,416.53836312065454
-37.5,-99.5,416.53943783490126
-37.5,-98.5,416.5410193691766
-37.5,-97.5,416.5447637866973
-37.5,-96.5,416.5476109957842
-37.5,-95.5,416.5512973343154
-37.5,-94.5,416.5550596635719
-37.5,-93.5,416.5622740742382
-37.5,-92.5,416.5664346086493
-37.5,-91.5,416.57132098152607
-37.5,-90.5,416.5759503044097
-37.5,-89.5,416.58111412503575
-37.5,-88.5,416.5849830215199
-37.5,-87.5,416.591244672538
-37.5,-86.5,416.59492392295766
-37.5,-85.5,416.598084378907
-37.5,-84.5,416.6026957396422
-37.5,-83.5,416.6072963786853
-37.5,-82.5,416.61239672822455
-37.5,-81.5,416.616901771853
-37.5,-80.5,416.6219011284547
-37.5,-79.5,416.6274674756421
-37.5,-78.5,416.6346088556962
-37.5,-77.5,416.6404418948124
-37.5,-76.5,416.64768530305565
-37.5,-75.5,416.6582304605327
-37.5,-74.5,416.6773661804931
-37.5,-73.5,416.7117116774231
-37.5,-72.5,416.8273264050188
-37.5,-71.5,416.6740493851503
-37.5,-70.5,416.6408194907933
-37.5,-69.5,416.7061545904352
-37.5,-68.5,416.7137880674743
-37.5,-67.5,416.7446716389725
-37.5,-66.5,416.7425922390817
-37.5,-65.5,416.6922308938313
-37.5,-64.5,416.71632376958274
-37.5,-63.5,416.70856837268
-37.5,-62.5,416.679115912051
-37.5,-61.5,416.6716728229316
-37.5,-60.5,416.66730457968094
-37.5,-59.5,416.6519224176978
-37.5,-58.5,416.65589977883945
-37.5,-57.5,416.6365612875743
-37.5,-56.5,416.6123410050892
-37.5,-55.5,416.6004912615845
-37.5,-54.5,416.589834667793
-37.5,-53.5,416.5797839931408
-37.5,-52.5,416.57005810911113
-37.5,-51.5,416.5623532920828
-37.5,-50.5,416.55401492075
-37.5,-49.5,416.5446022145014
-37.5,-48.5,416.5370991359662
-37.5,-47.5,416.5267666827596
-37.5,-46.5,416.5336681658754
-37.5,-45.5,416.5337684136069
-37.5,-44.5,416.5332177428484
-37.5,-43.5,416.5388744513992
-37.5,-42.5,416.5375019444909
-37.5,-41.5,416.5368444932258
-37.5,-40.5,416.5328805041896
-37.5,-39.5,416.52974895789407
-37.5,-38.5,416.5297132020996
-37.5,-37.5,416.5276425162471
-37.5,-36.5,416.5261415551868
-37.5,-35.5,416.5247136346439
-37.5,-34.5,416.5243847258751
-37.5,-33.5,416.52574489263566
-37.5,-32.5,416.5266710642066
-37.5,-31.5,416.5283522424668
-37.5,-30.5,416.5282293044128
-37.5,-29.5,416.5279996311472
-37.5,-28.5,416.529037980957
-37.5,-27.5,416.5308238643898
-37.5,-26.5,416.531575406401
-37.5,-25.5,416.5348293201119
-37.5,-24.5,416.5365770207139
-37.5,-23.5,416.5385401362172
-37.5,-22.5,416.5412364887131
-37.5,-21.5,416.5447307668801
-37.5,-20.5,416.5475046144375
-37.5,-19.5,416.5511337581689
-37.5,-18.5,416.5526112195296
-37.5,-17.5,416.5553184537451
-37.5,-16.5,416.558379667378
-37.5,-15.5,416.56364854138974
-37.5,-14.5,416.5666004716008
-37.5,-13.5,416.5708789847061
-37.5,-12.5,416.5710869323921
-37.5,-11.5,416.5734168777723
-37.5,-10.5,416.5732190302073
-37.5,-9.5,416.5758974252728
-37.5,-8.5,416.57748630834953
-37.5,-7.5,416.5789468561828
-37.5,-6.5,416.5817771188258
-37.5,-5.5,416.5819992973202
-37.5,-4.5,416.5816512565722
-37.5,-3.5,416.5802524234992
-37.5,-2.5,416.5813910989319
-37.5,-1.5,416.5815278250371
-37.5,-0.5,416.5812752058685
-37.5,0.5,416.58370975519495
-37.5,1.5,416.5843698684116
-37.5,2.5,416.5838071757061
-37.5,3.5,416.5840614061154
-37.5,4.5,416.5860443512916
-37.5,5.5,416.58582194977737
-37.5,6.5,416.5876286035109
-37.5,7.5,416.5867041303296
-37.5,8.5,416.58576310964975
-37.5,9.5,416.58734756626825
-37.5,10.5,416.58746714056514
-37.5,11.5,416.5857349947811
-37.5,12.5,416.5869471961123
-37.5,13.5,416.5873185794532
-37.5,14.5,416.58690533682
-37.5,15.5,416.59230419494514
-37.5,16.5,416.595152669464
-37.5,17.5,416.6011230400276
-37.5,18.5,416.6042765624948
-37.5,19.5,416.6095343787314
-37.5,20.5,416.6146201777804
-37.5,21.5,416.62183947843647
-37.5,22.5,416.62496504360894
-37.5,23.5,416.6311631738281
-37.5,24.5,416.63874325990935
-37.5,25.5,416.64554051812354
-37.5,26.5,416.6506318348395
-37.5,27.5,416.6547479894312
-37.5,28.5,416.6627247145096
-37.5,29.5,416.66628152392485
-37.5,30.5,416.669418464899
-37.5,31.5,416.675689785102
-37.5,32.5,416.6743233046103
-37.5,33.5,416.676888725418
-37.5,34.5,416.6747047424719
-37.5,35.5,416.6721539563633
-37.5,36.5,416.6726475120905
-37.5,37.5,416.6759170311579
-37.5,38.5,416.6768904887374
-37.5,39.5,416.6756732744391
-37.5,40.5,416.6804933479956
-37.5,41.5,416.67991016551446
-37.5,42.5,416.6786786647205
-37.5,43.5,416.6807519555125
-37.5,44.5,416.6774843653165
-37.5,45.5,416.6801656266605
-37.5,46.5,416.6824649078864
-37.5,47.5,416.6831420904405
-37.5,48.5,416.683105639999
-37.5,49.5,416.67907580890335
-37.5,50.5,416.68429258579306
-37.5,51.5,416.68354485754094
-37.5,52.5,416.6831599620992
-37.5,53.5,416.68350501048826
-37.5,54.5,416.67949342796913
-37.5,55.5,416.68392295997705
-37.5,56.5,416.68538708694473
-37.5,57.5,416.68441711556585
-37.5,58.5,416.6834342516551
-37.5,59.5,416.6830944179047
-37.5,60.5,416.6769665887963
-37.5,61.5,416.6804172176368
-37.5,62.5,416.6757271395439
-37.5,63.5,416.6797003820649
-37.5,64.5,416.6798747123519
-37.5,65.5,416.6767979672736
-37.5,66.5,416.6805315383874
-37.5,67.5,416.6805419071202
-37.5,68.5,416.68069761919054
-37.5,69.5,416.68150289619655
-37.5,70.5,416.6819526282911
-37.5,71.5,416.68133362543
-37.5,72.5,416.6777381381941
-37.5,73.5,416.6807442391547
-37.5,74.5,416.6782940539504
-37.5,75.5,416.6818043117213
-37.5,76.5,416.6799795238343
-37.5,77.5,416.6814279935101
-37.5,78.5,416.6850725922826
-37.5,79.5,416.6816201015835
-37.5,80.5,416.68254509614326
-37.5,81.5,416.68418060344186
-37.5,82.5,416.682649566609
-37.5,83.5,416.68092595080816
-37.5,84.5,416.679083824969
-37.5,85.5,416.6767882395856
-37.5,86.5,416.6738946538196
-37.5,87.5,416.6703976488015
-37.5,88.5,416.664411154472
-37.5,89.5,416.66054435131485
-37.5,90.5,416.6570499463672
-37.5,91.5,416.65346470006347
-37.5,92.5,416.6492310191014
-37.5,93.5,416.6447272850692
-37.5,94.5,416.6397179344808
-37.5,95.5,416.6357069794218
-37.5,96.5,416.63128455080977
-37.5,97.5,416.6270303148234
-37.5,98.5,416.6215456173841
-37.5,99.5,416.61725175991006
-37.5,100.5,416.6132057480264
-37.5,101.5,416.6091291875432
-37.5,102.5,416.60733041499657
-37.5,103.5,416.6054189008822
-37.5,104.5,416.6034347620465
-37.5,105.5,416.6023049904037
-37.5,106.5,416.6008429626445
-37.5,107.5,416.6000998215243
-37.5,108.5,416.5991628328159
-37.5,109.5,416.5984584446714
-37.5,110.5,416.5978317794582
-37.5,111.5,416.5977317057481
-37.5,112.5,416.5982677353455
-37.5,113.5,416.598957045706
-37.5,114.5,416.5998717107144
-37.5,115.5,416.6033097396409
-37.5,116.5,416.6043237327309
-37.5,117.5,416.6029119348829
-37.5,118.5,416.6005528293045
-37.5,119.5,416.5973226926918
-37.5,120.5,416.59553062318287
-37.5,121.5,416.5933232956
-37.5,122.5,416.5933569992144
-37.5,123.5,416.59277704341
-37.5,124.5,416.5900268164906
-37.5,125.5,416.5893206355464
-37.5,126.5,416.58834551032334
-37.5,127.5,416.5862177452765
-37.5,128.5,416.588020951846
-37.5,129.5,416.58701835817135
-37.5,130.5,416.5886645447939
-37.5,131.5,416.5895219730816
-37.5,132.5,416.5915066768469
-37.5,133.5,416.5927537750322
-37.5,134.5,416.5959897833196
-37.5,135.5,416.6016246393773
-37.5,136.5,416.60361046856247
-37.5,137.5,416.6113043254708
-37.5,138.5,416.615387360312
-37.5,139.5,416.614973848604
-37.5,140.5,416.608167527975
-37.5,141.5,416.6021874799122
-37.5,142.5,416.5853209610521
-37.5,143.5,416.5914594993701
-37.5,144.5,416.6172990345503
-37.5,145.5,416.6322946346384
-37.5,146.5,416.5746617985325
-37.5,147.5,416.5925303572598
-37.5,148.5,416.6086644109007
-37.5,149.5,416.6269934328993
-37.5,150.5,416.625880194726
-37.5,151.5,416.62044227890993
-37.5,152.5,416.6117079914102
-37.5,153.5,416.60257672641006
-37.5,154.5,416.5936217675104
-37.5,155.5,416.58386622237407
-37.5,156.5,416.5755792378623
-37.5,157.5,416.56852695498816
-37.5,158.5,416.5613587491729
-37.5,159.5,416.5546884520444
-37.5,160.5,416.5482428579823
-37.5,161.5,416.54337796561
-37.5,162.5,416.5400634202522
-37.5,163.5,416.5365138513393
-37.5,164.5,416.53651417891047
-37.5,165.5,416.5362116267613
-37.5,166.5,416.5347014053237
-37.5,167.5,416.5337252494756
-37.5,168.5,416.5310103751696
-37.5,169.5,416.5281314809719
-37.5,170.5,416.52711018583886
-37.5,171.5,416.5315311278263
-37.5,172.5,416.53867248353646
-37.5,173.5,416.5480535969264
-37.5,174.5,416.5688683971526
-37.5,175.5,416.6335529192815
-37.5,176.5,416.5879473864687
-37.5,177.5,416.57344559584686
-37.5,178.5,416.5462007338376
-37.5,179.5,416.534644646928
-36.5,-179.5,416.56334492329887
-36.5,-178.5,416.5564794657638
-36.5,-177.5,416.5514067561896
-36.5,-176.5,416.5486827684847
-36.5,-175.5,416.5473219559384
-36.5,-174.5,416.5433546299113
-36.5,-173.5,416.5426826353323
-36.5,-172.5,416.541628071421
-36.5,-171.5,416.54007753080384
-36.5,-170.5,416.5402600945624
-36.5,-169.5,416.5393802085678
-36.5,-168.5,416.5379877897492
-36.5,-167.5,416.5362052773172
-36.5,-166.5,416.5352232733973
-36.5,-165.5,416.5354545484754
-36.5,-164.5,416.5351304190452
-36.5,-163.5,416.5365294436701
-36.5,-162.5,416.53751055121126
-36.5,-161.5,416.5391095525373
-36.5,-160.5,416.5417711547979
-36.5,-159.5,416.5421284142159
-36.5,-158.5,416.5416397260515
-36.5,-157.5,416.54056743773975
-36.5,-156.5,416.5397038208588
-36.5,-155.5,416.5391744640349
-36.5,-154.5,416.5378102699084
-36.5,-153.5,416.5359804487743
-36.5,-152.5,416.5346152438499
-36.5,-151.5,416.5326228390561
-36.5,-150.5,416.5337379519319
-36.5,-149.5,416.53412702382855
-36.5,-148.5,416.5348139408362
-36.5,-147.5,416.5344255861572
-36.5,-146.5,416.53453920155
-36.5,-145.5,416.5336383086479
-36.5,-144.5,416.5364579035647
-36.5,-143.5,416.5390828384749
-36.5,-142.5,416.5410130399019
-36.5,-141.5,416.5459270329369
-36.5,-140.5,416.55005732607424
-36.5,-139.5,416.5529771926659
-36.5,-138.5,416.5550094740969
-36.5,-137.5,416.5569406870666
-36.5,-136.5,416.55793128547134
-36.5,-135.5,416.5637192818521
-36.5,-134.5,416.5675653628729
-36.5,-133.5,416.5690181693352
-36.5,-132.5,416.572941516104
-36.5,-131.5,416.5742104157761
-36.5,-130.5,416.5813727694489
-36.5,-129.5,416.58275544649337
-36.5,-128.5,416.586080403245
-36.5,-127.5,416.5914329261232
-36.5,-126.5,416.5922317090448
-36.5,-125.5,416.5935565219112
-36.5,-124.5,416.5927980602848
-36.5,-123.5,416.592896316527
-36.5,-122.5,416.5929086983296
-36.5,-121.5,416.59015545058986
-36.5,-120.5,416.590022596762
-36.5,-119.5,416.5898991614404
-36.5,-118.5,416.5886638916977
-36.5,-117.5,416.5870351498995
-36.5,-116.5,416.58407685769095
-36.5,-115.5,416.58268580882
-36.5,-114.5,416.5816223883871
-36.5,-113.5,416.5792984903204
-36.5,-112.5,416.5792218352551
-36.5,-111.5,416.57832626808073
-36.5,-110.5,416.5765293419417
-36.5,-109.5,416.5768474992173
-36.5,-108.5,416.5769651085493
-36.5,-107.5,416.5776529919604
-36.5,-106.5,416.5783614428434
-36.5,-105.5,416.57913946587325
-36.5,-104.5,416.580699162484
-36.5,-103.5,416.58092443210495
-36.5,-102.5,416.5809547852903
-36.5,-101.5,416.5826078772159
-36.5,-100.5,416.5850280722028
-36.5,-99.5,416.587743743705
-36.5,-98.5,416.5915871486607
-36.5,-97.5,416.5952469751534
-36.5,-96.5,416.59919354816367
-36.5,-95.5,416.60344523150303
-36.5,-94.5,416.609183065714
-36.5,-93.5,416.61698405922914
-36.5,-92.5,416.622062368195
-36.5,-91.5,416.6272204452385
-36.5,-90.5,416.6315808933115
-36.5,-89.5,416.6362117379623
-36.5,-88.5,416.6430792684339
-36.5,-87.5,416.6483716501849
-36.5,-86.5,416.65344341858383
-36.5,-85.5,416.6585792082061
-36.5,-84.5,416.6641026047816
-36.5,-83.5,416.6696978680639
-36.5,-82.5,416.6749615995575
-36.5,-81.5,416.6824243122621
-36.5,-80.5,416.6879946947041
-36.5,-79.5,416.6935959189965
-36.5,-78.5,416.7001408679943
-36.5,-77.5,416.7063031815976
-36.5,-76.5,416.7156025551119
-36.5,-75.5,416.7271140963517
-36.5,-74.5,416.74388724350166
-36.5,-73.5,416.7843842913284
-36.5,-72.5,416.8706472055371
-36.5,-71.5,416.8993143966055
-36.5,-70.5,416.7208450759864
-36.5,-69.5,416.70795502417474
-36.5,-68.5,416.73165597506977
-36.5,-67.5,416.77162503836365
-36.5,-66.5,416.7965879210897
-36.5,-65.5,416.7754282752527
-36.5,-64.5,416.7676126625689
-36.5,-63.5,416.7700298547252
-36.5,-62.5,416.7612381017192
-36.5,-61.5,416.75013990258833
-36.5,-60.5,416.7348571906045
-36.5,-59.5,416.7302146480764
-36.5,-58.5,416.7092169682627
-36.5,-57.5,416.6502196270949
-36.5,-56.5,416.6627592781511
-36.5,-55.5,416.6511602092029
-36.5,-54.5,416.616960504304
-36.5,-53.5,416.62973493778463
-36.5,-52.5,416.62272535015694
-36.5,-51.5,416.6145845012993
-36.5,-50.5,416.6049550420238
-36.5,-49.5,416.5865100577718
-36.5,-48.5,416.59412019409865
-36.5,-47.5,416.5961625343144
-36.5,-46.5,416.599221257994
-36.5,-45.5,416.6010155167372
-36.5,-44.5,416.6001830387076
-36.5,-43.5,416.6010725970405
-36.5,-42.5,416.5997346264211
-36.5,-41.5,416.59615295692737
-36.5,-40.5,416.5945439900808
-36.5,-39.5,416.58982425611816
-36.5,-38.5,416.5899637089484
-36.5,-37.5,416.5886432548275
-36.5,-36.5,416.5832702269193
-36.5,-35.5,416.5840936450017
-36.5,-34.5,416.5834525228309
-36.5,-33.5,416.5833962897329
-36.5,-32.5,416.5860458451479
-36.5,-31.5,416.58563439903605
-36.5,-30.5,416.58452019187695
-36.5,-29.5,416.5862241409547
-36.5,-28.5,416.5851680478032
-36.5,-27.5,416.5860722833722
-36.5,-26.5,416.5885755734265
-36.5,-25.5,416.5889052032898
-36.5,-24.5,416.59123864277
-36.5,-23.5,416.59314317559256
-36.5,-22.5,416.5951732337394
-36.5,-21.5,416.6003451549407
-36.5,-20.5,416.6044965943948
-36.5,-19.5,416.60738932332094
-36.5,-18.5,416.6098371220459
-36.5,-17.5,416.6143914774078
-36.5,-16.5,416.6192468288394
-36.5,-15.5,416.6222153919705
-36.5,-14.5,416.62584003981584
-36.5,-13.5,416.6275664709613
-36.5,-12.5,416.6281049711913
-36.5,-11.5,416.6276562059423
-36.5,-10.5,416.6288040799976
-36.5,-9.5,416.6318934226393
-36.5,-8.5,416.6337508469809
-36.5,-7.5,416.6334231626623
-36.5,-6.5,416.63390058214907
-36.5,-5.5,416.6350392098085
-36.5,-4.5,416.63413025652414
-36.5,-3.5,416.6343909846907
-36.5,-2.5,416.63536456830354
-36.5,-1.5,416.6351577249196
-36.5,-0.5,416.6364161244029
-36.5,0.5,416.6384906270001
-36.5,1.5,416.6395889996319
-36.5,2.5,416.6403064429797
-36.5,3.5,416.639864826357
-36.5,4.5,416.6401733498672
-36.5,5.5,416.6413187532707
-36.5,6.5,416.6414395829834
-36.5,7.5,416.641759854658
-36.5,8.5,416.6425784639266
-36.5,9.5,416.6431605540175
-36.5,10.5,416.64132442422846
-36.5,11.5,416.64036720597846
-36.5,12.5,416.6396581274861
-36.5,13.5,416.6410559091688
-36.5,14.5,416.6447264911129
-36.5,15.5,416.64817076848897
-36.5,16.5,416.65689386377886
-36.5,17.5,416.6593131418685
-36.5,18.5,416.666211565046
-36.5,19.5,416.6721252198847
-36.5,20.5,416.68073117478673
-36.5,21.5,416.68364458079935
-36.5,22.5,416.690294934724
-36.5,23.5,416.6979385633392
-36.5,24.5,416.7029229417015
-36.5,25.5,416.7122733348942
-36.5,26.5,416.7183105918797
-36.5,27.5,416.7206601017561
-36.5,28.5,416.7292078661592
-36.5,29.5,416.73250902811856
-36.5,30.5,416.7381971760457
-36.5,31.5,416.7401952617049
-36.5,32.5,416.7372573793709
-36.5,33.5,416.7358545456469
-36.5,34.5,416.7354088595605
-36.5,35.5,416.7377254005042
-36.5,36.5,416.7372977968586
-36.5,37.5,416.7338182109022
-36.5,38.5,416.7337433055431
-36.5,39.5,416.739267250302
-36.5,40.5,416.7383939503464
-36.5,41.5,416.7331356848854
-36.5,42.5,416.7336105478743
-36.5,43.5,416.7316721575311
-36.5,44.5,416.7331321794724
-36.5,45.5,416.733879098104
-36.5,46.5,416.7327952157708
-36.5,47.5,416.7284792230816
-36.5,48.5,416.7322192333205
-36.5,49.5,416.7276047334399
-36.5,50.5,416.73274617434106
-36.5,51.5,416.7283676965078
-36.5,52.5,416.732774595564
-36.5,53.5,416.7325747034032
-36.5,54.5,416.7331908829418
-36.5,55.5,416.7310518970445
-36.5,56.5,416.73506362483226
-36.5,57.5,416.7298654772948
-36.5,58.5,416.7289118107758
-36.5,59.5,416.7278197960021
-36.5,60.5,416.7317381027906
-36.5,61.5,416.7311625076703
-36.5,62.5,416.7285406843462
-36.5,63.5,416.7328844221208
-36.5,64.5,416.7321993861445
-36.5,65.5,416.7326088592771
-36.5,66.5,416.7341590326905
-36.5,67.5,416.7353222574639
-36.5,68.5,416.7364035381351
-36.5,69.5,416.7372145908784
-36.5,70.5,416.73343534421406
-36.5,71.5,416.73635095344446
-36.5,72.5,416.7359154321466
-36.5,73.5,416.7357325671268
-36.5,74.5,416.73633841791286
-36.5,75.5,416.7368002977815
-36.5,76.5,416.7344735769983
-36.5,77.5,416.7372332108007
-36.5,78.5,416.7373471092071
-36.5,79.5,416.7370820725777
-36.5,80.5,416.73389307627207
-36.5,81.5,416.7340424148692
-36.5,82.5,416.7295504810397
-36.5,83.5,416.7294368142944
-36.5,84.5,416.7275935587695
-36.5,85.5,416.7241770611406
-36.5,86.5,416.72200714595687
-36.5,87.5,416.7181071412428
-36.5,88.5,416.7132019718269
-36.5,89.5,416.70677311028027
-36.5,90.5,416.7018074452972
-36.5,91.5,416.6970328626006
-36.5,92.5,416.6924641014081
-36.5,93.5,416.6878705089416
-36.5,94.5,416.6824540163007
-36.5,95.5,416.6778768450079
-36.5,96.5,416.6734123284781
-36.5,97.5,416.6695638010688
-36.5,98.5,416.6653560265089
-36.5,99.5,416.6608392339895
-36.5,100.5,416.65771797595386
-36.5,101.5,416.6551989691738
-36.5,102.5,416.6517300367538
-36.5,103.5,416.6496454084705
-36.5,104.5,416.6495404619536
-36.5,105.5,416.6479442956671
-36.5,106.5,416.6475690692378
-36.5,107.5,416.6467917277556
-36.5,108.5,416.6460800222949
-36.5,109.5,416.6461860810956
-36.5,110.5,416.6469662052292
-36.5,111.5,416.64868147748206
-36.5,112.5,416.6503790228468
-36.5,113.5,416.6529967134812
-36.5,114.5,416.6561498081488
-36.5,115.5,416.65766203530086
-36.5,116.5,416.6581548630115
-36.5,117.5,416.6559108427072
-36.5,118.5,416.6530255829321
-36.5,119.5,416.65006285572696
-36.5,120.5,416.6484023577217
-36.5,121.5,416.64758012176543
-36.5,122.5,416.65055642218624
-36.5,123.5,416.6513067601702
-36.5,124.5,416.6492550274294
-36.5,125.5,416.6459236782984
-36.5,126.5,416.6437488549172
-36.5,127.5,416.6455198402027
-36.5,128.5,416.6440263938567
-36.5,129.5,416.6448525981325
-36.5,130.5,416.6436450430032
-36.5,131.5,416.64377312035447
-36.5,132.5,416.6449754896951
-36.5,133.5,416.6486789704104
-36.5,134.5,416.6535436976817
-36.5,135.5,416.6584172037037
-36.5,136.5,416.6628952033042
-36.5,137.5,416.66347881583926
-36.5,138.5,416.6702697656463
-36.5,139.5,416.66133460684426
-36.5,140.5,416.6514820300724
-36.5,141.5,416.6548486146795
-36.5,142.5,416.6600094633284
-36.5,143.5,416.6693527464989
-36.5,144.5,416.68489731384045
-36.5,145.5,416.7076658995185
-36.5,146.5,416.70961137850645
-36.5,147.5,416.67891310624594
-36.5,148.5,416.6368589241407
-36.5,149.5,416.6348278862358
-36.5,150.5,416.6848381184586
-36.5,151.5,416.6809989167198
-36.5,152.5,416.6682495265828
-36.5,153.5,416.65485210002953
-36.5,154.5,416.6425042533774
-36.5,155.5,416.6311392916877
-36.5,156.5,416.6218265755024
-36.5,157.5,416.61407680131344
-36.5,158.5,416.60648717462806
-36.5,159.5,416.59970484549126
-36.5,160.5,416.5940303136423
-36.5,161.5,416.5880488436462
-36.5,162.5,416.584481821216
-36.5,163.5,416.5828539734934
-36.5,164.5,416.5809924781522
-36.5,165.5,416.5789921987781
-36.5,166.5,416.5762838850168
-36.5,167.5,416.5735318663982
-36.5,168.5,416.5690901490146
-36.5,169.5,416.5684148394411
-36.5,170.5,416.56889156515086
-36.5,171.5,416.571322976976
-36.5,172.5,416.5760882263767
-36.5,173.5,416.5884784129431
-36.5,174.5,416.6071496967273
-36.5,175.5,416.6047223695418
-36.5,176.5,416.5966113088444
-36.5,177.5,416.5872167647719
-36.5,178.5,416.5799722044063
-36.5,179.5,416.5693855826075
-35.5,-179.5,416.6052913279372
-35.5,-178.5,416.6013660189528
-35.5,-177.5,416.5984612311574
-35.5,-176.5,416.5934847988853
-35.5,-175.5,416.5929792308958
-35.5,-174.5,416.5913195667812
-35.5,-173.5,416.5932113404603
-35.5,-172.5,416.5932074493413
-35.5,-171.5,416.5922909852591
-35.5,-170.5,416.5910114671386
-35.5,-169.5,416.5899500735992
-35.5,-168.5,416.5885850227876
-35.5,-167.5,416.5861448553292
-35.5,-166.5,416.5861610385298
-35.5,-165.5,416.5858761700732
-35.5,-164.5,416.58630831991945
-35.5,-163.5,416.58708418842366
-35.5,-162.5,416.5888608655329
-35.5,-161.5,416.5900500820742
-35.5,-160.5,416.590882259508
-35.5,-159.5,416.5910441129086
-35.5,-158.5,416.5899698384523
-35.5,-157.5,416.58913401528895
-35.5,-156.5,416.5904683623836
-35.5,-155.5,416.5899806225253
-35.5,-154.5,416.58922525588446
-35.5,-153.5,416.5885088520566
-35.5,-152.5,416.58761153281273
-35.5,-151.5,416.5870623853143
-35.5,-150.5,416.585513890023
-35.5,-149.5,416.5858344807921
-35.5,-148.5,416.9011672467681
-35.5,-147.5,416.5852668074319
-35.5,-146.5,416.5845122587135
-35.5,-145.5,416.58714403007167
-35.5,-144.5,416.5872218676553
-35.5,-143.5,416.5897564744716
-35.5,-142.5,416.5949573326717
-35.5,-141.5,416.5994608398402
-35.5,-140.5,416.6044277695549
-35.5,-139.5,416.6069652773965
-35.5,-138.5,416.6116825953905
-35.5,-137.5,416.6140720623092
-35.5,-136.5,416.61718281742935
-35.5,-135.5,416.6205303510811
-35.5,-134.5,416.6207693426962
-35.5,-133.5,416.62646010738285
-35.5,-132.5,416.6301523883228
-35.5,-131.5,416.634185497938
-35.5,-130.5,416.6365083371697
-35.5,-129.5,416.6403895234841
-35.5,-128.5,416.6434747998207
-35.5,-127.5,416.64470905608925
-35.5,-126.5,416.6495638068319
-35.5,-125.5,416.6513014999316
-35.5,-124.5,416.6496347016607
-35.5,-123.5,416.6494967091151
-35.5,-122.5,416.64940594591314
-35.5,-121.5,416.6481713279381
-35.5,-120.5,416.6444743253465
-35.5,-119.5,416.64349403234496
-35.5,-118.5,416.6411711866671
-35.5,-117.5,416.6385827444604
-35.5,-116.5,416.6343709546996
-35.5,-115.5,416.63248410596987
-35.5,-114.5,416.63111540123634
-35.5,-113.5,416.6303451402697
-35.5,-112.5,416.628103276816
-35.5,-111.5,416.627351094222
-35.5,-110.5,416.6269668542192
-35.5,-109.5,416.6251856307304
-35.5,-108.5,416.62465405695485
-35.5,-107.5,416.62517234739073
-35.5,-106.5,416.6266818909854
-35.5,-105.5,416.6281320061447
-35.5,-104.5,416.6288213632428
-35.5,-103.5,416.6292393074691
-35.5,-102.5,416.6305387884241
-35.5,-101.5,416.63230558870094
-35.5,-100.5,416.63522493721314
-35.5,-99.5,416.6388779371534
-35.5,-98.5,416.6450758215647
-35.5,-97.5,416.65012170152175
-35.5,-96.5,416.65503660752427
-35.5,-95.5,416.6601717419849
-35.5,-94.5,416.66800187101694
-35.5,-93.5,416.6739011522181
-35.5,-92.5,416.67994552896056
-35.5,-91.5,416.6857864793422
-35.5,-90.5,416.6930861170957
-35.5,-89.5,416.6973834762288
-35.5,-88.5,416.7021443561487
-35.5,-87.5,416.70870635648345
-35.5,-86.5,416.71505081238416
-35.5,-85.5,416.7225605775384
-35.5,-84.5,416.7307771273286
-35.5,-83.5,416.7378951391905
-35.5,-82.5,416.7440358367704
-35.5,-81.5,416.74974750274185
-35.5,-80.5,416.75554022105456
-35.5,-79.5,416.7608631357133
-35.5,-78.5,416.7681394354227
-35.5,-77.5,416.7757490840504
-35.5,-76.5,416.7851143684025
-35.5,-75.5,416.7977445459362
-35.5,-74.5,416.8129409282837
-35.5,-73.5,416.8433498465928
-35.5,-72.5,416.9085576817466
-35.5,-71.5,416.95318456573546
-35.5,-70.5,416.7610598961154
-35.5,-69.5,416.8158053828944
-35.5,-68.5,416.8031743417069
-35.5,-67.5,416.8645638534069
-35.5,-66.5,416.8462298577992
-35.5,-65.5,416.8242694739271
-35.5,-64.5,416.8335045798066
-35.5,-63.5,416.822163382778
-35.5,-62.5,416.7992700821047
-35.5,-61.5,416.7906175030215
-35.5,-60.5,416.7949394051127
-35.5,-59.5,416.80456216667295
-35.5,-58.5,416.8144950849028
-35.5,-57.5,416.7415904451475
-35.5,-56.5,416.7244252956224
-35.5,-55.5,416.7141306889748
-35.5,-54.5,416.7041793000648
-35.5,-53.5,416.6936465473328
-35.5,-52.5,416.6793476526994
-35.5,-51.5,416.6689805236764
-35.5,-50.5,416.6625814781386
-35.5,-49.5,416.6608891117733
-35.5,-48.5,416.6608450236224
-35.5,-47.5,416.6636672620367
-35.5,-46.5,416.664375174101
-35.5,-45.5,416.6643021009751
-35.5,-44.5,416.6635547583104
-35.5,-43.5,416.662765380186
-35.5,-42.5,416.6620107649227
-35.5,-41.5,416.6611402070264
-35.5,-40.5,416.657611279936
-35.5,-39.5,416.6560713683754
-35.5,-38.5,416.6538544826691
-35.5,-37.5,416.6471468367918
-35.5,-36.5,416.6483321183768
-35.5,-35.5,416.6469616113508
-35.5,-34.5,416.6474249211899
-35.5,-33.5,416.6472575351272
-35.5,-32.5,416.6496683353563
-35.5,-31.5,416.6483179609922
-35.5,-30.5,416.64993950419336
-35.5,-29.5,416.6488619342988
-35.5,-28.5,416.6478770928973
-35.5,-27.5,416.6467610772336
-35.5,-26.5,416.6481451974993
-35.5,-25.5,416.6478719297278
-35.5,-24.5,416.6491293952772
-35.5,-23.5,416.65013487433913
-35.5,-22.5,416.6550560343272
-35.5,-21.5,416.6587170663794
-35.5,-20.5,416.6618553131797
-35.5,-19.5,416.6644003294229
-35.5,-18.5,416.6707232293624
-35.5,-17.5,416.6734055971916
-35.5,-16.5,416.67657658390993
-35.5,-15.5,416.6803966320697
-35.5,-14.5,416.6826262512754
-35.5,-13.5,416.6836713331744
-35.5,-12.5,416.68592729256784
-35.5,-11.5,416.6877661689289
-35.5,-10.5,416.6873193095983
-35.5,-9.5,416.6880241665563
-35.5,-8.5,416.6866847880741
-35.5,-7.5,416.6870183763433
-35.5,-6.5,416.6871667738562
-35.5,-5.5,416.6870422051273
-35.5,-4.5,416.6882293031595
-35.5,-3.5,416.6900334306868
-35.5,-2.5,416.6899613395818
-35.5,-1.5,416.6904986326953
-35.5,-0.5,416.6913853144678
-35.5,0.5,416.6930414331224
-35.5,1.5,416.694597471359
-35.5,2.5,416.69560382269634
-35.5,3.5,416.6954741398
-35.5,4.5,416.6958154158911
-35.5,5.5,416.694851727813
-35.5,6.5,416.6958465683799
-35.5,7.5,416.6959186017708
-35.5,8.5,416.6968697122329
-35.5,9.5,416.698294117395
-35.5,10.5,416.6977236810108
-35.5,11.5,416.6967030981667
-35.5,12.5,416.6968554099544
-35.5,13.5,416.6980734806633
-35.5,14.5,416.701535639689
-35.5,15.5,416.70856735566144
-35.5,16.5,416.7160410523712
-35.5,17.5,416.7241870980434
-35.5,18.5,416.7326545831338
-35.5,19.5,416.74153035587887
-35.5,20.5,416.7525653994719
-35.5,21.5,416.7597647726838
-35.5,22.5,416.7656774060164
-35.5,23.5,416.7685094307489
-35.5,24.5,416.77965469973054
-35.5,25.5,416.7867325188469
-35.5,26.5,416.7907552119472
-35.5,27.5,416.7967277296244
-35.5,28.5,416.80084702473016
-35.5,29.5,416.8096433619737
-35.5,30.5,416.8083788352736
-35.5,31.5,416.8097475405233
-35.5,32.5,416.8083015055706
-35.5,33.5,416.8065968664564
-35.5,34.5,416.80323394780834
-35.5,35.5,416.8004007054117
-35.5,36.5,416.7950682381484
-35.5,37.5,416.7979687563487
-35.5,38.5,416.7965410656034
-35.5,39.5,416.79467194019895
-35.5,40.5,416.7963130365272
-35.5,41.5,416.7932443486849
-35.5,42.5,416.79402793641015
-35.5,43.5,416.7909520824527
-35.5,44.5,416.7877701241163
-35.5,45.5,416.7870363510317
-35.5,46.5,416.780188539538
-35.5,47.5,416.7827818937115
-35.5,48.5,416.7810147292012
-35.5,49.5,416.7812139871529
-35.5,50.5,416.7764830866973
-35.5,51.5,416.7812591127357
-35.5,52.5,416.7772491501847
-35.5,53.5,416.7818911489839
-35.5,54.5,416.7777196362991
-35.5,55.5,416.7783827134152
-35.5,56.5,416.78302193200426
-35.5,57.5,416.77818473181566
-35.5,58.5,416.7830972045917
-35.5,59.5,416.7848200044236
-35.5,60.5,416.78433743594326
-35.5,61.5,416.7843559082239
-35.5,62.5,416.7783395841995
-35.5,63.5,416.7780264631341
-35.5,64.5,416.7838608473621
-35.5,65.5,416.7850503076571
-35.5,66.5,416.7871135674481
-35.5,67.5,416.7843446920147
-35.5,68.5,416.7908545576863
-35.5,69.5,416.79235775369824
-35.5,70.5,416.7890098570958
-35.5,71.5,416.7916343801523
-35.5,72.5,416.791167761066
-35.5,73.5,416.791384375102
-35.5,74.5,416.7918043934603
-35.5,75.5,416.78921719934505
-35.5,76.5,416.791481284764
-35.5,77.5,416.7906906735477
-35.5,78.5,416.78916274740936
-35.5,79.5,416.7867580590579
-35.5,80.5,416.783734701876
-35.5,81.5,416.77959647696287
-35.5,82.5,416.77948872155855
-35.5,83.5,416.77748186640406
-35.5,84.5,416.77469186424383
-35.5,85.5,416.77080240278303
-35.5,86.5,416.7677509495254
-35.5,87.5,416.76398515713214
-35.5,88.5,416.7597219972505
-35.5,89.5,416.7539133280392
-35.5,90.5,416.7480430011405
-35.5,91.5,416.74130458865136
-35.5,92.5,416.7363575559908
-35.5,93.5,416.7317861567841
-35.5,94.5,416.7266647159098
-35.5,95.5,416.7211357815677
-35.5,96.5,416.71627035846393
-35.5,97.5,416.711631749654
-35.5,98.5,416.70816596997366
-35.5,99.5,416.7043661745461
-35.5,100.5,416.701927653302
-35.5,101.5,416.6999837523885
-35.5,102.5,416.6976667583654
-35.5,103.5,416.6950929808302
-35.5,104.5,416.6950828644559
-35.5,105.5,416.9276984190362
-35.5,106.5,416.6938843692629
-35.5,107.5,416.6934274049367
-35.5,108.5,416.69371808698327
-35.5,109.5,416.69546744187033
-35.5,110.5,416.6985933582554
-35.5,111.5,416.7009107933053
-35.5,112.5,416.7037624163974
-35.5,113.5,416.7086745907935
-35.5,114.5,416.7133133105809
-35.5,115.5,416.7165357233793
-35.5,116.5,416.7176154959008
-35.5,117.5,416.7170620527455
-35.5,118.5,416.7104179568145
-35.5,119.5,416.7078328626088
-35.5,120.5,416.7070132325912
-35.5,121.5,416.70947868606
-35.5,122.5,416.7104721313442
-35.5,123.5,416.7106185736981
-35.5,124.5,416.7082532571184
-35.5,125.5,416.70742279866016
-35.5,126.5,416.7060163232528
-35.5,127.5,416.7055008342092
-35.5,128.5,416.7047614727727
-35.5,129.5,416.7035364426941
-35.5,130.5,416.70280895928215
-35.5,131.5,416.7061984465893
-35.5,132.5,416.7058339877224
-35.5,133.5,416.7077269423185
-35.5,134.5,416.7127228577382
-35.5,135.5,416.7129089361912
-35.5,136.5,416.7151982525248
-35.5,137.5,416.72039546506335
-35.5,138.5,416.72235203244287
-35.5,139.5,416.71572851399407
-35.5,140.5,416.7098386285339
-35.5,141.5,416.7084466333368
-35.5,142.5,416.7214957748646
-35.5,143.5,416.7278844921565
-35.5,144.5,416.74227226126817
-35.5,145.5,416.7581707234892
-35.5,146.5,416.7739189947077
-35.5,147.5,416.76110399329787
-35.5,148.5,416.70728181737854
-35.5,149.5,416.719448907357
-35.5,150.5,416.76064313911553
-35.5,151.5,416.74970628606
-35.5,152.5,416.7311560625246
-35.5,153.5,416.71420475597694
-35.5,154.5,416.6990495693045
-35.5,155.5,416.683971493873
-35.5,156.5,416.671856509658
-35.5,157.5,416.6618864485423
-35.5,158.5,416.65377500106143
-35.5,159.5,416.6473346164023
-35.5,160.5,416.6421544579307
-35.5,161.5,416.6373140925441
-35.5,162.5,416.6340823298039
-35.5,163.5,416.6313147602601
-35.5,164.5,416.6275883522797
-35.5,165.5,416.6245231665636
-35.5,166.5,416.62132090446033
-35.5,167.5,416.61693900643553
-35.5,168.5,416.61475394999496
-35.5,169.5,416.613015691409
-35.5,170.5,416.6129555742203
-35.5,171.5,416.6130663639181
-35.5,172.5,416.61877960189065
-35.5,173.5,416.6425772173874
-35.5,174.5,416.63086898186793
-35.5,175.5,416.6315683303009
-35.5,176.5,416.62429717875546
-35.5,177.5,416.6192019238935
-35.5,178.5,416.6156121928792
-35.5,179.5,416.60911825653926
-34.5,-179.5,416.65495576420847
-34.5,-178.5,416.6515579018224
-34.5,-177.5,416.64848148930383
-34.5,-176.5,416.64423245059055
-34.5,-175.5,416.6414067477617
-34.5,-174.5,416.642816390514
-34.5,-173.5,416.6435353455397
-34.5,-172.5,416.6445523796924
-34.5,-171.5,416.6461623529771
-34.5,-170.5,416.64564839002287
-34.5,-169.5,416.6443966481046
-34.5,-168.5,416.6428269919018
-34.5,-167.5,416.6414752332033
-34.5,-166.5,416.6396239091075
-34.5,-165.5,416.6402023774806
-34.5,-164.5,416.6426407357387
-34.5,-163.5,416.64279846405407
-34.5,-162.5,416.64317129417
-34.5,-161.5,416.64309816031897
-34.5,-160.5,416.6434509701869
-34.5,-159.5,416.6432841977481
-34.5,-158.5,416.6424325478739
-34.5,-157.5,416.6433229598997
-34.5,-156.5,416.6436015588737
-34.5,-155.5,416.6441173209542
-34.5,-154.5,416.6450260428487
-34.5,-153.5,416.64530583638185
-34.5,-152.5,416.64536223191885
-34.5,-151.5,416.6453676058046
-34.5,-150.5,416.6437273378119
-34.5,-149.5,416.6435769162089
-34.5,-148.5,416.6432728273
-34.5,-147.5,416.6403141690356
-34.5,-146.5,416.6420281539079
-34.5,-145.5,416.6408378393338
-34.5,-144.5,416.6432047518661
-34.5,-143.5,416.6487826424727
-34.5,-142.5,416.6534144564035
-34.5,-141.5,416.6569606122552
-34.5,-140.5,416.66287067510586
-34.5,-139.5,416.668193208352
-34.5,-138.5,416.6734818493357
-34.5,-137.5,416.6770024217777
-34.5,-136.5,416.6800882642883
-34.5,-135.5,416.6820055149617
-34.5,-134.5,416.6846053023823
-34.5,-133.5,416.6841176444667
-34.5,-132.5,416.69049537343176
-34.5,-131.5,416.6943605970184
-34.5,-130.5,416.6982121676597
-34.5,-129.5,416.69908648586966
-34.5,-128.5,416.70223205405057
-34.5,-127.5,416.7037634493272
-34.5,-126.5,416.7083096954086
-34.5,-125.5,416.70920808050414
-34.5,-124.5,416.7102911459072
-34.5,-123.5,416.7095719993119
-34.5,-122.5,416.7060367761342
-34.5,-121.5,416.7040961551263
-34.5,-120.5,416.7018663313634
-34.5,-119.5,416.69716648076457
-34.5,-118.5,416.69341813103097
-34.5,-117.5,416.6901548936912
-34.5,-116.5,416.6869822217663
-34.5,-115.5,416.683815469864
-34.5,-114.5,416.6829822288946
-34.5,-113.5,416.6820668542025
-34.5,-112.5,416.6797759641585
-34.5,-111.5,416.6796504871076
-34.5,-110.5,416.67887150109306
-34.5,-109.5,416.6769247588703
-34.5,-108.5,416.6772056160117
-34.5,-107.5,416.6783023592174
-34.5,-106.5,416.6784970641917
-34.5,-105.5,416.6799765440411
-34.5,-104.5,416.6801952841883
-34.5,-103.5,416.6803355449479
-34.5,-102.5,416.6834035638964
-34.5,-101.5,416.6863668267693
-34.5,-100.5,416.6904460805314
-34.5,-99.5,416.6977548027572
-34.5,-98.5,416.7030316558647
-34.5,-97.5,416.70818440628
-34.5,-96.5,416.7134569270429
-34.5,-95.5,416.7211621149409
-34.5,-94.5,416.726923935488
-34.5,-93.5,416.7334230088793
-34.5,-92.5,416.74195370933774
-34.5,-91.5,416.7481780325924
-34.5,-90.5,416.7546956489984
-34.5,-89.5,416.7615855865004
-34.5,-88.5,416.76758970303206
-34.5,-87.5,416.7741443610878
-34.5,-86.5,416.7814716151427
-34.5,-85.5,416.7904767576457
-34.5,-84.5,416.7977428118133
-34.5,-83.5,416.8052616053443
-34.5,-82.5,416.8108999572838
-34.5,-81.5,416.8175178822584
-34.5,-80.5,416.8231078329179
-34.5,-79.5,416.8299207638484
-34.5,-78.5,416.8368010814257
-34.5,-77.5,416.8440647890918
-34.5,-76.5,416.8568392523508
-34.5,-75.5,416.8666149950038
-34.5,-74.5,416.88051356701857
-34.5,-73.5,416.9053646287169
-34.5,-72.5,416.9575064615652
-34.5,-71.5,417.0284959581683
-34.5,-70.5,416.8977069342209
-34.5,-69.5,416.76559742737896
-34.5,-68.5,416.91764080738784
-34.5,-67.5,416.9099529130999
-34.5,-66.5,416.8827852597248
-34.5,-65.5,416.8809358791717
-34.5,-64.5,416.8872915020386
-34.5,-63.5,416.8648582840548
-34.5,-62.5,416.83236274689807
-34.5,-61.5,416.82430153611466
-34.5,-60.5,416.828064407886
-34.5,-59.5,416.8899460261189
-34.5,-58.5,416.8822169083075
-34.5,-57.5,416.8037229631757
-34.5,-56.5,416.8034355367257
-34.5,-55.5,416.76838550344354
-34.5,-54.5,416.76306986067
-34.5,-53.5,416.7517953743994
-34.5,-52.5,416.7403264057258
-34.5,-51.5,416.7310830776601
-34.5,-50.5,416.7265174881404
-34.5,-49.5,416.72766589187984
-34.5,-48.5,416.7315849864568
-34.5,-47.5,416.731900805129
-34.5,-46.5,416.7324390001768
-34.5,-45.5,416.7311877832736
-34.5,-44.5,416.73049316390944
-34.5,-43.5,416.7285893294281
-34.5,-42.5,416.7287197619608
-34.5,-41.5,416.727886413988
-34.5,-40.5,416.7241471074625
-34.5,-39.5,416.7168785485034
-34.5,-38.5,416.7155220474903
-34.5,-37.5,416.7157846821258
-34.5,-36.5,416.716016858029
-34.5,-35.5,416.71629068605176
-34.5,-34.5,416.7158244069326
-34.5,-33.5,416.7197534891339
-34.5,-32.5,416.7188165204335
-34.5,-31.5,416.7152723844587
-34.5,-30.5,416.71813311091057
-34.5,-29.5,416.7142051821384
-34.5,-28.5,416.7126742169143
-34.5,-27.5,416.71368280377885
-34.5,-26.5,416.71259684187737
-34.5,-25.5,416.7121047456306
-34.5,-24.5,416.71228786987007
-34.5,-23.5,416.7163112600467
-34.5,-22.5,416.7165369050448
-34.5,-21.5,416.71723531136246
-34.5,-20.5,416.7219266874172
-34.5,-19.5,416.72489474966017
-34.5,-18.5,416.72707300821
-34.5,-17.5,416.7306901360125
-34.5,-16.5,416.7334279383316
-34.5,-15.5,416.7358521438678
-34.5,-14.5,416.73764842655305
-34.5,-13.5,416.7403894458476
-34.5,-12.5,416.7423777883459
-34.5,-11.5,416.7426558170425
-34.5,-10.5,416.7433269070755
-34.5,-9.5,416.7418284270501
-34.5,-8.5,416.7400523642806
-34.5,-7.5,416.738745157038
-34.5,-6.5,416.73911057799273
-34.5,-5.5,416.7394428755381
-34.5,-4.5,416.7428068072583
-34.5,-3.5,416.7442782193899
-34.5,-2.5,416.7459178659949
-34.5,-1.5,416.7461635649871
-34.5,-0.5,416.7474738070693
-34.5,0.5,416.748977984817
-34.5,1.5,416.7503752399133
-34.5,2.5,416.7510749094694
-34.5,3.5,416.7513519887286
-34.5,4.5,416.7511863905948
-34.5,5.5,416.7507309573044
-34.5,6.5,416.7514649024321
-34.5,7.5,416.7526960733837
-34.5,8.5,416.7534880159535
-34.5,9.5,416.7525929081116
-34.5,10.5,416.7519165883988
-34.5,11.5,416.751754348847
-34.5,12.5,416.7538816328325
-34.5,13.5,416.76051567488327
-34.5,14.5,416.7657145371674
-34.5,15.5,416.7739582007633
-34.5,16.5,416.7833010315872
-34.5,17.5,416.7962137626451
-34.5,18.5,416.8259118720146
-34.5,19.5,416.82930347040497
-34.5,20.5,416.8322007375051
-34.5,21.5,416.8470752798269
-34.5,22.5,416.85772114474094
-34.5,23.5,416.86388858109
-34.5,24.5,416.87030812935694
-34.5,25.5,416.875538243449
-34.5,26.5,416.882355958157
-34.5,27.5,416.8844338802669
-34.5,28.5,416.8871859946733
-34.5,29.5,416.8876225800436
-34.5,30.5,416.8894361653463
-34.5,31.5,416.8796571512127
-34.5,32.5,416.8745051969637
-34.5,33.5,416.8696634728117
-34.5,34.5,416.8683916561704
-34.5,35.5,416.8636885478615
-34.5,36.5,416.85862739221136
-34.5,37.5,416.85726946743904
-34.5,38.5,416.8585295475949
-34.5,39.5,416.8561464685417
-34.5,40.5,416.85324917389056
-34.5,41.5,416.8521051538118
-34.5,42.5,416.8488257456446
-34.5,43.5,416.84517200437807
-34.5,44.5,416.8431540813184
-34.5,45.5,416.8397196061403
-34.5,46.5,416.8313587220451
-34.5,47.5,416.8284256792466
-34.5,48.5,416.83273290389695
-34.5,49.5,416.826533008378
-34.5,50.5,416.8303910712484
-34.5,51.5,416.8318364734456
-34.5,52.5,416.8300989815745
-34.5,53.5,416.8291772369205
-34.5,54.5,416.82454609381
-34.5,55.5,416.82958908554224
-34.5,56.5,416.8250770445318
-34.5,57.5,416.8307553448858
-34.5,58.5,416.8329030789531
-34.5,59.5,416.832986564306
-34.5,60.5,416.83272589335263
-34.5,61.5,416.8324321093354
-34.5,62.5,416.8258553233533
-34.5,63.5,416.8323327955179
-34.5,64.5,416.8335150375616
-34.5,65.5,416.83542204984167
-34.5,66.5,416.83256359448256
-34.5,67.5,416.8369692327976
-34.5,68.5,416.845182371104
-34.5,69.5,416.84701553450606
-34.5,70.5,416.8474766230916
-34.5,71.5,416.8443941186318
-34.5,72.5,416.8443653011467
-34.5,73.5,416.8442652444286
-34.5,74.5,416.84699053883503
-34.5,75.5,416.848203159017
-34.5,76.5,416.84788093153816
-34.5,77.5,416.8415961179746
-34.5,78.5,416.8381452275249
-34.5,79.5,416.8341249062117
-34.5,80.5,416.8303551725919
-34.5,81.5,416.8292277278082
-34.5,82.5,416.8248307673632
-34.5,83.5,416.8234406855681
-34.5,84.5,416.8200099120001
-34.5,85.5,416.81698049796
-34.5,86.5,416.8124436486601
-34.5,87.5,416.809412682671
-34.5,88.5,416.805236949793
-34.5,89.5,416.7991138264164
-34.5,90.5,416.7926603414746
-34.5,91.5,416.7866277668117
-34.5,92.5,416.7811747529258
-34.5,93.5,416.775107969451
-34.5,94.5,416.76989083100966
-34.5,95.5,416.7642698280646
-34.5,96.5,416.7576301899739
-34.5,97.5,416.75387955870553
-34.5,98.5,416.7500451489424
-34.5,99.5,416.74743988298593
-34.5,100.5,416.7456078624708
-34.5,101.5,416.7446239362276
-34.5,102.5,416.7444825871622
-34.5,103.5,416.7428073628232
-34.5,104.5,416.7423776083492
-34.5,105.5,416.74227873164
-34.5,106.5,416.741854086538
-34.5,107.5,416.7429949779092
-34.5,108.5,416.7454025388667
-34.5,109.5,416.7475602590303
-34.5,110.5,416.75236353345286
-34.5,111.5,416.7567904721985
-34.5,112.5,416.7616546785635
-34.5,113.5,416.7734193097932
-34.5,114.5,416.7860074707032
-34.5,115.5,416.79737372646326
-34.5,116.5,416.8191035025601
-34.5,117.5,416.80642685169255
-34.5,118.5,416.7955854847981
-34.5,119.5,416.7734161834789
-34.5,120.5,416.7758156185598
-34.5,121.5,416.7749916170384
-34.5,122.5,416.7736051896569
-34.5,123.5,416.76975710153056
-34.5,124.5,416.7688264376653
-34.5,125.5,416.76817841318814
-34.5,126.5,416.7678983217583
-34.5,127.5,416.7685027829773
-34.5,128.5,416.7686666673188
-34.5,129.5,416.767835158577
-34.5,130.5,416.7688775114056
-34.5,131.5,416.7664164245091
-34.5,132.5,416.7694440890022
-34.5,133.5,416.7710767817358
-34.5,134.5,416.7730712633898
-34.5,135.5,416.77436011352233
-34.5,136.5,416.7730453435478
-34.5,137.5,416.77837354431085
-34.5,138.5,416.794173893911
-34.5,139.5,416.77700588615113
-34.5,140.5,416.7775462565733
-34.5,141.5,416.7792833484237
-34.5,142.5,416.7832405359403
-34.5,143.5,416.79020713933215
-34.5,144.5,416.799726270259
-34.5,145.5,416.8113792431064
-34.5,146.5,416.8175901334019
-34.5,147.5,416.8318281078298
-34.5,148.5,416.8278122828437
-34.5,149.5,416.8224727991491
-34.5,150.5,416.8594050580889
-34.5,151.5,416.8414543756635
-34.5,152.5,416.80380677934346
-34.5,153.5,416.7775251522252
-34.5,154.5,416.75570581291805
-34.5,155.5,416.7385650414925
-34.5,156.5,416.7255297099426
-34.5,157.5,416.71478630431
-34.5,158.5,416.7046430350725
-34.5,159.5,416.69795209096105
-34.5,160.5,416.6928235112565
-34.5,161.5,416.6872661428289
-34.5,162.5,416.68251854326405
-34.5,163.5,416.6791275341745
-34.5,164.5,416.6762057550016
-34.5,165.5,416.67228906631686
-34.5,166.5,416.6692172629452
-34.5,167.5,416.6668100475884
-34.5,168.5,416.6641998566869
-34.5,169.5,416.6631289363579
-34.5,170.5,416.66256634459774
-34.5,171.5,416.6625534243039
-34.5,172.5,416.6636058333797
-34.5,173.5,416.6671017683381
-34.5,174.5,416.667320036528
-34.5,175.5,416.66457521068
-34.5,176.5,416.6635180992329
-34.5,177.5,416.6614231557999
-34.5,178.5,416.65852499078846
-34.5,179.5,416.6574544529397
-33.5,-179.5,416.7063260975895
-33.5,-178.5,416.7049115187456
-33.5,-177.5,416.702783656331
-33.5,-176.5,416.7007662689472
-33.5,-175.5,416.6997408895364
-33.5,-174.5,416.700038159826
-33.5,-173.5,416.7012512297327
-33.5,-172.5,416.7043897324114
-33.5,-171.5,416.7077436639293
-33.5,-170.5,416.7066356490104
-33.5,-169.5,416.7063658033829
-33.5,-168.5,416.70741471023626
-33.5,-167.5,416.7039710786804
-33.5,-166.5,416.7017795670917
-33.5,-165.5,416.7009507350528
-33.5,-164.5,416.7022460043767
-33.5,-163.5,416.7020687192414
-33.5,-162.5,416.7010211696315
-33.5,-161.5,416.7002941922227
-33.5,-160.5,416.6995863652568
-33.5,-159.5,416.6998115880841
-33.5,-158.5,416.70004741154094
-33.5,-157.5,416.6999024080851
-33.5,-156.5,416.7009073374116
-33.5,-155.5,416.7026714996912
-33.5,-154.5,416.7039602793511
-33.5,-153.5,416.7033534552396
-33.5,-152.5,416.70343939711
-33.5,-151.5,416.7050530304796
-33.5,-150.5,416.7033817601487
-33.5,-149.5,416.703760710459
-33.5,-148.5,416.70374940443713
-33.5,-147.5,416.7025341458833
-33.5,-146.5,416.7025559239638
-33.5,-145.5,416.7016189934575
-33.5,-144.5,416.704969215452
-33.5,-143.5,416.7103092540997
-33.5,-142.5,416.71645437000006
-33.5,-141.5,416.7229120706528
-33.5,-140.5,416.7311603338291
-33.5,-139.5,416.7372569556467
-33.5,-138.5,416.740454897451
-33.5,-137.5,416.74157483273154
-33.5,-136.5,416.74848525640994
-33.5,-135.5,416.74600104892914
-33.5,-134.5,416.7506223340011
-33.5,-133.5,416.7524061002793
-33.5,-132.5,416.75399403332807
-33.5,-131.5,416.7517257988405
-33.5,-130.5,416.7582932462992
-33.5,-129.5,416.7580685020582
-33.5,-128.5,416.7650566049257
-33.5,-127.5,416.7646950674662
-33.5,-126.5,416.7689307847901
-33.5,-125.5,416.7691720183712
-33.5,-124.5,416.76791287945446
-33.5,-123.5,416.7663680967965
-33.5,-122.5,416.7634652601556
-33.5,-121.5,416.75937024878334
-33.5,-120.5,416.75635684304086
-33.5,-119.5,416.753163948309
-33.5,-118.5,416.7489967481282
-33.5,-117.5,416.7442635763381
-33.5,-116.5,416.7413509484096
-33.5,-115.5,416.74005356020814
-33.5,-114.5,416.7372588883701
-33.5,-113.5,416.7375923299536
-33.5,-112.5,416.7369182389592
-33.5,-111.5,416.7341518136072
-33.5,-110.5,416.7339536272213
-33.5,-109.5,416.7340081261011
-33.5,-108.5,416.73275622426286
-33.5,-107.5,416.7342269270584
-33.5,-106.5,416.7355214564316
-33.5,-105.5,416.7352063729296
-33.5,-104.5,416.7356638369747
-33.5,-103.5,416.739605262248
-33.5,-102.5,416.7428663889972
-33.5,-101.5,416.7469359543069
-33.5,-100.5,416.75499769728697
-33.5,-99.5,416.7605079466453
-33.5,-98.5,416.76515832098784
-33.5,-97.5,416.7714784653944
-33.5,-96.5,416.7770300553799
-33.5,-95.5,416.7829109893356
-33.5,-94.5,416.7891830556669
-33.5,-93.5,416.79879775063375
-33.5,-92.5,416.80619947351687
-33.5,-91.5,416.8131401977113
-33.5,-90.5,416.8205988980933
-33.5,-89.5,416.8280917403113
-33.5,-88.5,416.8345035545854
-33.5,-87.5,416.84463679375926
-33.5,-86.5,416.850736479925
-33.5,-85.5,416.8572961705543
-33.5,-84.5,416.8645859191234
-33.5,-83.5,416.8714350757402
-33.5,-82.5,416.8776795351259
-33.5,-81.5,416.8844668870759
-33.5,-80.5,416.8885262326341
-33.5,-79.5,416.8965717349822
-33.5,-78.5,416.9029108826579
-33.5,-77.5,416.91149170030553
-33.5,-76.5,416.9206510611332
-33.5,-75.5,416.92997127739767
-33.5,-74.5,416.9417140112294
-33.5,-73.5,416.964533881371
-33.5,-72.5,417.0070519032113
-33.5,-71.5,417.1283148384828
-33.5,-70.5,416.8015712726736
-33.5,-69.5,417.0281626239793
-33.5,-68.5,416.9999427263105
-33.5,-67.5,416.9514293137729
-33.5,-66.5,416.81522479153074
-33.5,-65.5,416.88193617770406
-33.5,-64.5,416.90149541130296
-33.5,-63.5,416.91194314786793
-33.5,-62.5,416.8776520817534
-33.5,-61.5,416.8536965663912
-33.5,-60.5,416.86411833880345
-33.5,-59.5,416.8786110879285
-33.5,-58.5,416.8470064825169
-33.5,-57.5,416.8321880215418
-33.5,-56.5,416.8145997675777
-33.5,-55.5,416.8013279374239
-33.5,-54.5,416.813714776538
-33.5,-53.5,416.80733708960537
-33.5,-52.5,416.7976327940944
-33.5,-51.5,416.79392122470585
-33.5,-50.5,416.7972897094172
-33.5,-49.5,416.79988788401954
-33.5,-48.5,416.8054020364522
-33.5,-47.5,416.8077449840634
-33.5,-46.5,416.8058853071816
-33.5,-45.5,416.79581134342845
-33.5,-44.5,416.8008340927006
-33.5,-43.5,416.7998612724343
-33.5,-42.5,416.7974955271924
-33.5,-41.5,416.7973847067984
-33.5,-40.5,416.7958216160831
-33.5,-39.5,416.7912776970883
-33.5,-38.5,416.7900570398903
-33.5,-37.5,416.7899046547226
-33.5,-36.5,416.78742307637134
-33.5,-35.5,416.7875861245639
-33.5,-34.5,416.7903630703499
-33.5,-33.5,416.78636562304985
-33.5,-32.5,416.7866113700536
-33.5,-31.5,416.7867044311981
-33.5,-30.5,416.7835029497315
-33.5,-29.5,416.7801069800774
-33.5,-28.5,416.77922305966064
-33.5,-27.5,416.7768474529754
-33.5,-26.5,416.77600621866713
-33.5,-25.5,416.778884446038
-33.5,-24.5,416.7792252597146
-33.5,-23.5,416.7794435198948
-33.5,-22.5,416.77915034177374
-33.5,-21.5,416.7815701514018
-33.5,-20.5,416.7828555604761
-33.5,-19.5,416.7843261767158
-33.5,-18.5,416.786810610098
-33.5,-17.5,416.78875845074737
-33.5,-16.5,416.7906032547296
-33.5,-15.5,416.7950913904737
-33.5,-14.5,416.7959559309592
-33.5,-13.5,416.79663900885794
-33.5,-12.5,416.79738986568617
-33.5,-11.5,416.79697217728295
-33.5,-10.5,416.7962612260831
-33.5,-9.5,416.7945045359235
-33.5,-8.5,416.7926282787814
-33.5,-7.5,416.7914448366627
-33.5,-6.5,416.79161983782535
-33.5,-5.5,416.79429436838114
-33.5,-4.5,416.7960756990976
-33.5,-3.5,416.7979779739665
-33.5,-2.5,416.7989582532922
-33.5,-1.5,416.7999233057223
-33.5,-0.5,416.8016947777339
-33.5,0.5,416.8029742273251
-33.5,1.5,416.8033430930713
-33.5,2.5,416.80447392601286
-33.5,3.5,416.805372602336
-33.5,4.5,416.8059176254706
-33.5,5.5,416.8078136229323
-33.5,6.5,416.8075043802692
-33.5,7.5,416.8088562026535
-33.5,8.5,416.80965483852106
-33.5,9.5,416.80974864901833
-33.5,10.5,416.8101683083247
-33.5,11.5,416.8119692486599
-33.5,12.5,416.8161666214119
-33.5,13.5,416.82259248380456
-33.5,14.5,416.8280430651103
-33.5,15.5,416.8406810895492
-33.5,16.5,416.8491322635755
-33.5,17.5,416.8759517989719
-33.5,18.5,416.9293729598591
-33.5,19.5,416.8930019449321
-33.5,20.5,416.8912453606223
-33.5,21.5,416.9079865107204
-33.5,22.5,416.9515370397596
-33.5,23.5,416.9323318617827
-33.5,24.5,416.9425232088924
-33.5,25.5,416.976617410685
-33.5,26.5,416.998667984977
-33.5,27.5,416.99950671895226
-33.5,28.5,416.9851057848863
-33.5,29.5,416.9740256236167
-33.5,30.5,416.9703193200765
-33.5,31.5,416.9621071595399
-33.5,32.5,416.9447594684424
-33.5,33.5,416.9390720924275
-33.5,34.5,416.93033624826046
-33.5,35.5,416.922522597141
-33.5,36.5,416.9172814691989
-33.5,37.5,416.9115222709634
-33.5,38.5,416.9084773812508
-33.5,39.5,416.9102275449495
-33.5,40.5,416.90750567027567
-33.5,41.5,416.90393431435393
-33.5,42.5,416.8957122143556
-33.5,43.5,416.8988202413644
-33.5,44.5,416.8948205910565
-33.5,45.5,416.8912767932242
-33.5,46.5,416.88987523553726
-33.5,47.5,416.8865206390965
-33.5,48.5,416.883889036838
-33.5,49.5,416.8820268472107
-33.5,50.5,416.8771408039728
-33.5,51.5,416.8803647516186
-33.5,52.5,416.8785909811973
-33.5,53.5,416.8771796620625
-33.5,54.5,416.8711013641423
-33.5,55.5,416.87637013244967
-33.5,56.5,416.87214218766
-33.5,57.5,416.87820390893216
-33.5,58.5,416.8787708020834
-33.5,59.5,416.8726200165507
-33.5,60.5,416.87212565956327
-33.5,61.5,416.8776594570048
-33.5,62.5,416.877148586624
-33.5,63.5,416.8775228910174
-33.5,64.5,416.87382247820096
-33.5,65.5,416.8772369748467
-33.5,66.5,416.8879526557234
-33.5,67.5,416.8921013824953
-33.5,68.5,416.8952975003663
-33.5,69.5,416.8978462429213
-33.5,70.5,416.8989764689621
-33.5,71.5,416.8966931863746
-33.5,72.5,416.8992513320202
-33.5,73.5,416.89943686211245
-33.5,74.5,416.9005373075297
-33.5,75.5,416.89882544477655
-33.5,76.5,416.8993387513692
-33.5,77.5,416.8943806406029
-33.5,78.5,416.8916405076288
-33.5,79.5,416.8875310661778
-33.5,80.5,416.8809580489424
-33.5,81.5,416.8769901780096
-33.5,82.5,416.8749063844531
-33.5,83.5,416.87075111543385
-33.5,84.5,416.8667345435312
-33.5,85.5,416.8624331555987
-33.5,86.5,416.8596382952518
-33.5,87.5,416.8553017694658
-33.5,88.5,416.84959432076135
-33.5,89.5,416.8440978869454
-33.5,90.5,416.8378523101197
-33.5,91.5,416.8321417320866
-33.5,92.5,416.8263156922641
-33.5,93.5,416.820472939621
-33.5,94.5,416.81341078406206
-33.5,95.5,416.8076269330598
-33.5,96.5,416.8024476833361
-33.5,97.5,416.79773675187386
-33.5,98.5,416.7940036396149
-33.5,99.5,416.7914932276272
-33.5,100.5,416.7906997781043
-33.5,101.5,416.7912287055137
-33.5,102.5,416.7921670331474
-33.5,103.5,416.7919341431012
-33.5,104.5,416.7908100284201
-33.5,105.5,416.7920543282584
-33.5,106.5,416.79254683994986
-33.5,107.5,416.79355620634703
-33.5,108.5,416.79804066295645
-33.5,109.5,416.80364719894
-33.5,110.5,416.80940701323937
-33.5,111.5,416.8158423760098
-33.5,112.5,416.8273606815233
-33.5,113.5,416.8449971038498
-33.5,114.5,416.8693589135933
-33.5,115.5,416.9079490471729
-33.5,116.5,416.93419298193487
-33.5,117.5,416.8793899759051
-33.5,118.5,416.8627691637869
-33.5,119.5,416.8577053679989
-33.5,120.5,416.8632484148693
-33.5,121.5,416.863743533038
-33.5,122.5,416.8404327265852
-33.5,123.5,416.8320541888471
-33.5,124.5,416.8308710887899
-33.5,125.5,416.83105183649343
-33.5,126.5,416.83053574974906
-33.5,127.5,416.8314435734103
-33.5,128.5,416.83393171670014
-33.5,129.5,416.8326661196878
-33.5,130.5,416.8332702065933
-33.5,131.5,416.83295524704175
-33.5,132.5,416.83327082911455
-33.5,133.5,416.8341022738445
-33.5,134.5,416.8358318650573
-33.5,135.5,416.82551424303534
-33.5,136.5,416.8260293857199
-33.5,137.5,416.8373922075517
-33.5,138.5,416.8345850963755
-33.5,139.5,416.8197897185186
-33.5,140.5,416.82946402788974
-33.5,141.5,416.83760127288497
-33.5,142.5,416.84252847339854
-33.5,143.5,416.8484761412146
-33.5,144.5,416.8629812032768
-33.5,145.5,416.87376404374754
-33.5,146.5,416.8797898909616
-33.5,147.5,416.8891448705636
-33.5,148.5,416.8722078252225
-33.5,149.5,416.9062060066199
-33.5,150.5,416.96957107890375
-33.5,151.5,417.0162407206168
-33.5,152.5,416.9008681137888
-33.5,153.5,416.8500838840269
-33.5,154.5,416.8190845426416
-33.5,155.5,416.7986008981332
-33.5,156.5,416.7837319453299
-33.5,157.5,416.7713633330943
-33.5,158.5,416.760787651921
-33.5,159.5,416.7518290525856
-33.5,160.5,416.7438043121472
-33.5,161.5,416.7374022017454
-33.5,162.5,416.73311101431887
-33.5,163.5,416.7331493071527
-33.5,164.5,416.7274567467768
-33.5,165.5,416.72436824862416
-33.5,166.5,416.7216987029838
-33.5,167.5,416.7203297676799
-33.5,168.5,416.7192346045789
-33.5,169.5,416.7194168310096
-33.5,170.5,416.7155176531767
-33.5,171.5,416.7145423333386
-33.5,172.5,416.7133135057221
-33.5,173.5,416.7129065149716
-33.5,174.5,416.7133518093812
-33.5,175.5,416.71351028853167
-33.5,176.5,416.7119198604624
-33.5,177.5,416.7119844438029
-33.5,178.5,416.7107765632776
-33.5,179.5,416.7093892407172
-32.5,-179.5,416.7639586962424
-32.5,-178.5,416.7629148847802
-32.5,-177.5,416.76270241669096
-32.5,-176.5,416.7632624113813
-32.5,-175.5,416.7620462819267
-32.5,-174.5,416.7620888934153
-32.5,-173.5,416.7654698033912
-32.5,-172.5,416.7670372744034
-32.5,-171.5,416.7684435652933
-32.5,-170.5,416.7716406082561
-32.5,-169.5,416.7734622960435
-32.5,-168.5,416.773480860769
-32.5,-167.5,416.77088596711377
-32.5,-166.5,416.76693733127706
-32.5,-165.5,416.767079485415
-32.5,-164.5,416.76697520052375
-32.5,-163.5,416.7656264434991
-32.5,-162.5,416.76322901922623
-32.5,-161.5,416.7621836312831
-32.5,-160.5,416.76137157147696
-32.5,-159.5,416.7610050715827
-32.5,-158.5,416.7612496745184
-32.5,-157.5,416.76262521997154
-32.5,-156.5,416.7633073974487
-32.5,-155.5,416.7649997276334
-32.5,-154.5,416.7669342601103
-32.5,-153.5,416.7674653088337
-32.5,-152.5,416.76920292804505
-32.5,-151.5,416.7680297296853
-32.5,-150.5,416.7689275862893
-32.5,-149.5,416.76822201360966
-32.5,-148.5,416.7678430600944
-32.5,-147.5,416.7653029515849
-32.5,-146.5,416.7682248446457
-32.5,-145.5,416.77102339406906
-32.5,-144.5,416.7760488019501
-32.5,-143.5,416.7796271455125
-32.5,-142.5,416.7861790250132
-32.5,-141.5,416.7933272490369
-32.5,-140.5,416.7998384980157
-32.5,-139.5,416.8084984014631
-32.5,-138.5,416.810448858431
-32.5,-137.5,416.8180873452171
-32.5,-136.5,416.8169868434613
-32.5,-135.5,416.81806053186415
-32.5,-134.5,416.8223621834031
-32.5,-133.5,416.8141156396944
-32.5,-132.5,416.819300046599
-32.5,-131.5,416.82017145274193
-32.5,-130.5,416.8218215752574
-32.5,-129.5,416.8213255207403
-32.5,-128.5,416.82787741279947
-32.5,-127.5,416.8274519718677
-32.5,-126.5,416.8293092363359
-32.5,-125.5,416.82552422113287
-32.5,-124.5,416.8248426239609
-32.5,-123.5,416.8230796594843
-32.5,-122.5,416.82055134089165
-32.5,-121.5,416.8157699927282
-32.5,-120.5,416.8130346486
-32.5,-119.5,416.8099322441604
-32.5,-118.5,416.8064280087917
-32.5,-117.5,416.8036175621735
-32.5,-116.5,416.7991439632373
-32.5,-115.5,416.7976521537073
-32.5,-114.5,416.7961303497235
-32.5,-113.5,416.7940764132406
-32.5,-112.5,416.79361953515456
-32.5,-111.5,416.7936381464297
-32.5,-110.5,416.79200256434217
-32.5,-109.5,416.7917714966375
-32.5,-108.5,416.7917630214996
-32.5,-107.5,416.7924445533684
-32.5,-106.5,416.7935697164576
-32.5,-105.5,416.79491176068007
-32.5,-104.5,416.800231789965
-32.5,-103.5,416.8042783203758
-32.5,-102.5,416.8083726324471
-32.5,-101.5,416.8146452517107
-32.5,-100.5,416.8194268957454
-32.5,-99.5,416.82452183347937
-32.5,-98.5,416.8308145071092
-32.5,-97.5,416.83588505292965
-32.5,-96.5,416.8415701269402
-32.5,-95.5,416.8477259534741
-32.5,-94.5,416.8546315640439
-32.5,-93.5,416.8647755348817
-32.5,-92.5,416.8724467579114
-32.5,-91.5,416.87987231367424
-32.5,-90.5,416.8875467308028
-32.5,-89.5,416.89662325361394
-32.5,-88.5,416.903629466046
-32.5,-87.5,416.9093945427952
-32.5,-86.5,416.9167679034226
-32.5,-85.5,416.9231842406261
-32.5,-84.5,416.9302724689493
-32.5,-83.5,416.936518837823
-32.5,-82.5,416.9442815776197
-32.5,-81.5,416.9521250804301
-32.5,-80.5,416.95695696126455
-32.5,-79.5,416.9607275880136
-32.5,-78.5,416.9667924702172
-32.5,-77.5,416.9720172087582
-32.5,-76.5,416.979992516857
-32.5,-75.5,416.9895744999157
-32.5,-74.5,417.00319296603607
-32.5,-73.5,417.0292392036007
-32.5,-72.5,417.07774090905
-32.5,-71.5,417.21137458574873
-32.5,-70.5,417.02959977711663
-32.5,-69.5,416.8516746080911
-32.5,-68.5,417.0301505181785
-32.5,-67.5,416.9892084389867
-32.5,-66.5,416.9498141953441
-32.5,-65.5,416.89406770908175
-32.5,-64.5,416.8502435854165
-32.5,-63.5,416.9236854337019
-32.5,-62.5,416.9079824612877
-32.5,-61.5,416.89494177402815
-32.5,-60.5,416.9186606031539
-32.5,-59.5,416.87086574347234
-32.5,-58.5,416.8683127478535
-32.5,-57.5,416.85507701520805
-32.5,-56.5,416.8449813914557
-32.5,-55.5,416.8497099009168
-32.5,-54.5,416.8361536427741
-32.5,-53.5,416.8485596041532
-32.5,-52.5,416.84199854618976
-32.5,-51.5,416.8477413312924
-32.5,-50.5,416.8535871087525
-32.5,-49.5,416.86295017355775
-32.5,-48.5,416.8628940360416
-32.5,-47.5,416.8727243826032
-32.5,-46.5,416.8744586595824
-32.5,-45.5,416.875800115367
-32.5,-44.5,416.87461137253854
-32.5,-43.5,416.8739563989994
-32.5,-42.5,416.8730076398416
-32.5,-41.5,416.87027040751576
-32.5,-40.5,416.87048734298975
-32.5,-39.5,416.8701834969706
-32.5,-38.5,416.8656015802068
-32.5,-37.5,416.8648250891757
-32.5,-36.5,416.862882565678
-32.5,-35.5,416.8586816856978
-32.5,-34.5,416.85317914500416
-32.5,-33.5,416.851468978996
-32.5,-32.5,416.8509710315354
-32.5,-31.5,416.8475613597748
-32.5,-30.5,416.8439999225378
-32.5,-29.5,416.8428882702414
-32.5,-28.5,416.8394173501474
-32.5,-27.5,416.8382976233974
-32.5,-26.5,416.8402865329189
-32.5,-25.5,416.84059258503873
-32.5,-24.5,416.84058699748914
-32.5,-23.5,416.8405391564023
-32.5,-22.5,416.8403237409187
-32.5,-21.5,416.8434079516263
-32.5,-20.5,416.8446668463234
-32.5,-19.5,416.84547921828414
-32.5,-18.5,416.8472148733194
-32.5,-17.5,416.8503439027288
-32.5,-16.5,416.8524673592664
-32.5,-15.5,416.8538545151055
-32.5,-14.5,416.8544639738141
-32.5,-13.5,416.85436848128825
-32.5,-12.5,416.8533315615422
-32.5,-11.5,416.8523119202465
-32.5,-10.5,416.8501874738689
-32.5,-9.5,416.8498068517789
-32.5,-8.5,416.8485783098429
-32.5,-7.5,416.84811741702345
-32.5,-6.5,416.84840634131314
-32.5,-5.5,416.84999411503816
-32.5,-4.5,416.8508743491028
-32.5,-3.5,416.8520370983397
-32.5,-2.5,416.8536277195366
-32.5,-1.5,416.8550206030013
-32.5,-0.5,416.8565646763543
-32.5,0.5,416.8574248276952
-32.5,1.5,416.85806603621535
-32.5,2.5,416.8583297433289
-32.5,3.5,416.8600251787229
-32.5,4.5,416.86125004248026
-32.5,5.5,416.8626815142042
-32.5,6.5,416.8639427597463
-32.5,7.5,416.8649096574217
-32.5,8.5,416.8645219416092
-32.5,9.5,416.8664813480257
-32.5,10.5,416.8668734753477
-32.5,11.5,416.8706380767961
-32.5,12.5,416.87660068760096
-32.5,13.5,416.8819410510357
-32.5,14.5,416.8950339948627
-32.5,15.5,416.9075984986417
-32.5,16.5,416.9207737479872
-32.5,17.5,416.9540030076421
-32.5,18.5,416.9598571145995
-32.5,19.5,416.9846526590303
-32.5,20.5,416.9493816176474
-32.5,21.5,416.98177329476806
-32.5,22.5,417.0160940602079
-32.5,23.5,417.0340742870608
-32.5,24.5,417.05776428728393
-32.5,25.5,417.0474411971832
-32.5,26.5,417.0441118562785
-32.5,27.5,417.1028910186363
-32.5,28.5,417.091116710118
-32.5,29.5,417.0817046929968
-32.5,30.5,417.0534284424855
-32.5,31.5,417.0353335699657
-32.5,32.5,417.0151224810103
-32.5,33.5,416.9994890328043
-32.5,34.5,416.9897445893775
-32.5,35.5,416.9827998881756
-32.5,36.5,416.9764287920079
-32.5,37.5,416.97211638999215
-32.5,38.5,416.9651222514695
-32.5,39.5,416.96019358439855
-32.5,40.5,416.9492312689277
-32.5,41.5,416.9522104373719
-32.5,42.5,416.9503247692461
-32.5,43.5,416.9478705027947
-32.5,44.5,416.94595536706
-32.5,45.5,416.9452681300496
-32.5,46.5,416.94206714011005
-32.5,47.5,416.933072287776
-32.5,48.5,416.930647826236
-32.5,49.5,416.9334550692039
-32.5,50.5,416.9329375672176
-32.5,51.5,416.9310511525946
-32.5,52.5,416.9289867669148
-32.5,53.5,416.9270169280818
-32.5,54.5,416.9266828204351
-32.5,55.5,416.9196685860736
-32.5,56.5,416.9243161778588
-32.5,57.5,416.9241563692874
-32.5,58.5,416.9187282979712
-32.5,59.5,416.9245592238912
-32.5,60.5,416.9233282481516
-32.5,61.5,416.9218625651214
-32.5,62.5,416.9162968309656
-32.5,63.5,416.92354566751794
-32.5,64.5,416.9221023147217
-32.5,65.5,416.9327772255146
-32.5,66.5,416.9383192336712
-32.5,67.5,416.94255574467377
-32.5,68.5,416.9416033894574
-32.5,69.5,416.9469595785279
-32.5,70.5,416.9481149938855
-32.5,71.5,416.94728390215937
-32.5,72.5,416.95122645046587
-32.5,73.5,416.9495955523838
-32.5,74.5,416.9496118191482
-32.5,75.5,416.9507374647944
-32.5,76.5,416.9487704824933
-32.5,77.5,416.9458607080494
-32.5,78.5,416.94279059835605
-32.5,79.5,416.9387444586803
-32.5,80.5,416.9316321572748
-32.5,81.5,416.9271526146074
-32.5,82.5,416.9239634147653
-32.5,83.5,416.91937628004655
-32.5,84.5,416.9147607015533
-32.5,85.5,416.9104016324672
-32.5,86.5,416.9052005193501
-32.5,87.5,416.9013352511538
-32.5,88.5,416.896270522932
-32.5,89.5,416.8911053483838
-32.5,90.5,416.8845731553856
-32.5,91.5,416.8779302045651
-32.5,92.5,416.8713427249688
-32.5,93.5,416.8649402161928
-32.5,94.5,416.858499835372
-32.5,95.5,416.8539197235444
-32.5,96.5,416.84941347321217
-32.5,97.5,416.8447980898048
-32.5,98.5,416.8424043100159
-32.5,99.5,416.8392298020476
-32.5,100.5,416.8388863025132
-32.5,101.5,416.8398570723965
-32.5,102.5,416.84077640092073
-32.5,103.5,416.841832460281
-32.5,104.5,416.8420818570615
-32.5,105.5,416.8417369121167
-32.5,106.5,416.844131807317
-32.5,107.5,416.84751850711615
-32.5,108.5,416.8532931729378
-32.5,109.5,416.8609977951497
-32.5,110.5,416.86939309723607
-32.5,111.5,416.8806306494519
-32.5,112.5,416.89495548069016
-32.5,113.5,416.91765100045126
-32.5,114.5,416.9472039221206
-32.5,115.5,416.9849186424614
-32.5,116.5,417.0236358649789
-32.5,117.5,416.957681630066
-32.5,118.5,416.94649356145976
-32.5,119.5,416.93907703489816
-32.5,120.5,416.9359409118828
-32.5,121.5,416.9340383503791
-32.5,122.5,416.91631738979294
-32.5,123.5,416.90437829114666
-32.5,124.5,416.89576207935227
-32.5,125.5,416.8950270536603
-32.5,126.5,416.8950959873639
-32.5,127.5,416.89710146287103
-32.5,128.5,416.8974268076467
-32.5,129.5,416.89667697679147
-32.5,130.5,416.8976673209384
-32.5,131.5,416.8976752641113
-32.5,132.5,416.8984851258763
-32.5,133.5,416.8962093286654
-32.5,134.5,416.8841811955659
-32.5,135.5,416.89022429291424
-32.5,136.5,416.8902684714862
-32.5,137.5,416.9028490455072
-32.5,138.5,416.8858435759722
-32.5,139.5,416.88628852226987
-32.5,140.5,416.88964960130977
-32.5,141.5,416.89711878550617
-32.5,142.5,416.9044605932152
-32.5,143.5,416.9099962309757
-32.5,144.5,416.9138134208518
-32.5,145.5,416.91555698720833
-32.5,146.5,416.919345386143
-32.5,147.5,416.9404116695046
-32.5,148.5,416.9566429776767
-32.5,149.5,416.9697804317494
-32.5,150.5,417.01512628848974
-32.5,151.5,417.1255966371504
-32.5,152.5,416.99511805514186
-32.5,153.5,416.9285187298491
-32.5,154.5,416.8827812578335
-32.5,155.5,416.85979841298496
-32.5,156.5,416.8426380083084
-32.5,157.5,416.8285250053515
-32.5,158.5,416.81759238793904
-32.5,159.5,416.8083318586212
-32.5,160.5,416.8002125062831
-32.5,161.5,416.7938467517079
-32.5,162.5,416.78940805050695
-32.5,163.5,416.786275225575
-32.5,164.5,416.7829707757227
-32.5,165.5,416.78006398610887
-32.5,166.5,416.7777835264728
-32.5,167.5,416.7769401398758
-32.5,168.5,416.7762949880917
-32.5,169.5,416.775963823004
-32.5,170.5,416.77585413273175
-32.5,171.5,416.7725138956053
-32.5,172.5,416.77003298759024
-32.5,173.5,416.7691502825016
-32.5,174.5,416.7686499660516
-32.5,175.5,416.7688512943401
-32.5,176.5,416.7698647138128
-32.5,177.5,416.7678641026638
-32.5,178.5,416.76709925748617
-32.5,179.5,416.7651776508628
-31.5,-179.5,416.8268315350989
-31.5,-178.5,416.825318454018
-31.5,-177.5,416.8272194292125
-31.5,-176.5,416.8286341154877
-31.5,-175.5,416.82893396571376
-31.5,-174.5,416.8301294033758
-31.5,-173.5,416.83053145696033
-31.5,-172.5,416.8329656554407
-31.5,-171.5,416.8379678816215
-31.5,-170.5,416.8414595553922
-31.5,-169.5,416.842837737384
-31.5,-168.5,416.8422182217221
-31.5,-167.5,416.8391338948743
-31.5,-166.5,416.8366896827632
-31.5,-165.5,416.83499704577
-31.5,-164.5,416.8326992493669
-31.5,-163.5,416.82992526727554
-31.5,-162.5,416.8287816478113
-31.5,-161.5,416.8272252657331
-31.5,-160.5,416.82660722132886
-31.5,-159.5,416.8273126518525
-31.5,-158.5,416.8285761110486
-31.5,-157.5,416.8299316200071
-31.5,-156.5,416.8338298171644
-31.5,-155.5,416.8358048703645
-31.5,-154.5,416.8364124174927
-31.5,-153.5,416.8349460730715
-31.5,-152.5,416.8370581044677
-31.5,-151.5,416.837827972697
-31.5,-150.5,416.8371276550879
-31.5,-149.5,416.8363097404057
-31.5,-148.5,416.836125303506
-31.5,-147.5,416.8346530814461
-31.5,-146.5,416.8399411249114
-31.5,-145.5,416.8410978534525
-31.5,-144.5,416.84977916115207
-31.5,-143.5,416.8554852505414
-31.5,-142.5,416.8594530438723
-31.5,-141.5,416.8656925628245
-31.5,-140.5,416.8710224298274
-31.5,-139.5,416.8754101481384
-31.5,-138.5,416.88322736391353
-31.5,-137.5,416.88715065675785
-31.5,-136.5,416.89021670135895
-31.5,-135.5,416.8911122337912
-31.5,-134.5,416.8857484687217
-31.5,-133.5,416.885738403828
-31.5,-132.5,416.8920692999258
-31.5,-131.5,416.8869171315612
-31.5,-130.5,416.89039565841927
-31.5,-129.5,416.8921032653221
-31.5,-128.5,416.8929400832572
-31.5,-127.5,416.888243416773
-31.5,-126.5,416.8869852300053
-31.5,-125.5,416.8867054245584
-31.5,-124.5,416.8836971553358
-31.5,-123.5,416.8815082200398
-31.5,-122.5,416.8789997073317
-31.5,-121.5,416.8773022718679
-31.5,-120.5,416.8728117159299
-31.5,-119.5,416.8692180807286
-31.5,-118.5,416.86549238494894
-31.5,-117.5,416.8623886183743
-31.5,-116.5,416.86025684962937
-31.5,-115.5,416.8569308836119
-31.5,-114.5,416.8549204415588
-31.5,-113.5,416.8546431017973
-31.5,-112.5,416.8524192249504
-31.5,-111.5,416.8529257926128
-31.5,-110.5,416.85274319770247
-31.5,-109.5,416.8515337381011
-31.5,-108.5,416.8531128712175
-31.5,-107.5,416.85390935339
-31.5,-106.5,416.8549185274747
-31.5,-105.5,416.8605073629389
-31.5,-104.5,416.8650114383021
-31.5,-103.5,416.8702264559742
-31.5,-102.5,416.876972754192
-31.5,-101.5,416.88025760814224
-31.5,-100.5,416.8837918014381
-31.5,-99.5,416.8901453748989
-31.5,-98.5,416.8943503542799
-31.5,-97.5,416.8993353392068
-31.5,-96.5,416.9053514564379
-31.5,-95.5,416.9121656427821
-31.5,-94.5,416.921793131661
-31.5,-93.5,416.9295384608146
-31.5,-92.5,416.9371512081292
-31.5,-91.5,416.9444780505715
-31.5,-90.5,416.9532537177674
-31.5,-89.5,416.9599759382373
-31.5,-88.5,416.9669711439802
-31.5,-87.5,416.9729994325252
-31.5,-86.5,416.97989801274525
-31.5,-85.5,416.9864462296395
-31.5,-84.5,416.9965400646356
-31.5,-83.5,417.0018413554223
-31.5,-82.5,417.0079083358396
-31.5,-81.5,417.0124023956653
-31.5,-80.5,417.0164310439216
-31.5,-79.5,417.0203071539004
-31.5,-78.5,417.0235718961205
-31.5,-77.5,417.0295571782351
-31.5,-76.5,417.0352082983992
-31.5,-75.5,417.0471725228893
-31.5,-74.5,417.0641812127053
-31.5,-73.5,417.0880915029396
-31.5,-72.5,417.1356378149184
-31.5,-71.5,417.14869115874114
-31.5,-70.5,416.89827877773865
-31.5,-69.5,417.03698243953227
-31.5,-68.5,417.07659063686384
-31.5,-67.5,417.0216782703068
-31.5,-66.5,416.9943637109016
-31.5,-65.5,416.9222015118519
-31.5,-64.5,416.9275241334996
-31.5,-63.5,416.9589627097031
-31.5,-62.5,416.91821502412046
-31.5,-61.5,416.9089588978173
-31.5,-60.5,416.90225670961655
-31.5,-59.5,416.89692370993816
-31.5,-58.5,416.89478060972885
-31.5,-57.5,416.8765243558152
-31.5,-56.5,416.8570663166764
-31.5,-55.5,416.8592537418336
-31.5,-54.5,416.8514380124755
-31.5,-53.5,416.8589554919592
-31.5,-52.5,416.8843676014719
-31.5,-51.5,416.90277513248463
-31.5,-50.5,416.9112317746423
-31.5,-49.5,416.92197383058544
-31.5,-48.5,416.9326519967127
-31.5,-47.5,416.933217642887
-31.5,-46.5,416.9457097368151
-31.5,-45.5,416.94187897569736
-31.5,-44.5,416.94990751655865
-31.5,-43.5,416.9466147463112
-31.5,-42.5,416.94617913137057
-31.5,-41.5,416.9478812651186
-31.5,-40.5,416.9451566644494
-31.5,-39.5,416.94411718404206
-31.5,-38.5,416.94202576847954
-31.5,-37.5,416.9358069006048
-31.5,-36.5,416.9311919032215
-31.5,-35.5,416.923819200224
-31.5,-34.5,416.9165167982682
-31.5,-33.5,416.9133049194443
-31.5,-32.5,416.90779476708207
-31.5,-31.5,416.9049141228453
-31.5,-30.5,416.90277752955967
-31.5,-29.5,416.8997905788893
-31.5,-28.5,416.8976548772986
-31.5,-27.5,416.8993407850659
-31.5,-26.5,416.9000042291616
-31.5,-25.5,416.9007484351444
-31.5,-24.5,416.90122770156745
-31.5,-23.5,416.9013172586252
-31.5,-22.5,416.904173344605
-31.5,-21.5,416.9052597414563
-31.5,-20.5,416.9066598494922
-31.5,-19.5,416.9081667124607
-31.5,-18.5,416.9119868914629
-31.5,-17.5,416.9123400482984
-31.5,-16.5,416.912661023166
-31.5,-15.5,416.9129360343171
-31.5,-14.5,416.91263471661966
-31.5,-13.5,416.912390875965
-31.5,-12.5,416.9123613539644
-31.5,-11.5,416.9100962343789
-31.5,-10.5,416.90791478885245
-31.5,-9.5,416.9068998055704
-31.5,-8.5,416.9065370918427
-31.5,-7.5,416.905906570201
-31.5,-6.5,416.9057768353202
-31.5,-5.5,416.9063298404527
-31.5,-4.5,416.9073274688434
-31.5,-3.5,416.9080231983358
-31.5,-2.5,416.9093367708813
-31.5,-1.5,416.9114345809378
-31.5,-0.5,416.9127832271458
-31.5,0.5,416.9128897482732
-31.5,1.5,416.91330446199873
-31.5,2.5,416.9138314137888
-31.5,3.5,416.9137273802225
-31.5,4.5,416.9157603841383
-31.5,5.5,416.9168359027864
-31.5,6.5,416.9164031157552
-31.5,7.5,416.9179602276215
-31.5,8.5,416.9194844394563
-31.5,9.5,416.9214574792878
-31.5,10.5,416.9228323610948
-31.5,11.5,416.9304451899473
-31.5,12.5,416.93814041687534
-31.5,13.5,416.9471727968889
-31.5,14.5,416.9565570348528
-31.5,15.5,416.9754252143553
-31.5,16.5,416.9925253014944
-31.5,17.5,417.021442191206
-31.5,18.5,417.0471730927421
-31.5,19.5,417.0703159712375
-31.5,20.5,417.0508133783785
-31.5,21.5,417.06568886848976
-31.5,22.5,417.0709852852557
-31.5,23.5,417.09318774623085
-31.5,24.5,417.09715346292825
-31.5,25.5,417.136724412785
-31.5,26.5,417.1201325669133
-31.5,27.5,417.10218172316456
-31.5,28.5,417.1686947259123
-31.5,29.5,417.1558248094643
-31.5,30.5,417.1356996964061
-31.5,31.5,417.1060627582097
-31.5,32.5,417.0829854646889
-31.5,33.5,417.06682917708855
-31.5,34.5,417.0539367678372
-31.5,35.5,417.0444384505394
-31.5,36.5,417.0263247660227
-31.5,37.5,417.0247699241003
-31.5,38.5,417.009946858634
-31.5,39.5,417.001802933235
-31.5,40.5,417.003448023644
-31.5,41.5,417.00194552931066
-31.5,42.5,416.9933361301074
-31.5,43.5,416.9928655408478
-31.5,44.5,417.003435794133
-31.5,45.5,417.00157926473634
-31.5,46.5,416.99852648362537
-31.5,47.5,416.9949036998401
-31.5,48.5,416.99106591821214
-31.5,49.5,416.9888189264205
-31.5,50.5,416.9802319819855
-31.5,51.5,416.9837319422357
-31.5,52.5,416.9799676249872
-31.5,53.5,416.977474304539
-31.5,54.5,416.9686811158687
-31.5,55.5,416.9718718437695
-31.5,56.5,416.97049492907024
-31.5,57.5,416.9647845433693
-31.5,58.5,416.9701183368026
-31.5,59.5,416.9694534632948
-31.5,60.5,416.96875807142777
-31.5,61.5,416.9681645739496
-31.5,62.5,416.9638380510912
-31.5,63.5,416.9670292621049
-31.5,64.5,416.97173512256137
-31.5,65.5,416.9820912692354
-31.5,66.5,416.9870577774062
-31.5,67.5,416.99134794650985
-31.5,68.5,416.9899953235908
-31.5,69.5,416.9946489167278
-31.5,70.5,416.9964481999885
-31.5,71.5,416.9992984997421
-31.5,72.5,417.0002668383022
-31.5,73.5,417.00017042928863
-31.5,74.5,416.9971950528855
-31.5,75.5,416.9986316904788
-31.5,76.5,416.9967782209975
-31.5,77.5,416.992318729218
-31.5,78.5,416.992302819807
-31.5,79.5,416.987820829637
-31.5,80.5,416.98057206534486
-31.5,81.5,416.9791512798888
-31.5,82.5,416.97387843303375
-31.5,83.5,416.9716101772983
-31.5,84.5,416.96605887322335
-31.5,85.5,416.9593938354412
-31.5,86.5,416.95367517319016
-31.5,87.5,416.9491974340072
-31.5,88.5,416.9444230435458
-31.5,89.5,416.9399825874344
-31.5,90.5,416.93472024634497
-31.5,91.5,416.9275495048912
-31.5,92.5,416.920966000059
-31.5,93.5,416.9138215447652
-31.5,94.5,416.9080566368938
-31.5,95.5,416.902392833401
-31.5,96.5,416.8988038492122
-31.5,97.5,416.8954140073534
-31.5,98.5,416.8931477316995
-31.5,99.5,416.89088507808873
-31.5,100.5,416.8900504517885
-31.5,101.5,416.8904885776406
-31.5,102.5,416.8920509996869
-31.5,103.5,416.8921502736248
-31.5,104.5,416.8924582117754
-31.5,105.5,416.8946807631594
-31.5,106.5,416.8968793272904
-31.5,107.5,416.9026081315589
-31.5,108.5,416.9097295611848
-31.5,109.5,416.919308122859
-31.5,110.5,416.9295967067799
-31.5,111.5,416.94170581705816
-31.5,112.5,416.9592898559288
-31.5,113.5,416.9851918011396
-31.5,114.5,417.0127024810011
-31.5,115.5,417.053644484548
-31.5,116.5,417.0511153461285
-31.5,117.5,417.0326156372705
-31.5,118.5,417.0240326055219
-31.5,119.5,417.016519343456
-31.5,120.5,417.0084230833031
-31.5,121.5,417.0049358764548
-31.5,122.5,416.9938221384407
-31.5,123.5,416.9847121018592
-31.5,124.5,416.972133508091
-31.5,125.5,416.9640341714976
-31.5,126.5,416.9625266267593
-31.5,127.5,416.95973003709577
-31.5,128.5,416.9594886761338
-31.5,129.5,416.9583809948202
-31.5,130.5,416.9600480368077
-31.5,131.5,416.9519321420073
-31.5,132.5,416.95456368762746
-31.5,133.5,416.9535364441011
-31.5,134.5,416.9517732084497
-31.5,135.5,416.9521842203511
-31.5,136.5,416.9541378000223
-31.5,137.5,416.9558638509533
-31.5,138.5,416.95391249129113
-31.5,139.5,416.9454709606894
-31.5,140.5,416.9509147198923
-31.5,141.5,416.9532489253151
-31.5,142.5,416.9568237011072
-31.5,143.5,416.9638384207358
-31.5,144.5,416.9658883062283
-31.5,145.5,416.9704062572188
-31.5,146.5,416.9858130211509
-31.5,147.5,417.0033360251818
-31.5,148.5,417.00775690832495
-31.5,149.5,417.01086102354594
-31.5,150.5,417.0356392708261
-31.5,151.5,416.9940789472144
-31.5,152.5,417.0344555885873
-31.5,153.5,416.9787217359304
-31.5,154.5,416.9456230221676
-31.5,155.5,416.9225264969083
-31.5,156.5,416.90389726993766
-31.5,157.5,416.8874032879877
-31.5,158.5,416.8757615128392
-31.5,159.5,416.86648210246943
-31.5,160.5,416.8587917440102
-31.5,161.5,416.8528391576716
-31.5,162.5,416.8491869514016
-31.5,163.5,416.8452361725461
-31.5,164.5,416.8428765300375
-31.5,165.5,416.8396211408296
-31.5,166.5,416.83699180203234
-31.5,167.5,416.83519379721446
-31.5,168.5,416.8360907768507
-31.5,169.5,416.8364966465942
-31.5,170.5,416.8366185977912
-31.5,171.5,416.8346569828582
-31.5,172.5,416.8323047775864
-31.5,173.5,416.8303042209329
-31.5,174.5,416.8303281926414
-31.5,175.5,416.8314313852479
-31.5,176.5,416.831511612104
-31.5,177.5,416.8293697114359
-31.5,178.5,416.8273687488341
-31.5,179.5,416.8274060989316
-30.5,-179.5,416.89347201475846
-30.5,-178.5,416.8933272245959
-30.5,-177.5,416.8971793656191
-30.5,-176.5,416.89756908811455
-30.5,-175.5,416.898154328931
-30.5,-174.5,416.9003354575438
-30.5,-173.5,416.8991039950573
-30.5,-172.5,416.9048376954671
-30.5,-171.5,416.91119432842
-30.5,-170.5,416.91262079774685
-30.5,-169.5,416.9127255910458
-30.5,-168.5,416.91327858456094
-30.5,-167.5,416.9081005616638
-30.5,-166.5,416.9050580824903
-30.5,-165.5,416.9022020423748
-30.5,-164.5,416.8990282854591
-30.5,-163.5,416.8985131248412
-30.5,-162.5,416.8973714718183
-30.5,-161.5,416.8954795794861
-30.5,-160.5,416.8950210099952
-30.5,-159.5,416.8957744596297
-30.5,-158.5,416.89906816471
-30.5,-157.5,416.9017508444064
-30.5,-156.5,416.9035252005976
-30.5,-155.5,416.90625668641377
-30.5,-154.5,416.90741254224855
-30.5,-153.5,416.9062007440842
-30.5,-152.5,416.9089041978741
-30.5,-151.5,416.90914091940346
-30.5,-150.5,416.90838698003256
-30.5,-149.5,416.9047520237214
-30.5,-148.5,416.90835233548665
-30.5,-147.5,416.9112161615783
-30.5,-146.5,416.9158701251633
-30.5,-145.5,416.9177021602248
-30.5,-144.5,416.9228026792186
-30.5,-143.5,416.93169668163256
-30.5,-142.5,416.9372433228488
-30.5,-141.5,416.94191040969145
-30.5,-140.5,416.9453559164181
-30.5,-139.5,416.94930942080623
-30.5,-138.5,416.9475326354278
-30.5,-137.5,416.9561064397139
-30.5,-136.5,416.95948458232334
-30.5,-135.5,416.9611706025552
-30.5,-134.5,416.96126926507503
-30.5,-133.5,416.9628262396378
-30.5,-132.5,416.9580233226899
-30.5,-131.5,416.962606208724
-30.5,-130.5,416.9615621459076
-30.5,-129.5,416.95520376209583
-30.5,-128.5,416.9552691750111
-30.5,-127.5,416.95247284322215
-30.5,-126.5,416.9496160946298
-30.5,-125.5,416.9484557079938
-30.5,-124.5,416.9469720383667
-30.5,-123.5,416.9421852859727
-30.5,-122.5,416.93986336672725
-30.5,-121.5,416.93783588488327
-30.5,-120.5,416.9355169978584
-30.5,-119.5,416.9307844161589
-30.5,-118.5,416.9250552386295
-30.5,-117.5,416.92214696127456
-30.5,-116.5,416.92068699034377
-30.5,-115.5,416.9191843074362
-30.5,-114.5,416.9162399598242
-30.5,-113.5,416.91609651345993
-30.5,-112.5,416.9129899146471
-30.5,-111.5,416.9125849380698
-30.5,-110.5,416.9117610814502
-30.5,-109.5,416.9111004982476
-30.5,-108.5,416.9133269221434
-30.5,-107.5,416.91587717464586
-30.5,-106.5,416.9183428274754
-30.5,-105.5,416.9246512387078
-30.5,-104.5,416.92950211623616
-30.5,-103.5,416.934238573428
-30.5,-102.5,416.9403050193376
-30.5,-101.5,416.9424433397332
-30.5,-100.5,416.9489502017119
-30.5,-99.5,416.9525597940736
-30.5,-98.5,416.956047906721
-30.5,-97.5,416.961398038492
-30.5,-96.5,416.9698338268509
-30.5,-95.5,416.9769729654354
-30.5,-94.5,416.9844502113981
-30.5,-93.5,416.9918682670704
-30.5,-92.5,416.99934827064897
-30.5,-91.5,417.0070664041168
-30.5,-90.5,417.01429378887286
-30.5,-89.5,417.02139408761474
-30.5,-88.5,417.0278107254195
-30.5,-87.5,417.035986108971
-30.5,-86.5,417.0430595130975
-30.5,-85.5,417.0512160921581
-30.5,-84.5,417.0558122040688
-30.5,-83.5,417.06181002540086
-30.5,-82.5,417.065962940784
-30.5,-81.5,417.0681869858186
-30.5,-80.5,417.0715991719143
-30.5,-79.5,417.0751743599521
-30.5,-78.5,417.0801934542353
-30.5,-77.5,417.085314840553
-30.5,-76.5,417.09408362375154
-30.5,-75.5,417.1077306146266
-30.5,-74.5,417.12363960269647
-30.5,-73.5,417.1558293156392
-30.5,-72.5,417.2131609506982
-30.5,-71.5,417.2718900490958
-30.5,-70.5,417.08118496929785
-30.5,-69.5,417.0118374911663
-30.5,-68.5,417.0793060270706
-30.5,-67.5,417.0417781336095
-30.5,-66.5,417.0227560459613
-30.5,-65.5,417.0006443747801
-30.5,-64.5,416.9362931940334
-30.5,-63.5,416.9309635555744
-30.5,-62.5,416.9386067287033
-30.5,-61.5,416.93122047573104
-30.5,-60.5,416.9276129828214
-30.5,-59.5,416.9234669760592
-30.5,-58.5,416.9195860959787
-30.5,-57.5,416.9123704515854
-30.5,-56.5,416.89736312602105
-30.5,-55.5,416.8965160051794
-30.5,-54.5,416.9147913657874
-30.5,-53.5,416.9237073623235
-30.5,-52.5,416.953801495571
-30.5,-51.5,416.97307157569287
-30.5,-50.5,416.9822228645893
-30.5,-49.5,416.9853669704361
-30.5,-48.5,416.99581347459167
-30.5,-47.5,417.0051776944693
-30.5,-46.5,417.0116836874564
-30.5,-45.5,417.01777971026536
-30.5,-44.5,417.01981082644977
-30.5,-43.5,417.01978029956985
-30.5,-42.5,417.0161892278563
-30.5,-41.5,417.0178742211998
-30.5,-40.5,417.0142943503828
-30.5,-39.5,417.0102185277393
-30.5,-38.5,417.0050969933525
-30.5,-37.5,416.9940589343207
-30.5,-36.5,416.9897335969732
-30.5,-35.5,416.9821804411919
-30.5,-34.5,416.9746933925452
-30.5,-33.5,416.9701331697704
-30.5,-32.5,416.96451801997216
-30.5,-31.5,416.96011418550864
-30.5,-30.5,416.959221717478
-30.5,-29.5,416.9567623557881
-30.5,-28.5,416.9577929421658
-30.5,-27.5,416.9590884491792
-30.5,-26.5,416.9603094338617
-30.5,-25.5,416.9609493734079
-30.5,-24.5,416.9645643465167
-30.5,-23.5,416.96482324286194
-30.5,-22.5,416.9655859269892
-30.5,-21.5,416.96649926384913
-30.5,-20.5,416.968218163283
-30.5,-19.5,416.9733703556647
-30.5,-18.5,416.9746563384241
-30.5,-17.5,416.974623238847
-30.5,-16.5,416.9744728559171
-30.5,-15.5,416.9735159324197
-30.5,-14.5,416.9720448264847
-30.5,-13.5,416.9743543801923
-30.5,-12.5,416.97304378635056
-30.5,-11.5,416.9703170111105
-30.5,-10.5,416.9679811816736
-30.5,-9.5,416.9662500862743
-30.5,-8.5,416.9649721749368
-30.5,-7.5,416.9641931707584
-30.5,-6.5,416.9639108843982
-30.5,-5.5,416.9636718136723
-30.5,-4.5,416.9637915012591
-30.5,-3.5,416.9643244490375
-30.5,-2.5,416.96590157451385
-30.5,-1.5,416.9676756386637
-30.5,-0.5,416.9684625405917
-30.5,0.5,416.9691348173346
-30.5,1.5,416.9693319428213
-30.5,2.5,416.969586574997
-30.5,3.5,416.9700583812818
-30.5,4.5,416.9705395222801
-30.5,5.5,416.9704788494497
-30.5,6.5,416.970898881083
-30.5,7.5,416.972162482125
-30.5,8.5,416.9744688637134
-30.5,9.5,416.9780741203419
-30.5,10.5,416.9820090246793
-30.5,11.5,416.991213805616
-30.5,12.5,417.0001896724468
-30.5,13.5,417.0121628989512
-30.5,14.5,417.02566098087664
-30.5,15.5,417.0453339769589
-30.5,16.5,417.07165721613154
-30.5,17.5,417.11315166296725
-30.5,18.5,417.12087792000216
-30.5,19.5,417.1252608182528
-30.5,20.5,417.13747753623335
-30.5,21.5,417.1586187958268
-30.5,22.5,417.1784563461061
-30.5,23.5,417.2060611193029
-30.5,24.5,417.20621846324025
-30.5,25.5,417.2254956667097
-30.5,26.5,417.2470647181749
-30.5,27.5,417.2134007074856
-30.5,28.5,417.1420368248524
-30.5,29.5,417.162924127134
-30.5,30.5,417.2425392916888
-30.5,31.5,417.1906091696741
-30.5,32.5,417.1589724175564
-30.5,33.5,417.1344272500834
-30.5,34.5,417.11563394719
-30.5,35.5,417.09971199887343
-30.5,36.5,417.086325380588
-30.5,37.5,417.06672142919535
-30.5,38.5,417.0663316021513
-30.5,39.5,417.05156971267536
-30.5,40.5,417.0471585131941
-30.5,41.5,417.0561198443386
-30.5,42.5,417.0584896325076
-30.5,43.5,417.0538534745932
-30.5,44.5,417.0623261906048
-30.5,45.5,417.059113391368
-30.5,46.5,417.05528222248296
-30.5,47.5,417.051687412949
-30.5,48.5,417.0406870506131
-30.5,49.5,417.044629393172
-30.5,50.5,417.0347245560952
-30.5,51.5,417.0373516627445
-30.5,52.5,417.0334201023047
-30.5,53.5,417.0273757793676
-30.5,54.5,417.02234862180137
-30.5,55.5,417.0190758038364
-30.5,56.5,417.0169961361931
-30.5,57.5,417.011269346586
-30.5,58.5,417.0169901035577
-30.5,59.5,417.0176421218661
-30.5,60.5,417.0137558636278
-30.5,61.5,417.0183965312309
-30.5,62.5,417.0195098107752
-30.5,63.5,417.023014398651
-30.5,64.5,417.0271459052897
-30.5,65.5,417.03173070959474
-30.5,66.5,417.0357566487327
-30.5,67.5,417.038885140328
-30.5,68.5,417.0371997539785
-30.5,69.5,417.04268705945657
-30.5,70.5,417.0452090076933
-30.5,71.5,417.04384610506526
-30.5,72.5,417.04723158654986
-30.5,73.5,417.0470689552577
-30.5,74.5,417.0438573532595
-30.5,75.5,417.046546974168
-30.5,76.5,417.0460570695716
-30.5,77.5,417.0419043897288
-30.5,78.5,417.03943010810593
-30.5,79.5,417.0380832022992
-30.5,80.5,417.033155538562
-30.5,81.5,417.0269890236351
-30.5,82.5,417.0263652323258
-30.5,83.5,417.0199721130764
-30.5,84.5,417.0151079802097
-30.5,85.5,417.01137794739793
-30.5,86.5,417.00536277862415
-30.5,87.5,417.0004114197931
-30.5,88.5,416.9963153290904
-30.5,89.5,416.99198641915245
-30.5,90.5,416.9870235796558
-30.5,91.5,416.9820436337263
-30.5,92.5,416.973914864136
-30.5,93.5,416.9668263455406
-30.5,94.5,416.9610438864696
-30.5,95.5,416.9566401006535
-30.5,96.5,416.9523806370258
-30.5,97.5,416.94834739318605
-30.5,98.5,416.9453715390632
-30.5,99.5,416.9447200444599
-30.5,100.5,416.94453420214097
-30.5,101.5,416.94330586053707
-30.5,102.5,416.9442072314183
-30.5,103.5,416.9428211849293
-30.5,104.5,416.9445432941112
-30.5,105.5,416.9473565882138
-30.5,106.5,416.9507206429301
-30.5,107.5,416.9577118217184
-30.5,108.5,416.966804988224
-30.5,109.5,416.9769168716674
-30.5,110.5,416.9887673923584
-30.5,111.5,417.0017360135201
-30.5,112.5,417.0197702649714
-30.5,113.5,417.04248657958937
-30.5,114.5,417.0683940919729
-30.5,115.5,417.0944329649743
-30.5,116.5,417.10473028730735
-30.5,117.5,417.10285916495206
-30.5,118.5,417.0997076952948
-30.5,119.5,417.0917082650306
-30.5,120.5,417.0860978665856
-30.5,121.5,417.07990253073126
-30.5,122.5,417.0666610305297
-30.5,123.5,417.0560270418456
-30.5,124.5,417.04148188114607
-30.5,125.5,417.0366073860251
-30.5,126.5,417.0329986135621
-30.5,127.5,417.03000802635074
-30.5,128.5,417.0264782651858
-30.5,129.5,417.0240646291695
-30.5,130.5,417.0214676185845
-30.5,131.5,417.0206693623986
-30.5,132.5,417.0141061063974
-30.5,133.5,417.01464860208256
-30.5,134.5,417.0125298876875
-30.5,135.5,417.0102332559715
-30.5,136.5,417.0091484524386
-30.5,137.5,417.011156077668
-30.5,138.5,416.9924845287833
-30.5,139.5,417.00743622013294
-30.5,140.5,417.0066007824326
-30.5,141.5,417.0099019124707
-30.5,142.5,417.0144265092552
-30.5,143.5,417.0188251391834
-30.5,144.5,417.0221647414919
-30.5,145.5,417.02683918890784
-30.5,146.5,417.0407751642995
-30.5,147.5,417.0586706750303
-30.5,148.5,417.0788881512824
-30.5,149.5,417.0895019071944
-30.5,150.5,417.0928801591941
-30.5,151.5,417.05165826040815
-30.5,152.5,417.0341932174119
-30.5,153.5,417.0402883208159
-30.5,154.5,416.9965646428493
-30.5,155.5,416.98275160908895
-30.5,156.5,416.9596008554226
-30.5,157.5,416.9478012254588
-30.5,158.5,416.93593347049466
-30.5,159.5,416.92893915711227
-30.5,160.5,416.9185838831969
-30.5,161.5,416.9127959107752
-30.5,162.5,416.9095950571789
-30.5,163.5,416.90750186966665
-30.5,164.5,416.9035806937516
-30.5,165.5,416.9003529121524
-30.5,166.5,416.8979681233977
-30.5,167.5,416.8977979772604
-30.5,168.5,416.8967634069468
-30.5,169.5,416.8959036455036
-30.5,170.5,416.8965644843673
-30.5,171.5,416.8963854393044
-30.5,172.5,416.8952855882983
-30.5,173.5,416.8940615808485
-30.5,174.5,416.8952826331857
-30.5,175.5,416.8951243917672
-30.5,176.5,416.8954507054819
-30.5,177.5,416.8955224476514
-30.5,178.5,416.8925779750144
-30.5,179.5,416.8935980450709
-29.5,-179.5,416.9661854570358
-29.5,-178.5,416.966926104505
-29.5,-177.5,416.9655148101347
-29.5,-176.5,416.9660681994235
-29.5,-175.5,416.96983476633454
-29.5,-174.5,416.96947672798615
-29.5,-173.5,416.9749613527816
-29.5,-172.5,416.9792067590063
-29.5,-171.5,416.9809741570224
-29.5,-170.5,416.983076276128
-29.5,-169.5,416.98285177122943
-29.5,-168.5,416.97939569852673
-29.5,-167.5,416.9753452284052
-29.5,-166.5,416.9732066997754
-29.5,-165.5,416.9698942582594
-29.5,-164.5,416.97046898606783
-29.5,-163.5,416.9690839199412
-29.5,-162.5,416.9678741051184
-29.5,-161.5,416.9658370196957
-29.5,-160.5,416.96792753465184
-29.5,-159.5,416.9673061913709
-29.5,-158.5,416.9723680847647
-29.5,-157.5,416.9727218815284
-29.5,-156.5,416.97453925773857
-29.5,-155.5,416.97720344223023
-29.5,-154.5,416.9783143214902
-29.5,-153.5,416.9795535209151
-29.5,-152.5,416.9790315390984
-29.5,-151.5,416.9792492814961
-29.5,-150.5,416.97880529631226
-29.5,-149.5,416.9797859828258
-29.5,-148.5,416.98132445237513
-29.5,-147.5,416.9893299300485
-29.5,-146.5,416.9918333791168
-29.5,-145.5,417.00107013483216
-29.5,-144.5,417.00681196237576
-29.5,-143.5,417.01112798461753
-29.5,-142.5,417.00824744263485
-29.5,-141.5,417.01610070761166
-29.5,-140.5,417.01273290322575
-29.5,-139.5,417.01534014164616
-29.5,-138.5,417.01872584833
-29.5,-137.5,417.020583125642
-29.5,-136.5,417.03014074672416
-29.5,-135.5,417.0316238112124
-29.5,-134.5,417.0321481494776
-29.5,-133.5,417.03302629961695
-29.5,-132.5,417.0335228889695
-29.5,-131.5,417.0281879540325
-29.5,-130.5,417.0246882991329
-29.5,-129.5,417.02149418375205
-29.5,-128.5,417.0181492994529
-29.5,-127.5,417.01608103202767
-29.5,-126.5,417.0129853964238
-29.5,-125.5,417.0113204487828
-29.5,-124.5,417.0093092981848
-29.5,-123.5,417.00584360435226
-29.5,-122.5,417.001591116954
-29.5,-121.5,416.99891664471977
-29.5,-120.5,416.9959805885397
-29.5,-119.5,416.99159146399546
-29.5,-118.5,416.9876842390592
-29.5,-117.5,416.9838146720045
-29.5,-116.5,416.9828845425766
-29.5,-115.5,416.98128078425935
-29.5,-114.5,416.9793794201412
-29.5,-113.5,416.9760215130617
-29.5,-112.5,416.9758103195662
-29.5,-111.5,416.9722016973802
-29.5,-110.5,416.9716902366035
-29.5,-109.5,416.9723061004006
-29.5,-108.5,416.9726743634018
-29.5,-107.5,416.9766002504555
-29.5,-106.5,416.9821323857964
-29.5,-105.5,416.98611533429073
-29.5,-104.5,416.9908360593488
-29.5,-103.5,416.9961600609558
-29.5,-102.5,416.9990682560871
-29.5,-101.5,417.0046026926641
-29.5,-100.5,417.0084852503367
-29.5,-99.5,417.0117044051103
-29.5,-98.5,417.0157965197805
-29.5,-97.5,417.02330487957954
-29.5,-96.5,417.02992491268384
-29.5,-95.5,417.036885253761
-29.5,-94.5,417.0448154825016
-29.5,-93.5,417.0521256496987
-29.5,-92.5,417.060005748861
-29.5,-91.5,417.06613010087005
-29.5,-90.5,417.0731782365219
-29.5,-89.5,417.0788051305977
-29.5,-88.5,417.0861751373349
-29.5,-87.5,417.09489234379214
-29.5,-86.5,417.102142297932
-29.5,-85.5,417.1093223059648
-29.5,-84.5,417.1135701086627
-29.5,-83.5,417.1176351750991
-29.5,-82.5,417.11933820094384
-29.5,-81.5,417.1241565955767
-29.5,-80.5,417.1253336729972
-29.5,-79.5,417.1312717197782
-29.5,-78.5,417.1330798618914
-29.5,-77.5,417.139927868221
-29.5,-76.5,417.1544222749116
-29.5,-75.5,417.1694755003677
-29.5,-74.5,417.1889691709568
-29.5,-73.5,417.2117717467304
-29.5,-72.5,417.2661484165611
-29.5,-71.5,417.3270985100028
-29.5,-70.5,417.19743966402046
-29.5,-69.5,417.00265857717136
-29.5,-68.5,417.0876707047784
-29.5,-67.5,417.06555878388
-29.5,-66.5,417.0590820699704
-29.5,-65.5,417.05938270777546
-29.5,-64.5,416.9918354071776
-29.5,-63.5,416.9788290881132
-29.5,-62.5,416.9858008378777
-29.5,-61.5,416.9765756529506
-29.5,-60.5,416.9774241051954
-29.5,-59.5,416.980430301566
-29.5,-58.5,416.9819666948403
-29.5,-57.5,416.9790823445676
-29.5,-56.5,416.9682510365213
-29.5,-55.5,416.9947115043699
-29.5,-54.5,416.9795121533291
-29.5,-53.5,417.0004364333018
-29.5,-52.5,416.9959273409152
-29.5,-51.5,417.0504030284174
-29.5,-50.5,417.03214274699206
-29.5,-49.5,417.0457787011189
-29.5,-48.5,417.0547575252076
-29.5,-47.5,417.0657188374556
-29.5,-46.5,417.0798917375645
-29.5,-45.5,417.08478713481264
-29.5,-44.5,417.0850902653955
-29.5,-43.5,417.08389612527264
-29.5,-42.5,417.0826516520038
-29.5,-41.5,417.0797631389109
-29.5,-40.5,417.07787433147536
-29.5,-39.5,417.0703335063979
-29.5,-38.5,417.0632823869082
-29.5,-37.5,417.0549838837442
-29.5,-36.5,417.0457666396751
-29.5,-35.5,417.0401773079005
-29.5,-34.5,417.0360562263993
-29.5,-33.5,417.029222094654
-29.5,-32.5,417.0233469250552
-29.5,-31.5,417.02281136463387
-29.5,-30.5,417.02028455806976
-29.5,-29.5,417.0211656725201
-29.5,-28.5,417.0203524958375
-29.5,-27.5,417.0201152566685
-29.5,-26.5,417.0224142600173
-29.5,-25.5,417.0254642900777
-29.5,-24.5,417.0252385049196
-29.5,-23.5,417.0235553367965
-29.5,-22.5,417.0247682893199
-29.5,-21.5,417.0263358366034
-29.5,-20.5,417.0304476890306
-29.5,-19.5,417.03254545903707
-29.5,-18.5,417.0340345698079
-29.5,-17.5,417.03514903408274
-29.5,-16.5,417.0351906504648
-29.5,-15.5,417.0350591756544
-29.5,-14.5,417.0364343201439
-29.5,-13.5,417.0365684354308
-29.5,-12.5,417.0346331934279
-29.5,-11.5,417.0322057819632
-29.5,-10.5,417.0290942510808
-29.5,-9.5,417.0261884843664
-29.5,-8.5,417.0245707741103
-29.5,-7.5,417.0231224801174
-29.5,-6.5,417.0217580945034
-29.5,-5.5,417.0225854579599
-29.5,-4.5,417.02187135160335
-29.5,-3.5,417.02137183892376
-29.5,-2.5,417.0218084189021
-29.5,-1.5,417.0223747985661
-29.5,-0.5,417.0233065942655
-29.5,0.5,417.0239161377181
-29.5,1.5,417.0244338667264
-29.5,2.5,417.0247310174748
-29.5,3.5,417.0247395815853
-29.5,4.5,417.0249020608107
-29.5,5.5,417.0253540178361
-29.5,6.5,417.02547538246375
-29.5,7.5,417.0281368372868
-29.5,8.5,417.0318444988485
-29.5,9.5,417.0368021865691
-29.5,10.5,417.0437111684448
-29.5,11.5,417.052520561686
-29.5,12.5,417.0635137428619
-29.5,13.5,417.0780644697162
-29.5,14.5,417.0964630657678
-29.5,15.5,417.1201883089033
-29.5,16.5,417.1543171170063
-29.5,17.5,417.1848024585348
-29.5,18.5,417.1875828317884
-29.5,19.5,417.20797498015327
-29.5,20.5,417.231674749689
-29.5,21.5,417.2593285427134
-29.5,22.5,417.2802035966719
-29.5,23.5,417.3182760748505
-29.5,24.5,417.3531289058211
-29.5,25.5,417.3707364942956
-29.5,26.5,417.36125319109954
-29.5,27.5,417.2963613257084
-29.5,28.5,417.1485550694658
-29.5,29.5,417.1464514617464
-29.5,30.5,417.2206562746742
-29.5,31.5,417.2838760859531
-29.5,32.5,417.23038745080106
-29.5,33.5,417.1958242029856
-29.5,34.5,417.1694094588941
-29.5,35.5,417.14940294193264
-29.5,36.5,417.1358493054576
-29.5,37.5,417.12555803847374
-29.5,38.5,417.1174865755603
-29.5,39.5,417.1117364352589
-29.5,40.5,417.11185225815854
-29.5,41.5,417.1138304174144
-29.5,42.5,417.1103905163678
-29.5,43.5,417.12396860396166
-29.5,44.5,417.1233162442981
-29.5,45.5,417.1194438473057
-29.5,46.5,417.1178552690942
-29.5,47.5,417.1125758168645
-29.5,48.5,417.1000079167275
-29.5,49.5,417.0960637998271
-29.5,50.5,417.0976928138835
-29.5,51.5,417.0923669744033
-29.5,52.5,417.0869221794752
-29.5,53.5,417.0758008325436
-29.5,54.5,417.07035324266906
-29.5,55.5,417.071316073223
-29.5,56.5,417.0683901142613
-29.5,57.5,417.0682644253736
-29.5,58.5,417.0646895997625
-29.5,59.5,417.0665141160488
-29.5,60.5,417.07127620824537
-29.5,61.5,417.07122831753145
-29.5,62.5,417.0726334514063
-29.5,63.5,417.0756024536699
-29.5,64.5,417.078548829877
-29.5,65.5,417.0820202090159
-29.5,66.5,417.08677125884736
-29.5,67.5,417.0863735614168
-29.5,68.5,417.09184530968326
-29.5,69.5,417.0940944892801
-29.5,70.5,417.09529426719655
-29.5,71.5,417.0960055110248
-29.5,72.5,417.0965197010018
-29.5,73.5,417.093791320149
-29.5,74.5,417.09611801465246
-29.5,75.5,417.09309481274
-29.5,76.5,417.0960501303846
-29.5,77.5,417.0924309494313
-29.5,78.5,417.0919571074016
-29.5,79.5,417.0883425921147
-29.5,80.5,417.0835434889876
-29.5,81.5,417.0795814950516
-29.5,82.5,417.0737631001939
-29.5,83.5,417.0719511601898
-29.5,84.5,417.06691969365096
-29.5,85.5,417.0612234885827
-29.5,86.5,417.0585650086095
-29.5,87.5,417.05274779219405
-29.5,88.5,417.0495669593007
-29.5,89.5,417.0453050044065
-29.5,90.5,417.041171004804
-29.5,91.5,417.03632590873616
-29.5,92.5,417.0291719757319
-29.5,93.5,417.0204386784057
-29.5,94.5,417.01410532490144
-29.5,95.5,417.0095262483693
-29.5,96.5,417.0053785006202
-29.5,97.5,417.0030471855944
-29.5,98.5,417.0001370117626
-29.5,99.5,416.9999821533133
-29.5,100.5,416.9996424153202
-29.5,101.5,416.998975486086
-29.5,102.5,416.99745589844224
-29.5,103.5,416.9983175787772
-29.5,104.5,416.9997493096858
-29.5,105.5,417.0040485512216
-29.5,106.5,417.0104279275541
-29.5,107.5,417.0165066531693
-29.5,108.5,417.02596355258254
-29.5,109.5,417.0369296496717
-29.5,110.5,417.0472880780935
-29.5,111.5,417.0614193890965
-29.5,112.5,417.079932434092
-29.5,113.5,417.1007475856193
-29.5,114.5,417.1307666080641
-29.5,115.5,417.158359285598
-29.5,116.5,417.1699912155897
-29.5,117.5,417.1699635746863
-29.5,118.5,417.1746515543618
-29.5,119.5,417.1703241966049
-29.5,120.5,417.1680238635121
-29.5,121.5,417.1594835631418
-29.5,122.5,417.1433399789992
-29.5,123.5,417.1277299379345
-29.5,124.5,417.1144802881698
-29.5,125.5,417.10788763481474
-29.5,126.5,417.1026282015009
-29.5,127.5,417.09775772018
-29.5,128.5,417.0926655554182
-29.5,129.5,417.0879005685286
-29.5,130.5,417.084227789995
-29.5,131.5,417.0813812855377
-29.5,132.5,417.0771845266413
-29.5,133.5,417.070309968415
-29.5,134.5,417.0688426800944
-29.5,135.5,417.0625620296236
-29.5,136.5,417.0599759136827
-29.5,137.5,417.0572160733419
-29.5,138.5,417.0628391963547
-29.5,139.5,417.0618199028762
-29.5,140.5,417.0613223181462
-29.5,141.5,417.0622835249527
-29.5,142.5,417.068993708529
-29.5,143.5,417.0664882810378
-29.5,144.5,417.06715380194976
-29.5,145.5,417.0799963762879
-29.5,146.5,417.0970614822826
-29.5,147.5,417.1155591642638
-29.5,148.5,417.1315737437789
-29.5,149.5,417.1408139167208
-29.5,150.5,417.1217294632222
-29.5,151.5,417.0823190416262
-29.5,152.5,417.11812298496176
-29.5,153.5,417.0847462596057
-29.5,154.5,417.04765079747307
-29.5,155.5,417.02746038430814
-29.5,156.5,417.0144541575586
-29.5,157.5,417.0044488685539
-29.5,158.5,416.99513656638015
-29.5,159.5,416.98488645474384
-29.5,160.5,416.9776972122828
-29.5,161.5,416.9732558000729
-29.5,162.5,416.97032390676407
-29.5,163.5,416.9673930238051
-29.5,164.5,416.96429172723504
-29.5,165.5,416.9612539783478
-29.5,166.5,416.9599764435986
-29.5,167.5,416.95901849388366
-29.5,168.5,416.95850752785856
-29.5,169.5,416.959596660732
-29.5,170.5,416.9598046793171
-29.5,171.5,416.9581700577613
-29.5,172.5,416.95828458840543
-29.5,173.5,416.96006877665536
-29.5,174.5,416.9630030543758
-29.5,175.5,416.966636510424
-29.5,176.5,416.96460325094665
-29.5,177.5,416.9648238318259
-29.5,178.5,416.96629613418287
-29.5,179.5,416.9657254605642
-28.5,-179.5,417.0402115259533
-28.5,-178.5,417.0385478704469
-28.5,-177.5,417.03757867833366
-28.5,-176.5,417.040196649158
-28.5,-175.5,417.0398015134919
-28.5,-174.5,417.0433450155381
-28.5,-173.5,417.0485620511702
-28.5,-172.5,417.0507783716425
-28.5,-171.5,417.0525497124967
-28.5,-170.5,417.0552204728046
-28.5,-169.5,417.0508388026183
-28.5,-168.5,417.0465056559619
-28.5,-167.5,417.0431984425672
-28.5,-166.5,417.04348980635376
-28.5,-165.5,417.0412027926916
-28.5,-164.5,417.0397934445445
-28.5,-163.5,417.04031478454505
-28.5,-162.5,417.0390341573783
-28.5,-161.5,417.0393486938268
-28.5,-160.5,417.039887839088
-28.5,-159.5,417.04103329551776
-28.5,-158.5,417.0432044363102
-28.5,-157.5,417.0456598532445
-28.5,-156.5,417.0464339789223
-28.5,-155.5,417.0451266603257
-28.5,-154.5,417.046936989158
-28.5,-153.5,417.0509048225408
-28.5,-152.5,417.0526195165922
-28.5,-151.5,417.055627620344
-28.5,-150.5,417.0538858348911
-28.5,-149.5,417.0546884945077
-28.5,-148.5,417.0572263882799
-28.5,-147.5,417.0651920296458
-28.5,-146.5,417.0669382333347
-28.5,-145.5,417.0755881666082
-28.5,-144.5,417.0803487620103
-28.5,-143.5,417.0777748858452
-28.5,-142.5,417.0857589648194
-28.5,-141.5,417.0877289946001
-28.5,-140.5,417.09038389674527
-28.5,-139.5,417.0946338564896
-28.5,-138.5,417.091939725
-28.5,-137.5,417.0952272380196
-28.5,-136.5,417.1038901607277
-28.5,-135.5,417.10330108941673
-28.5,-134.5,417.0972849502752
-28.5,-133.5,417.1020237225472
-28.5,-132.5,417.10105710547407
-28.5,-131.5,417.0956588309467
-28.5,-130.5,417.0905704874953
-28.5,-129.5,417.0855508945989
-28.5,-128.5,417.0794532891576
-28.5,-127.5,417.0775059966367
-28.5,-126.5,417.0775316639935
-28.5,-125.5,417.0731926459688
-28.5,-124.5,417.0693383360097
-28.5,-123.5,417.06813644450506
-28.5,-122.5,417.0649077743647
-28.5,-121.5,417.0628070539558
-28.5,-120.5,417.05793111915057
-28.5,-119.5,417.05376281999975
-28.5,-118.5,417.0493093388088
-28.5,-117.5,417.04516299476177
-28.5,-116.5,417.0437067776512
-28.5,-115.5,417.04210071484886
-28.5,-114.5,417.0387086608422
-28.5,-113.5,417.0353573908776
-28.5,-112.5,417.0342575220498
-28.5,-111.5,417.0347095597895
-28.5,-110.5,417.03228901872376
-28.5,-109.5,417.0316045834037
-28.5,-108.5,417.035004296243
-28.5,-107.5,417.038368767368
-28.5,-106.5,417.0402958622289
-28.5,-105.5,417.0445381427916
-28.5,-104.5,417.0505193758257
-28.5,-103.5,417.0519883673215
-28.5,-102.5,417.0555661790658
-28.5,-101.5,417.062779611963
-28.5,-100.5,417.0655427637543
-28.5,-99.5,417.0701449164313
-28.5,-98.5,417.0765462072554
-28.5,-97.5,417.0833425809586
-28.5,-96.5,417.0895531285981
-28.5,-95.5,417.0962092820224
-28.5,-94.5,417.1053776421751
-28.5,-93.5,417.1115450271288
-28.5,-92.5,417.1178448002723
-28.5,-91.5,417.1237865012193
-28.5,-90.5,417.1297100582328
-28.5,-89.5,417.13913760194737
-28.5,-88.5,417.1447745812869
-28.5,-87.5,417.1519069776862
-28.5,-86.5,417.15784517844327
-28.5,-85.5,417.164811996165
-28.5,-84.5,417.16569882872255
-28.5,-83.5,417.1720064481075
-28.5,-82.5,417.17507152546216
-28.5,-81.5,417.1785770091209
-28.5,-80.5,417.18213897553375
-28.5,-79.5,417.1877982172842
-28.5,-78.5,417.1941088733474
-28.5,-77.5,417.195430831188
-28.5,-76.5,417.2068536532885
-28.5,-75.5,417.2291113991949
-28.5,-74.5,417.2483779178434
-28.5,-73.5,417.2775637382002
-28.5,-72.5,417.32660203620014
-28.5,-71.5,417.4031596370264
-28.5,-70.5,417.228705105972
-28.5,-69.5,417.0780219997493
-28.5,-68.5,417.1653082905429
-28.5,-67.5,417.18177351829706
-28.5,-66.5,417.14836809738426
-28.5,-65.5,417.1022115249099
-28.5,-64.5,417.05333210763376
-28.5,-63.5,417.03715391391
-28.5,-62.5,417.0442420831987
-28.5,-61.5,417.0511000301767
-28.5,-60.5,417.05208570313727
-28.5,-59.5,417.06139632745146
-28.5,-58.5,417.0615799779006
-28.5,-57.5,417.0609229276569
-28.5,-56.5,417.0560931935242
-28.5,-55.5,417.0533159787116
-28.5,-54.5,417.0449897320249
-28.5,-53.5,417.04001874192585
-28.5,-52.5,417.021590377013
-28.5,-51.5,417.0092169890065
-28.5,-50.5,417.0074975767784
-28.5,-49.5,416.98546402625885
-28.5,-48.5,417.0982573826744
-28.5,-47.5,417.1198221759099
-28.5,-46.5,417.13418890935554
-28.5,-45.5,417.1420414525048
-28.5,-44.5,417.14749793401
-28.5,-43.5,417.1463149538532
-28.5,-42.5,417.1436264407893
-28.5,-41.5,417.1389826068552
-28.5,-40.5,417.1354539504012
-28.5,-39.5,417.13067261045205
-28.5,-38.5,417.1206296344175
-28.5,-37.5,417.1133438488295
-28.5,-36.5,417.1083972323156
-28.5,-35.5,417.1036003121934
-28.5,-34.5,417.0974343887359
-28.5,-33.5,417.0917727498567
-28.5,-32.5,417.0910979379406
-28.5,-31.5,417.08698036330713
-28.5,-30.5,417.0839674987399
-28.5,-29.5,417.0845520847069
-28.5,-28.5,417.082803092504
-28.5,-27.5,417.0821674911439
-28.5,-26.5,417.0838190776288
-28.5,-25.5,417.0824433199396
-28.5,-24.5,417.0801811687293
-28.5,-23.5,417.0803778157903
-28.5,-22.5,417.08302723181765
-28.5,-21.5,417.0851389012712
-28.5,-20.5,417.0862389067628
-28.5,-19.5,417.08851549432944
-28.5,-18.5,417.09040577639615
-28.5,-17.5,417.0944639818472
-28.5,-16.5,417.0958098680263
-28.5,-15.5,417.0975275986387
-28.5,-14.5,417.0966840395896
-28.5,-13.5,417.0952829099719
-28.5,-12.5,417.0932582102113
-28.5,-11.5,417.09007666705895
-28.5,-10.5,417.0864984985675
-28.5,-9.5,417.0860245967096
-28.5,-8.5,417.0832262892748
-28.5,-7.5,417.0809708360024
-28.5,-6.5,417.0794138610719
-28.5,-5.5,417.0781341669181
-28.5,-4.5,417.07713491020354
-28.5,-3.5,417.0767481544201
-28.5,-2.5,417.075808136766
-28.5,-1.5,417.0755283190744
-28.5,-0.5,417.0756011733408
-28.5,0.5,417.0740955910916
-28.5,1.5,417.07434850425375
-28.5,2.5,417.075446828957
-28.5,3.5,417.0768768063867
-28.5,4.5,417.0783409893568
-28.5,5.5,417.08019504115305
-28.5,6.5,417.0827390624808
-28.5,7.5,417.0863094173603
-28.5,8.5,417.091295140226
-28.5,9.5,417.0976367448874
-28.5,10.5,417.10508926788486
-28.5,11.5,417.1160100669023
-28.5,12.5,417.12934918384445
-28.5,13.5,417.1460502078602
-28.5,14.5,417.1683379441199
-28.5,15.5,417.2033933928217
-28.5,16.5,417.23587198952777
-28.5,17.5,417.25516855953424
-28.5,18.5,417.2776603870052
-28.5,19.5,417.3060075916959
-28.5,20.5,417.3344971079378
-28.5,21.5,417.36652631822847
-28.5,22.5,417.40271556813855
-28.5,23.5,417.4210908426441
-28.5,24.5,417.4825704911166
-28.5,25.5,417.4691350551684
-28.5,26.5,417.4668996779927
-28.5,27.5,417.3870150632292
-28.5,28.5,417.28803749494574
-28.5,29.5,417.3019080746371
-28.5,30.5,417.2975940412683
-28.5,31.5,417.2550599808289
-28.5,32.5,417.2828208115151
-28.5,33.5,417.2443368553643
-28.5,34.5,417.214808634098
-28.5,35.5,417.19665603885846
-28.5,36.5,417.1860951867609
-28.5,37.5,417.168259874378
-28.5,38.5,417.1724648306699
-28.5,39.5,417.1719521746939
-28.5,40.5,417.1696065711218
-28.5,41.5,417.1722199224721
-28.5,42.5,417.16930993221865
-28.5,43.5,417.1761070945056
-28.5,44.5,417.1872135453208
-28.5,45.5,417.17645606801136
-28.5,46.5,417.1823970101197
-28.5,47.5,417.1687638180144
-28.5,48.5,417.1621906804604
-28.5,49.5,417.1625741605909
-28.5,50.5,417.15504898296
-28.5,51.5,417.1482992267575
-28.5,52.5,417.1420640018511
-28.5,53.5,417.1363050628145
-28.5,54.5,417.12707084097815
-28.5,55.5,417.1271952690027
-28.5,56.5,417.1248932237944
-28.5,57.5,417.1199325731956
-28.5,58.5,417.1202026107016
-28.5,59.5,417.1219550506861
-28.5,60.5,417.12522150008215
-28.5,61.5,417.1254279859765
-28.5,62.5,417.1261808417215
-28.5,63.5,417.1302239095595
-28.5,64.5,417.1304589657776
-28.5,65.5,417.1333651092212
-28.5,66.5,417.1358279481786
-28.5,67.5,417.1406444076517
-28.5,68.5,417.1401988368322
-28.5,69.5,417.1441552998773
-28.5,70.5,417.1454019968482
-28.5,71.5,417.143550376596
-28.5,72.5,417.1427587279384
-28.5,73.5,417.1445126058448
-28.5,74.5,417.144692758503
-28.5,75.5,417.1454589364008
-28.5,76.5,417.143196242927
-28.5,77.5,417.1425798991938
-28.5,78.5,417.1404002266741
-28.5,79.5,417.1396056218804
-28.5,80.5,417.1352559494279
-28.5,81.5,417.131238816796
-28.5,82.5,417.1237497683444
-28.5,83.5,417.1219439081
-28.5,84.5,417.11756840148576
-28.5,85.5,417.1142144981234
-28.5,86.5,417.10926175527726
-28.5,87.5,417.1054481756853
-28.5,88.5,417.1014981727017
-28.5,89.5,417.098990668252
-28.5,90.5,417.0943050756002
-28.5,91.5,417.0884169723845
-28.5,92.5,417.0815252294757
-28.5,93.5,417.0760313111632
-28.5,94.5,417.0704348540707
-28.5,95.5,417.0637157936178
-28.5,96.5,417.05999562453513
-28.5,97.5,417.0583766636239
-28.5,98.5,417.05817159325903
-28.5,99.5,417.0565724224008
-28.5,100.5,417.0567666698658
-28.5,101.5,417.0564175337994
-28.5,102.5,417.0545520082287
-28.5,103.5,417.0557555590771
-28.5,104.5,417.0601550521154
-28.5,105.5,417.06415894348254
-28.5,106.5,417.0710448975933
-28.5,107.5,417.07865813812646
-28.5,108.5,417.0859185788629
-28.5,109.5,417.095253257679
-28.5,110.5,417.1068413967553
-28.5,111.5,417.1230196329374
-28.5,112.5,417.14149541860985
-28.5,113.5,417.1653062819733
-28.5,114.5,417.1962141561274
-28.5,115.5,417.2227890400295
-28.5,116.5,417.2378218724928
-28.5,117.5,417.2407717216839
-28.5,118.5,417.249001053509
-28.5,119.5,417.2488277547735
-28.5,120.5,417.2471732542581
-28.5,121.5,417.23372913245873
-28.5,122.5,417.2172434995642
-28.5,123.5,417.1969557821986
-28.5,124.5,417.1859994294139
-28.5,125.5,417.176590299522
-28.5,126.5,417.1668074227971
-28.5,127.5,417.1578633828346
-28.5,128.5,417.1556617739437
-28.5,129.5,417.15275691967247
-28.5,130.5,417.1468406455471
-28.5,131.5,417.1416006413596
-28.5,132.5,417.1345592159175
-28.5,133.5,417.124813005809
-28.5,134.5,417.1188235129141
-28.5,135.5,417.10684658311743
-28.5,136.5,417.11399104560365
-28.5,137.5,417.1114607351446
-28.5,138.5,417.10933055909175
-28.5,139.5,417.1084366023054
-28.5,140.5,417.1102260592242
-28.5,141.5,417.1133149790124
-28.5,142.5,417.1143656274385
-28.5,143.5,417.11509379776544
-28.5,144.5,417.11298468184
-28.5,145.5,417.12423720975306
-28.5,146.5,417.1417446283151
-28.5,147.5,417.1584947395668
-28.5,148.5,417.17380429212335
-28.5,149.5,417.1851729784524
-28.5,150.5,417.20137640715217
-28.5,151.5,417.1845200775624
-28.5,152.5,417.16831855329787
-28.5,153.5,417.1438103301932
-28.5,154.5,417.0933875553068
-28.5,155.5,417.0768406162172
-28.5,156.5,417.0660822632484
-28.5,157.5,417.05733055111153
-28.5,158.5,417.0495657629011
-28.5,159.5,417.0419121008149
-28.5,160.5,417.0360471922407
-28.5,161.5,417.0288672597175
-28.5,162.5,417.0288699065986
-28.5,163.5,417.0260300006327
-28.5,164.5,417.024168086236
-28.5,165.5,417.0235706708
-28.5,166.5,417.0229961044816
-28.5,167.5,417.0210382973245
-28.5,168.5,417.0215420549376
-28.5,169.5,417.02125663049145
-28.5,170.5,417.0225277537357
-28.5,171.5,417.0222385819183
-28.5,172.5,417.0244785163105
-28.5,173.5,417.03002264302654
-28.5,174.5,417.0325908107533
-28.5,175.5,417.0369066537391
-28.5,176.5,417.0399833988314
-28.5,177.5,417.03751472217687
-28.5,178.5,417.0382450966554
-28.5,179.5,417.0399400217649
-27.5,-179.5,417.11287571385407
-27.5,-178.5,417.1115333868956
-27.5,-177.5,417.1132302128845
-27.5,-176.5,417.1108914688293
-27.5,-175.5,417.1101536192321
-27.5,-174.5,417.1154354869708
-27.5,-173.5,417.1185462134285
-27.5,-172.5,417.1209026768765
-27.5,-171.5,417.1235434416512
-27.5,-170.5,417.1220355200319
-27.5,-169.5,417.1178261398727
-27.5,-168.5,417.1139472202821
-27.5,-167.5,417.1125814863675
-27.5,-166.5,417.1122498352364
-27.5,-165.5,417.1137546787817
-27.5,-164.5,417.1130297885746
-27.5,-163.5,417.10982415682855
-27.5,-162.5,417.1149964658249
-27.5,-161.5,417.1125497166476
-27.5,-160.5,417.11429487189247
-27.5,-159.5,417.1139528839712
-27.5,-158.5,417.11193240461387
-27.5,-157.5,417.1131692534138
-27.5,-156.5,417.11507222534703
-27.5,-155.5,417.1165677360192
-27.5,-154.5,417.11920997094217
-27.5,-153.5,417.1225283930956
-27.5,-152.5,417.128144528722
-27.5,-151.5,417.1270633640927
-27.5,-150.5,417.1316960088224
-27.5,-149.5,417.1341351655917
-27.5,-148.5,417.13299633524514
-27.5,-147.5,417.1404839127848
-27.5,-146.5,417.1431293667491
-27.5,-145.5,417.1467941885717
-27.5,-144.5,417.1436769485292
-27.5,-143.5,417.14815638535634
-27.5,-142.5,417.1572266138647
-27.5,-141.5,417.16019820087513
-27.5,-140.5,417.1565101650666
-27.5,-139.5,417.16820848663735
-27.5,-138.5,417.1653921998291
-27.5,-137.5,417.1665942682804
-27.5,-136.5,417.1733143722656
-27.5,-135.5,417.16497785155184
-27.5,-134.5,417.1706337714394
-27.5,-133.5,417.1708365148931
-27.5,-132.5,417.1644831932617
-27.5,-131.5,417.1604734505839
-27.5,-130.5,417.1574255722074
-27.5,-129.5,417.152055072856
-27.5,-128.5,417.1431863500821
-27.5,-127.5,417.1454894275481
-27.5,-126.5,417.1369563103011
-27.5,-125.5,417.1383545494239
-27.5,-124.5,417.1299481994762
-27.5,-123.5,417.1272833947872
-27.5,-122.5,417.1237251313409
-27.5,-121.5,417.1221416370781
-27.5,-120.5,417.1168847972115
-27.5,-119.5,417.1109332504556
-27.5,-118.5,417.1083292871306
-27.5,-117.5,417.1051342441076
-27.5,-116.5,417.1011605658819
-27.5,-115.5,417.098095163712
-27.5,-114.5,417.0985188000972
-27.5,-113.5,417.0942096163913
-27.5,-112.5,417.09304139712486
-27.5,-111.5,417.092236291047
-27.5,-110.5,417.0918355144902
-27.5,-109.5,417.0896371626125
-27.5,-108.5,417.0936507132294
-27.5,-107.5,417.0959118264129
-27.5,-106.5,417.0961103110175
-27.5,-105.5,417.1003517152734
-27.5,-104.5,417.1047527085052
-27.5,-103.5,417.1080264279854
-27.5,-102.5,417.1143616981544
-27.5,-101.5,417.1195098669781
-27.5,-100.5,417.1239103808573
-27.5,-99.5,417.1299280511829
-27.5,-98.5,417.1350311010861
-27.5,-97.5,417.1405229813314
-27.5,-96.5,417.1450078980864
-27.5,-95.5,417.15480458583966
-27.5,-94.5,417.1606915560737
-27.5,-93.5,417.1677639256236
-27.5,-92.5,417.17560900731337
-27.5,-91.5,417.1815941770552
-27.5,-90.5,417.18795864169385
-27.5,-89.5,417.1960749318324
-27.5,-88.5,417.1998779571807
-27.5,-87.5,417.208534863512
-27.5,-86.5,417.213874473415
-27.5,-85.5,417.2179730091058
-27.5,-84.5,417.2216465807388
-27.5,-83.5,417.22479041290745
-27.5,-82.5,417.2283073591967
-27.5,-81.5,417.232359028992
-27.5,-80.5,417.2375769046151
-27.5,-79.5,417.2436860846928
-27.5,-78.5,417.2512243891036
-27.5,-77.5,417.261393429273
-27.5,-76.5,417.2624988907753
-27.5,-75.5,417.2881546655701
-27.5,-74.5,417.3078021964677
-27.5,-73.5,417.3241606072803
-27.5,-72.5,417.3695102200399
-27.5,-71.5,417.4395172938063
-27.5,-70.5,417.456969550415
-27.5,-69.5,417.26756808535777
-27.5,-68.5,417.0719160421909
-27.5,-67.5,417.1960638766095
-27.5,-66.5,417.20907232624734
-27.5,-65.5,417.2270504609465
-27.5,-64.5,417.13876332572113
-27.5,-63.5,417.102727831444
-27.5,-62.5,417.0821549604826
-27.5,-61.5,417.12578065854126
-27.5,-60.5,417.13806815549646
-27.5,-59.5,417.1418566881908
-27.5,-58.5,417.1433558925877
-27.5,-57.5,417.1443002664985
-27.5,-56.5,417.1336439887058
-27.5,-55.5,417.117814419542
-27.5,-54.5,417.1212859335787
-27.5,-53.5,417.1201140829186
-27.5,-52.5,417.0799694440393
-27.5,-51.5,417.0669398753674
-27.5,-50.5,417.0754658550803
-27.5,-49.5,417.1064538570121
-27.5,-48.5,417.1778193253415
-27.5,-47.5,417.18052920228376
-27.5,-46.5,417.1925528523385
-27.5,-45.5,417.20335379036936
-27.5,-44.5,417.2094943285524
-27.5,-43.5,417.2102580296824
-27.5,-42.5,417.2076308461871
-27.5,-41.5,417.2023833146137
-27.5,-40.5,417.1946501148854
-27.5,-39.5,417.1871353206362
-27.5,-38.5,417.1815393207984
-27.5,-37.5,417.1745359398335
-27.5,-36.5,417.1707745076723
-27.5,-35.5,417.1655275930431
-27.5,-34.5,417.16009650628905
-27.5,-33.5,417.1589357209569
-27.5,-32.5,417.1555853473831
-27.5,-31.5,417.1532416286903
-27.5,-30.5,417.1534517498243
-27.5,-29.5,417.1464908291886
-27.5,-28.5,417.1450632858208
-27.5,-27.5,417.1440434151942
-27.5,-26.5,417.1394362060931
-27.5,-25.5,417.13796448922886
-27.5,-24.5,417.1363274716804
-27.5,-23.5,417.1391042472243
-27.5,-22.5,417.13904574123296
-27.5,-21.5,417.1396513696084
-27.5,-20.5,417.1405823670642
-27.5,-19.5,417.1423602077127
-27.5,-18.5,417.1471697599576
-27.5,-17.5,417.1486643441616
-27.5,-16.5,417.15107864391416
-27.5,-15.5,417.15252611882136
-27.5,-14.5,417.15253551362014
-27.5,-13.5,417.1503681390769
-27.5,-12.5,417.14831762414696
-27.5,-11.5,417.1453032249984
-27.5,-10.5,417.1422408070223
-27.5,-9.5,417.1405131947562
-27.5,-8.5,417.1385729777151
-27.5,-7.5,417.1370922951904
-27.5,-6.5,417.13446932432976
-27.5,-5.5,417.1323878949498
-27.5,-4.5,417.1315234619229
-27.5,-3.5,417.1308646031136
-27.5,-2.5,417.1295319874874
-27.5,-1.5,417.1281409258887
-27.5,-0.5,417.1259303258845
-27.5,0.5,417.1243651725432
-27.5,1.5,417.1253212568224
-27.5,2.5,417.1282855586152
-27.5,3.5,417.1312157728793
-27.5,4.5,417.1338658149298
-27.5,5.5,417.1367739380448
-27.5,6.5,417.1402279073032
-27.5,7.5,417.1443260068969
-27.5,8.5,417.15006615562777
-27.5,9.5,417.15776660145485
-27.5,10.5,417.1683603503806
-27.5,11.5,417.1782060159304
-27.5,12.5,417.1956427618097
-27.5,13.5,417.2144037105937
-27.5,14.5,417.2469332258804
-27.5,15.5,417.28203346471673
-27.5,16.5,417.2943767191504
-27.5,17.5,417.3365200545747
-27.5,18.5,417.35086770991626
-27.5,19.5,417.4003955225397
-27.5,20.5,417.44586700967807
-27.5,21.5,417.4963026482371
-27.5,22.5,417.52846754958114
-27.5,23.5,417.5427983328427
-27.5,24.5,417.5588722277863
-27.5,25.5,417.5368013474045
-27.5,26.5,417.5259410244117
-27.5,27.5,417.5065597888422
-27.5,28.5,417.4472301573924
-27.5,29.5,417.5774184496914
-27.5,30.5,417.4079908057757
-27.5,31.5,417.3230151290296
-27.5,32.5,417.3113633769626
-27.5,33.5,417.2793634398087
-27.5,34.5,417.2565103358414
-27.5,35.5,417.2463518240312
-27.5,36.5,417.2286406861339
-27.5,37.5,417.2344811147711
-27.5,38.5,417.23170788745176
-27.5,39.5,417.2289986539502
-27.5,40.5,417.230191677439
-27.5,41.5,417.22627371908345
-27.5,42.5,417.24183328850967
-27.5,43.5,417.2503761147924
-27.5,44.5,417.25585019029546
-27.5,45.5,417.25407398603886
-27.5,46.5,417.24970617985247
-27.5,47.5,417.2340160589243
-27.5,48.5,417.2304912296122
-27.5,49.5,417.2153311290932
-27.5,50.5,417.21235696278393
-27.5,51.5,417.2040650488006
-27.5,52.5,417.1969469079919
-27.5,53.5,417.19229476116624
-27.5,54.5,417.187795852056
-27.5,55.5,417.1841475305452
-27.5,56.5,417.1783167712345
-27.5,57.5,417.1795427423029
-27.5,58.5,417.17939054403473
-27.5,59.5,417.1795423746855
-27.5,60.5,417.1795989446068
-27.5,61.5,417.1814856116393
-27.5,62.5,417.1804240203928
-27.5,63.5,417.1821296693557
-27.5,64.5,417.1854492540157
-27.5,65.5,417.1856431206052
-27.5,66.5,417.18855886135685
-27.5,67.5,417.1903204897059
-27.5,68.5,417.1918267121561
-27.5,69.5,417.1935461598938
-27.5,70.5,417.1924770053886
-27.5,71.5,417.1940257710463
-27.5,72.5,417.1911459768272
-27.5,73.5,417.1907659544085
-27.5,74.5,417.191816372501
-27.5,75.5,417.1929787498236
-27.5,76.5,417.1936302002617
-27.5,77.5,417.1959871088351
-27.5,78.5,417.19029552646833
-27.5,79.5,417.1861398409717
-27.5,80.5,417.18502612811375
-27.5,81.5,417.1814146087555
-27.5,82.5,417.1741557518548
-27.5,83.5,417.1712747476674
-27.5,84.5,417.1666706461672
-27.5,85.5,417.1631160284603
-27.5,86.5,417.1607381165731
-27.5,87.5,417.1558196202985
-27.5,88.5,417.153613568541
-27.5,89.5,417.1508824576964
-27.5,90.5,417.1471285841556
-27.5,91.5,417.1396753454704
-27.5,92.5,417.1339541182732
-27.5,93.5,417.129040945316
-27.5,94.5,417.1254683751791
-27.5,95.5,417.1222841183596
-27.5,96.5,417.1183252918533
-27.5,97.5,417.1175648283127
-27.5,98.5,417.1173310319536
-27.5,99.5,417.117178099477
-27.5,100.5,417.1163579127688
-27.5,101.5,417.11712418961486
-27.5,102.5,417.11848525957726
-27.5,103.5,417.118275012666
-27.5,104.5,417.1233029849007
-27.5,105.5,417.12902637947474
-27.5,106.5,417.1336453410458
-27.5,107.5,417.13993181003
-27.5,108.5,417.1459480856071
-27.5,109.5,417.1551713467013
-27.5,110.5,417.1697407919585
-27.5,111.5,417.1850791344732
-27.5,112.5,417.2056832278789
-27.5,113.5,417.2332486272717
-27.5,114.5,417.2713900504117
-27.5,115.5,417.29635543886434
-27.5,116.5,417.30095146141855
-27.5,117.5,417.30920695494456
-27.5,118.5,417.3235560068416
-27.5,119.5,417.3246683965229
-27.5,120.5,417.31755691356426
-27.5,121.5,417.3020887776692
-27.5,122.5,417.2900546165426
-27.5,123.5,417.2687329839383
-27.5,124.5,417.2521497837336
-27.5,125.5,417.2392850698837
-27.5,126.5,417.22812963647567
-27.5,127.5,417.2237193813547
-27.5,128.5,417.2230111775747
-27.5,129.5,417.2149896019488
-27.5,130.5,417.2042533938082
-27.5,131.5,417.1945452946538
-27.5,132.5,417.1789617234265
-27.5,133.5,417.16980782492914
-27.5,134.5,417.1603628800785
-27.5,135.5,417.15412579213984
-27.5,136.5,417.1469634310242
-27.5,137.5,417.153573078829
-27.5,138.5,417.1499130397673
-27.5,139.5,417.1507330364464
-27.5,140.5,417.1521736720331
-27.5,141.5,417.1535358208182
-27.5,142.5,417.1532147364562
-27.5,143.5,417.1532072502205
-27.5,144.5,417.1497697363215
-27.5,145.5,417.1517571532298
-27.5,146.5,417.162305189357
-27.5,147.5,417.178562609484
-27.5,148.5,417.1948510437486
-27.5,149.5,417.2162631159256
-27.5,150.5,417.2430541588388
-27.5,151.5,417.2286061264823
-27.5,152.5,417.2944298790674
-27.5,153.5,417.1731308086119
-27.5,154.5,417.1417466333797
-27.5,155.5,417.12789618037584
-27.5,156.5,417.1197770142856
-27.5,157.5,417.111908506849
-27.5,158.5,417.1047911615293
-27.5,159.5,417.09743369434784
-27.5,160.5,417.09185504892895
-27.5,161.5,417.0895023563392
-27.5,162.5,417.0876922914642
-27.5,163.5,417.0844809918744
-27.5,164.5,417.0838785099673
-27.5,165.5,417.0836099070394
-27.5,166.5,417.0843447729573
-27.5,167.5,417.0852387344122
-27.5,168.5,417.0851556214332
-27.5,169.5,417.0869789460622
-27.5,170.5,417.09095217760057
-27.5,171.5,417.0937016628355
-27.5,172.5,417.0963834167528
-27.5,173.5,417.10310801854536
-27.5,174.5,417.1099042606372
-27.5,175.5,417.1121128572132
-27.5,176.5,417.1147655414242
-27.5,177.5,417.11427547458544
-27.5,178.5,417.11225004805135
-27.5,179.5,417.1132786478567
-26.5,-179.5,417.1835083553916
-26.5,-178.5,417.1849265582776
-26.5,-177.5,417.1810495754306
-26.5,-176.5,417.1782922207231
-26.5,-175.5,417.1793647749798
-26.5,-174.5,417.18163224865225
-26.5,-173.5,417.1837356918098
-26.5,-172.5,417.1864109356411
-26.5,-171.5,417.187454074175
-26.5,-170.5,417.18556749962346
-26.5,-169.5,417.1813653849887
-26.5,-168.5,417.1848753932056
-26.5,-167.5,417.1827978161087
-26.5,-166.5,417.18601175024617
-26.5,-165.5,417.1840022185014
-26.5,-164.5,417.1881517306125
-26.5,-163.5,417.1908446982261
-26.5,-162.5,417.188097216962
-26.5,-161.5,417.1878782447337
-26.5,-160.5,417.1858476550533
-26.5,-159.5,417.18342687340623
-26.5,-158.5,417.1880855706185
-26.5,-157.5,417.1850579349956
-26.5,-156.5,417.1886016400668
-26.5,-155.5,417.1921526637242
-26.5,-154.5,417.1931280973859
-26.5,-153.5,417.1957700683845
-26.5,-152.5,417.2015291533936
-26.5,-151.5,417.2031995732533
-26.5,-150.5,417.20133997968793
-26.5,-149.5,417.2085490555909
-26.5,-148.5,417.20472250081457
-26.5,-147.5,417.2063762636844
-26.5,-146.5,417.21768366980666
-26.5,-145.5,417.221276664802
-26.5,-144.5,417.2246781118598
-26.5,-143.5,417.22746706502863
-26.5,-142.5,417.23101635125073
-26.5,-141.5,417.2276040628302
-26.5,-140.5,417.2364244439266
-26.5,-139.5,417.2397995757371
-26.5,-138.5,417.2428833140019
-26.5,-137.5,417.2350123612151
-26.5,-136.5,417.2408452317267
-26.5,-135.5,417.2307765672895
-26.5,-134.5,417.2290196642633
-26.5,-133.5,417.23294171132926
-26.5,-132.5,417.2292224033548
-26.5,-131.5,417.2183979407933
-26.5,-130.5,417.2128040583776
-26.5,-129.5,417.2095810324557
-26.5,-128.5,417.2110881361942
-26.5,-127.5,417.20680225527
-26.5,-126.5,417.20252079767874
-26.5,-125.5,417.192645544259
-26.5,-124.5,417.1954896511791
-26.5,-123.5,417.18419958824376
-26.5,-122.5,417.1831604540413
-26.5,-121.5,417.173777841601
-26.5,-120.5,417.1742990920535
-26.5,-119.5,417.1665003361289
-26.5,-118.5,417.1645429310013
-26.5,-117.5,417.1624641091677
-26.5,-116.5,417.1569976263415
-26.5,-115.5,417.1575799767878
-26.5,-114.5,417.1505911763894
-26.5,-113.5,417.1492957354507
-26.5,-112.5,417.1486889297941
-26.5,-111.5,417.148725005831
-26.5,-110.5,417.1464838222811
-26.5,-109.5,417.1485496117831
-26.5,-108.5,417.14835490718906
-26.5,-107.5,417.1501732786374
-26.5,-106.5,417.1551954694186
-26.5,-105.5,417.15602738806194
-26.5,-104.5,417.1608472398949
-26.5,-103.5,417.1647945955183
-26.5,-102.5,417.1680346852453
-26.5,-101.5,417.1735697270843
-26.5,-100.5,417.1782284541996
-26.5,-99.5,417.1849144809937
-26.5,-98.5,417.1898006168503
-26.5,-97.5,417.1928884804204
-26.5,-96.5,417.20263686723774
-26.5,-95.5,417.20748896213576
-26.5,-94.5,417.21753534464426
-26.5,-93.5,417.2214251211871
-26.5,-92.5,417.2316588435109
-26.5,-91.5,417.23737771804247
-26.5,-90.5,417.2396234105664
-26.5,-89.5,417.2484880090738
-26.5,-88.5,417.2542868907814
-26.5,-87.5,417.25928826150505
-26.5,-86.5,417.2648894323908
-26.5,-85.5,417.262234731058
-26.5,-84.5,417.2646469759029
-26.5,-83.5,417.276623494861
-26.5,-82.5,417.2806758745498
-26.5,-81.5,417.2860608965032
-26.5,-80.5,417.2928998674616
-26.5,-79.5,417.3004531425264
-26.5,-78.5,417.30924676162914
-26.5,-77.5,417.3191245488142
-26.5,-76.5,417.330537980208
-26.5,-75.5,417.3449708614016
-26.5,-74.5,417.3645457631322
-26.5,-73.5,417.3925016608743
-26.5,-72.5,417.4335604261354
-26.5,-71.5,417.4824888824254
-26.5,-70.5,417.5115969215841
-26.5,-69.5,417.4267696685098
-26.5,-68.5,417.1191805759044
-26.5,-67.5,417.2363586072312
-26.5,-66.5,417.2253611002376
-26.5,-65.5,417.2541051535192
-26.5,-64.5,417.2297892042133
-26.5,-63.5,417.1723181025173
-26.5,-62.5,417.172014648581
-26.5,-61.5,417.1916532252647
-26.5,-60.5,417.2041021642348
-26.5,-59.5,417.2204570441712
-26.5,-58.5,417.21440406488665
-26.5,-57.5,417.2097556600566
-26.5,-56.5,417.20462420168
-26.5,-55.5,417.18886548912553
-26.5,-54.5,417.1614388890712
-26.5,-53.5,417.0982524692023
-26.5,-52.5,417.08326060157583
-26.5,-51.5,417.0849242280125
-26.5,-50.5,417.0981647891837
-26.5,-49.5,417.1924049303543
-26.5,-48.5,417.2434353294028
-26.5,-47.5,417.255824563756
-26.5,-46.5,417.2637331993377
-26.5,-45.5,417.27147983259897
-26.5,-44.5,417.2738312764919
-26.5,-43.5,417.27267680230153
-26.5,-42.5,417.2664270583977
-26.5,-41.5,417.2577719409216
-26.5,-40.5,417.2536179242544
-26.5,-39.5,417.24679583427337
-26.5,-38.5,417.2433133639705
-26.5,-37.5,417.2409011383095
-26.5,-36.5,417.2327909734062
-26.5,-35.5,417.22735064367214
-26.5,-34.5,417.22570648004114
-26.5,-33.5,417.2212931598308
-26.5,-32.5,417.21867352096655
-26.5,-31.5,417.2191136622233
-26.5,-30.5,417.2161886887576
-26.5,-29.5,417.2104808929167
-26.5,-28.5,417.2073472663096
-26.5,-27.5,417.2018139484071
-26.5,-26.5,417.197298111118
-26.5,-25.5,417.19336317922046
-26.5,-24.5,417.1946432622442
-26.5,-23.5,417.1944968284191
-26.5,-22.5,417.1937783030549
-26.5,-21.5,417.1940521758885
-26.5,-20.5,417.1980929110065
-26.5,-19.5,417.19764529474986
-26.5,-18.5,417.1997199716448
-26.5,-17.5,417.20078555224416
-26.5,-16.5,417.2001541165105
-26.5,-15.5,417.200829983355
-26.5,-14.5,417.202414090526
-26.5,-13.5,417.2005522622304
-26.5,-12.5,417.1979095767504
-26.5,-11.5,417.1946444350793
-26.5,-10.5,417.1920212074276
-26.5,-9.5,417.1908580229617
-26.5,-8.5,417.1902580009354
-26.5,-7.5,417.1891471955589
-26.5,-6.5,417.1875566391278
-26.5,-5.5,417.1865481990583
-26.5,-4.5,417.18561268958325
-26.5,-3.5,417.1847256465098
-26.5,-2.5,417.1834860718122
-26.5,-1.5,417.180883193705
-26.5,-0.5,417.17952761767697
-26.5,0.5,417.1802306908025
-26.5,1.5,417.18278553343066
-26.5,2.5,417.1860614792749
-26.5,3.5,417.1883610680098
-26.5,4.5,417.192219671022
-26.5,5.5,417.195850814102
-26.5,6.5,417.19968372754334
-26.5,7.5,417.20435362750544
-26.5,8.5,417.2101937012381
-26.5,9.5,417.2183522684171
-26.5,10.5,417.2290494157897
-26.5,11.5,417.2429932746912
-26.5,12.5,417.2622705774997
-26.5,13.5,417.2895532918071
-26.5,14.5,417.3317565117911
-26.5,15.5,417.3870119385365
-26.5,16.5,417.40476187786186
-26.5,17.5,417.4365102279344
-26.5,18.5,417.47496116636296
-26.5,19.5,417.52659443301104
-26.5,20.5,417.5886878625358
-26.5,21.5,417.6248921059586
-26.5,22.5,417.6563185280937
-26.5,23.5,417.6547761497644
-26.5,24.5,417.6309345537394
-26.5,25.5,417.5722678920816
-26.5,26.5,417.49672869973006
-26.5,27.5,417.77181827296624
-26.5,28.5,417.7783280622152
-26.5,29.5,417.7105943371668
-26.5,30.5,417.3978717060569
-26.5,31.5,417.32991143344447
-26.5,32.5,417.2882556939631
-26.5,33.5,417.2985704103373
-26.5,34.5,417.28952674295584
-26.5,35.5,417.2910971432781
-26.5,36.5,417.2906939323276
-26.5,37.5,417.2894441693113
-26.5,38.5,417.2857887026686
-26.5,39.5,417.2866118121523
-26.5,40.5,417.2925557387397
-26.5,41.5,417.2911990146166
-26.5,42.5,417.302256760959
-26.5,43.5,417.326560093309
-26.5,44.5,417.3360402955338
-26.5,45.5,417.3347042975708
-26.5,46.5,417.31190603415655
-26.5,47.5,417.3031736782895
-26.5,48.5,417.28755642181
-26.5,49.5,417.27596022549153
-26.5,50.5,417.2604315590376
-26.5,51.5,417.2584508739919
-26.5,52.5,417.2515904452818
-26.5,53.5,417.2469542370637
-26.5,54.5,417.2407783382586
-26.5,55.5,417.238571414104
-26.5,56.5,417.2389448344648
-26.5,57.5,417.2366767771306
-26.5,58.5,417.2377534359816
-26.5,59.5,417.2366501341117
-26.5,60.5,417.2351845682834
-26.5,61.5,417.23330752375375
-26.5,62.5,417.2343011283913
-26.5,63.5,417.2359128426976
-26.5,64.5,417.2363632483354
-26.5,65.5,417.2368683222985
-26.5,66.5,417.2361577988397
-26.5,67.5,417.2381151070201
-26.5,68.5,417.2395032363939
-26.5,69.5,417.240243247041
-26.5,70.5,417.2413636288724
-26.5,71.5,417.2406723964727
-26.5,72.5,417.2387767114578
-26.5,73.5,417.2401258546197
-26.5,74.5,417.2424493361392
-26.5,75.5,417.2429949203623
-26.5,76.5,417.2459632170913
-26.5,77.5,417.2417347022866
-26.5,78.5,417.2381956317483
-26.5,79.5,417.2371702859369
-26.5,80.5,417.23340517664815
-26.5,81.5,417.2300022023316
-26.5,82.5,417.2261091523556
-26.5,83.5,417.2220590812892
-26.5,84.5,417.2187835472397
-26.5,85.5,417.2177135562928
-26.5,86.5,417.2137747366803
-26.5,87.5,417.207975876273
-26.5,88.5,417.20478729063575
-26.5,89.5,417.200809949913
-26.5,90.5,417.1966395133604
-26.5,91.5,417.1915071938125
-26.5,92.5,417.186990478272
-26.5,93.5,417.1822914832646
-26.5,94.5,417.1808588749117
-26.5,95.5,417.1794460826126
-26.5,96.5,417.17819855860216
-26.5,97.5,417.176190305343
-26.5,98.5,417.1761086249036
-26.5,99.5,417.1767930474482
-26.5,100.5,417.17830607464407
-26.5,101.5,417.1785608346135
-26.5,102.5,417.1815267233512
-26.5,103.5,417.1843748277012
-26.5,104.5,417.1862845242752
-26.5,105.5,417.1921405662409
-26.5,106.5,417.198715995533
-26.5,107.5,417.2033210791063
-26.5,108.5,417.2103314482122
-26.5,109.5,417.2231351126899
-26.5,110.5,417.2346819480972
-26.5,111.5,417.24945696025856
-26.5,112.5,417.2710369981244
-26.5,113.5,417.2952637678033
-26.5,114.5,417.3323653007784
-26.5,115.5,417.3569720851676
-26.5,116.5,417.3654252106085
-26.5,117.5,417.3758416799028
-26.5,118.5,417.3874673514352
-26.5,119.5,417.3897545533466
-26.5,120.5,417.3892266807704
-26.5,121.5,417.38102093537793
-26.5,122.5,417.3563089667704
-26.5,123.5,417.3366873246062
-26.5,124.5,417.3144519638427
-26.5,125.5,417.2987710302807
-26.5,126.5,417.285908076428
-26.5,127.5,417.2824487279937
-26.5,128.5,417.2784761334011
-26.5,129.5,417.2636998901439
-26.5,130.5,417.2499786320146
-26.5,131.5,417.2381743017036
-26.5,132.5,417.2294466644885
-26.5,133.5,417.211175348718
-26.5,134.5,417.1991161669691
-26.5,135.5,417.1935728927361
-26.5,136.5,417.1917047354154
-26.5,137.5,417.1896785586662
-26.5,138.5,417.1880403809719
-26.5,139.5,417.1906619797229
-26.5,140.5,417.1918614350252
-26.5,141.5,417.1868637037987
-26.5,142.5,417.1829463391459
-26.5,143.5,417.1806936703236
-26.5,144.5,417.17010782465735
-26.5,145.5,417.17347527546286
-26.5,146.5,417.2193289051299
-26.5,147.5,417.2042606633216
-26.5,148.5,417.22402724776697
-26.5,149.5,417.2487359788925
-26.5,150.5,417.2746428247579
-26.5,151.5,417.261925085783
-26.5,152.5,417.2891306474057
-26.5,153.5,417.2110562791952
-26.5,154.5,417.1873959034832
-26.5,155.5,417.17675507309497
-26.5,156.5,417.1694740258395
-26.5,157.5,417.1647013193982
-26.5,158.5,417.15959443882446
-26.5,159.5,417.1532087039845
-26.5,160.5,417.1489795939619
-26.5,161.5,417.14576517261503
-26.5,162.5,417.1452120594054
-26.5,163.5,417.14463197083967
-26.5,164.5,417.1435613331753
-26.5,165.5,417.1432511173859
-26.5,166.5,417.1469745237418
-26.5,167.5,417.1497822288437
-26.5,168.5,417.1549322352872
-26.5,169.5,417.1566775453732
-26.5,170.5,417.1641691201303
-26.5,171.5,417.1687471702468
-26.5,172.5,417.1744823357012
-26.5,173.5,417.1774847814496
-26.5,174.5,417.1837989884179
-26.5,175.5,417.1881770402603
-26.5,176.5,417.187959201168
-26.5,177.5,417.18644185758825
-26.5,178.5,417.1858522432309
-26.5,179.5,417.1837953081076
-25.5,-179.5,417.2510750949426
-25.5,-178.5,417.2492446446009
-25.5,-177.5,417.24725990377584
-25.5,-176.5,417.2453420700421
-25.5,-175.5,417.2444203386792
-25.5,-174.5,417.2457719417532
-25.5,-173.5,417.2477421291432
-25.5,-172.5,417.2478618296806
-25.5,-171.5,417.2480936023339
-25.5,-170.5,417.2505687932392
-25.5,-169.5,417.2511519957998
-25.5,-168.5,417.2528894072132
-25.5,-167.5,417.2538109548586
-25.5,-166.5,417.2578696993509
-25.5,-165.5,417.2551071385788
-25.5,-164.5,417.2602331034177
-25.5,-163.5,417.2567607607386
-25.5,-162.5,417.2610404694007
-25.5,-161.5,417.2613363612461
-25.5,-160.5,417.2566730041275
-25.5,-159.5,417.2569363954632
-25.5,-158.5,417.25963209032096
-25.5,-157.5,417.2578580585404
-25.5,-156.5,417.2601004730887
-25.5,-155.5,417.266983983234
-25.5,-154.5,417.26975700064696
-25.5,-153.5,417.2675120331773
-25.5,-152.5,417.2686067538705
-25.5,-151.5,417.271961212774
-25.5,-150.5,417.2735456933566
-25.5,-149.5,417.2761642218096
-25.5,-148.5,417.2856729974602
-25.5,-147.5,417.2877481667965
-25.5,-146.5,417.282124949022
-25.5,-145.5,417.2835415322682
-25.5,-144.5,417.2930752232764
-25.5,-143.5,417.28854823210673
-25.5,-142.5,417.3006100560767
-25.5,-141.5,417.2951854302023
-25.5,-140.5,417.3065655234253
-25.5,-139.5,417.3086222362738
-25.5,-138.5,417.309123685406
-25.5,-137.5,417.2996079748767
-25.5,-136.5,417.297512845948
-25.5,-135.5,417.2926774650804
-25.5,-134.5,417.2958847207616
-25.5,-133.5,417.2902104280215
-25.5,-132.5,417.2854278067777
-25.5,-131.5,417.2748945932093
-25.5,-130.5,417.2693071789012
-25.5,-129.5,417.2654844376655
-25.5,-128.5,417.26212754262735
-25.5,-127.5,417.2557028925741
-25.5,-126.5,417.2503312943186
-25.5,-125.5,417.25423457243255
-25.5,-124.5,417.2412028605389
-25.5,-123.5,417.24277148621866
-25.5,-122.5,417.22942215242233
-25.5,-121.5,417.2246698930296
-25.5,-120.5,417.2267862561283
-25.5,-119.5,417.2230055124773
-25.5,-118.5,417.21878996240434
-25.5,-117.5,417.2153884373307
-25.5,-116.5,417.2087491565351
-25.5,-115.5,417.2098355777859
-25.5,-114.5,417.2070023151736
-25.5,-113.5,417.2047648916836
-25.5,-112.5,417.200674400338
-25.5,-111.5,417.2028089423838
-25.5,-110.5,417.2005824028304
-25.5,-109.5,417.204410677154
-25.5,-108.5,417.2046020769301
-25.5,-107.5,417.2099468047599
-25.5,-106.5,417.2125093647064
-25.5,-105.5,417.2149829201907
-25.5,-104.5,417.2168116310392
-25.5,-103.5,417.21995252195575
-25.5,-102.5,417.221205153337
-25.5,-101.5,417.2249039644281
-25.5,-100.5,417.2335203769864
-25.5,-99.5,417.23808700900304
-25.5,-98.5,417.24231632725065
-25.5,-97.5,417.2443718392312
-25.5,-96.5,417.2522490967759
-25.5,-95.5,417.259627853337
-25.5,-94.5,417.2715946179497
-25.5,-93.5,417.2776321702198
-25.5,-92.5,417.2846050597225
-25.5,-91.5,417.28371816230487
-25.5,-90.5,417.2959543698182
-25.5,-89.5,417.3015164515807
-25.5,-88.5,417.3072175605079
-25.5,-87.5,417.3131690177688
-25.5,-86.5,417.3181481833871
-25.5,-85.5,417.3218117143125
-25.5,-84.5,417.3249457583301
-25.5,-83.5,417.32881140090734
-25.5,-82.5,417.3342908800616
-25.5,-81.5,417.3413548920861
-25.5,-80.5,417.3495098950122
-25.5,-79.5,417.3597350125053
-25.5,-78.5,417.3682600078192
-25.5,-77.5,417.3766789682186
-25.5,-76.5,417.3871365474852
-25.5,-75.5,417.400690674253
-25.5,-74.5,417.4190667438062
-25.5,-73.5,417.44619557925967
-25.5,-72.5,417.485584108547
-25.5,-71.5,417.5298552206348
-25.5,-70.5,417.4982666938564
-25.5,-69.5,417.3722984436969
-25.5,-68.5,417.2503862456897
-25.5,-67.5,417.2770770093905
-25.5,-66.5,417.2697616647328
-25.5,-65.5,417.30977696307934
-25.5,-64.5,417.24236021037774
-25.5,-63.5,417.2565607108592
-25.5,-62.5,417.2598469107678
-25.5,-61.5,417.2753673356088
-25.5,-60.5,417.2781862084413
-25.5,-59.5,417.2838176402703
-25.5,-58.5,417.28221925757776
-25.5,-57.5,417.2835070104901
-25.5,-56.5,417.2540124001344
-25.5,-55.5,417.2362457294324
-25.5,-54.5,417.2487463595165
-25.5,-53.5,417.1769835047656
-25.5,-52.5,417.1526458637485
-25.5,-51.5,417.1301483463478
-25.5,-50.5,417.1771392636514
-25.5,-49.5,417.2026512241692
-25.5,-48.5,417.238271680131
-25.5,-47.5,417.333328480679
-25.5,-46.5,417.34570608780007
-25.5,-45.5,417.3495440450623
-25.5,-44.5,417.3434827992154
-25.5,-43.5,417.3372808847525
-25.5,-42.5,417.3240455470684
-25.5,-41.5,417.3178181953666
-25.5,-40.5,417.3146047545527
-25.5,-39.5,417.3094570409908
-25.5,-38.5,417.3048141595016
-25.5,-37.5,417.3013856952262
-25.5,-36.5,417.296078240564
-25.5,-35.5,417.2896512779258
-25.5,-34.5,417.28417698857294
-25.5,-33.5,417.2804927243114
-25.5,-32.5,417.2802427722058
-25.5,-31.5,417.276472941413
-25.5,-30.5,417.2729900411801
-25.5,-29.5,417.267758550552
-25.5,-28.5,417.2641460534227
-25.5,-27.5,417.2588102629618
-25.5,-26.5,417.25413617469854
-25.5,-25.5,417.2504279838699
-25.5,-24.5,417.2499033663945
-25.5,-23.5,417.24926167666376
-25.5,-22.5,417.24968186547295
-25.5,-21.5,417.2500776343962
-25.5,-20.5,417.25185217053325
-25.5,-19.5,417.24942344351865
-25.5,-18.5,417.24858285081547
-25.5,-17.5,417.2495904933039
-25.5,-16.5,417.2473067395933
-25.5,-15.5,417.2484650553487
-25.5,-14.5,417.2472459535544
-25.5,-13.5,417.2436458510098
-25.5,-12.5,417.2412063917616
-25.5,-11.5,417.2404431170937
-25.5,-10.5,417.2384834817595
-25.5,-9.5,417.23806460806986
-25.5,-8.5,417.23729339640704
-25.5,-7.5,417.2392759090053
-25.5,-6.5,417.23897560656434
-25.5,-5.5,417.2395693436022
-25.5,-4.5,417.2397121639376
-25.5,-3.5,417.23964952127153
-25.5,-2.5,417.2388143608216
-25.5,-1.5,417.2376136677784
-25.5,-0.5,417.2369300732928
-25.5,0.5,417.2369919264537
-25.5,1.5,417.2385907918135
-25.5,2.5,417.2423108271733
-25.5,3.5,417.2473898675677
-25.5,4.5,417.2532023074918
-25.5,5.5,417.2582443191892
-25.5,6.5,417.2629884780478
-25.5,7.5,417.2684710034504
-25.5,8.5,417.2729036353082
-25.5,9.5,417.28047289313326
-25.5,10.5,417.2916271554005
-25.5,11.5,417.3086556553441
-25.5,12.5,417.3315782180946
-25.5,13.5,417.3653529495601
-25.5,14.5,417.4184431131371
-25.5,15.5,417.482144644118
-25.5,16.5,417.4817333171464
-25.5,17.5,417.5455407183504
-25.5,18.5,417.6182240472014
-25.5,19.5,417.6763563608859
-25.5,20.5,417.7270783704423
-25.5,21.5,417.7543325315361
-25.5,22.5,417.7616644651784
-25.5,23.5,417.7348531099612
-25.5,24.5,417.6892566514438
-25.5,25.5,417.5889850555905
-25.5,26.5,417.49797138615065
-25.5,27.5,417.5408404667209
-25.5,28.5,417.5932407317004
-25.5,29.5,417.89462632588766
-25.5,30.5,417.3190899308936
-25.5,31.5,417.278251554555
-25.5,32.5,417.2734002031232
-25.5,33.5,417.28790245386347
-25.5,34.5,417.2841988110859
-25.5,35.5,417.3226409007454
-25.5,36.5,417.3354312826452
-25.5,37.5,417.3381845579588
-25.5,38.5,417.3386218284168
-25.5,39.5,417.3348895633338
-25.5,40.5,417.3508610358679
-25.5,41.5,417.3625867297745
-25.5,42.5,417.3809631948348
-25.5,43.5,417.409238167706
-25.5,44.5,417.4303762103158
-25.5,45.5,417.4162628271585
-25.5,46.5,417.3965443605604
-25.5,47.5,417.3617495692296
-25.5,48.5,417.3384745103967
-25.5,49.5,417.32432786319976
-25.5,50.5,417.31442149268
-25.5,51.5,417.3039115605472
-25.5,52.5,417.3026692526965
-25.5,53.5,417.3014026133011
-25.5,54.5,417.2958004526889
-25.5,55.5,417.296411920981
-25.5,56.5,417.2920032408357
-25.5,57.5,417.29248288096665
-25.5,58.5,417.2908565120612
-25.5,59.5,417.28904194737777
-25.5,60.5,417.2876345139491
-25.5,61.5,417.28468763706434
-25.5,62.5,417.2842586836096
-25.5,63.5,417.2846016602828
-25.5,64.5,417.2833699100832
-25.5,65.5,417.2831326327769
-25.5,66.5,417.284157826151
-25.5,67.5,417.2844061297786
-25.5,68.5,417.2848044500458
-25.5,69.5,417.2846277976728
-25.5,70.5,417.2848573511784
-25.5,71.5,417.2838959579289
-25.5,72.5,417.2886060388328
-25.5,73.5,417.2911778606524
-25.5,74.5,417.2923889019598
-25.5,75.5,417.29381540613406
-25.5,76.5,417.2928984074863
-25.5,77.5,417.29060523215816
-25.5,78.5,417.2898419622512
-25.5,79.5,417.2840987734112
-25.5,80.5,417.279252855806
-25.5,81.5,417.27626757186863
-25.5,82.5,417.27321514415394
-25.5,83.5,417.2725824109588
-25.5,84.5,417.27094826197145
-25.5,85.5,417.2681268702178
-25.5,86.5,417.26408348557896
-25.5,87.5,417.2579826210876
-25.5,88.5,417.2531899502488
-25.5,89.5,417.2482779304701
-25.5,90.5,417.243667424221
-25.5,91.5,417.241617765702
-25.5,92.5,417.23867853407216
-25.5,93.5,417.23634535908434
-25.5,94.5,417.23558942554575
-25.5,95.5,417.2343343854596
-25.5,96.5,417.2333426801165
-25.5,97.5,417.2336070552054
-25.5,98.5,417.2337528584178
-25.5,99.5,417.2362094975828
-25.5,100.5,417.2387474661688
-25.5,101.5,417.2404413822435
-25.5,102.5,417.24299664997335
-25.5,103.5,417.2460517051725
-25.5,104.5,417.2503706263276
-25.5,105.5,417.2542272912215
-25.5,106.5,417.2608301186914
-25.5,107.5,417.2682704109245
-25.5,108.5,417.2780665139812
-25.5,109.5,417.28842086366086
-25.5,110.5,417.3007145314558
-25.5,111.5,417.3171943713568
-25.5,112.5,417.3338965036622
-25.5,113.5,417.35717555366864
-25.5,114.5,417.3887256769294
-25.5,115.5,417.40336952309406
-25.5,116.5,417.41621395774695
-25.5,117.5,417.4321791467984
-25.5,118.5,417.444628112693
-25.5,119.5,417.4393793379131
-25.5,120.5,417.43781017567846
-25.5,121.5,417.4301257975165
-25.5,122.5,417.4113342101627
-25.5,123.5,417.3892352707962
-25.5,124.5,417.3743479290914
-25.5,125.5,417.3569525091247
-25.5,126.5,417.33954618971416
-25.5,127.5,417.32676926735263
-25.5,128.5,417.3121279069382
-25.5,129.5,417.29596141319337
-25.5,130.5,417.2848560198698
-25.5,131.5,417.2757358052328
-25.5,132.5,417.2701249818566
-25.5,133.5,417.2448384153787
-25.5,134.5,417.2312025581586
-25.5,135.5,417.2192682781227
-25.5,136.5,417.2216438080407
-25.5,137.5,417.2196217952709
-25.5,138.5,417.2209392514464
-25.5,139.5,417.2227647524341
-25.5,140.5,417.2207666843639
-25.5,141.5,417.2144029790264
-25.5,142.5,417.2073638573942
-25.5,143.5,417.20313869445687
-25.5,144.5,417.1920773103271
-25.5,145.5,417.1997817948837
-25.5,146.5,417.2228129694588
-25.5,147.5,417.2362706027283
-25.5,148.5,417.25482445862167
-25.5,149.5,417.27973357545886
-25.5,150.5,417.2927311558561
-25.5,151.5,417.2902056720483
-25.5,152.5,417.2912212676013
-25.5,153.5,417.2399467892861
-25.5,154.5,417.2314132784114
-25.5,155.5,417.2246908300209
-25.5,156.5,417.2195310747286
-25.5,157.5,417.2162739354516
-25.5,158.5,417.2128452392289
-25.5,159.5,417.2091128940174
-25.5,160.5,417.2058890300633
-25.5,161.5,417.2036401384772
-25.5,162.5,417.2028786403444
-25.5,163.5,417.2040269433382
-25.5,164.5,417.2059873577378
-25.5,165.5,417.20806543845606
-25.5,166.5,417.2118738846367
-25.5,167.5,417.2169185231623
-25.5,168.5,417.2234427714791
-25.5,169.5,417.2288580770523
-25.5,170.5,417.2349713441989
-25.5,171.5,417.23945075745456
-25.5,172.5,417.2438486948792
-25.5,173.5,417.2482834693286
-25.5,174.5,417.2517139076703
-25.5,175.5,417.2553320408396
-25.5,176.5,417.2562115721682
-25.5,177.5,417.25298619049966
-25.5,178.5,417.2524719122903
-25.5,179.5,417.2525508082688
-24.5,-179.5,417.31719002481145
-24.5,-178.5,417.315153221848
-24.5,-177.5,417.3130373317391
-24.5,-176.5,417.3125436936009
-24.5,-175.5,417.3123434964813
-24.5,-174.5,417.3146835730045
-24.5,-173.5,417.3151799525588
-24.5,-172.5,417.3153470440541
-24.5,-171.5,417.3134350117017
-24.5,-170.5,417.3220234622913
-24.5,-169.5,417.3199792832109
-24.5,-168.5,417.3209232902563
-24.5,-167.5,417.3223230787336
-24.5,-166.5,417.32942661943474
-24.5,-165.5,417.3252030484917
-24.5,-164.5,417.32517432148
-24.5,-163.5,417.3243528094469
-24.5,-162.5,417.32402627512846
-24.5,-161.5,417.3296619508638
-24.5,-160.5,417.3252175343968
-24.5,-159.5,417.3258371926036
-24.5,-158.5,417.33122162278295
-24.5,-157.5,417.3331455071691
-24.5,-156.5,417.3350486855928
-24.5,-155.5,417.33731004203867
-24.5,-154.5,417.3350234082302
-24.5,-153.5,417.34224681573176
-24.5,-152.5,417.3453349607325
-24.5,-151.5,417.3475553816652
-24.5,-150.5,417.3497045051
-24.5,-149.5,417.3444598218773
-24.5,-148.5,417.3542515106668
-24.5,-147.5,417.3463089062185
-24.5,-146.5,417.3552292264445
-24.5,-145.5,417.34885834895937
-24.5,-144.5,417.3506541077453
-24.5,-143.5,417.3546574721409
-24.5,-142.5,417.3671025034764
-24.5,-141.5,417.359386112843
-24.5,-140.5,417.36927159411255
-24.5,-139.5,417.3694625787693
-24.5,-138.5,417.3605464625208
-24.5,-137.5,417.3659591821032
-24.5,-136.5,417.3610418531277
-24.5,-135.5,417.3565207192309
-24.5,-134.5,417.3440491769107
-24.5,-133.5,417.3459197278328
-24.5,-132.5,417.3392206356327
-24.5,-131.5,417.32729875669526
-24.5,-130.5,417.3302546733239
-24.5,-129.5,417.3258180739052
-24.5,-128.5,417.32071185471216
-24.5,-127.5,417.3069462782923
-24.5,-126.5,417.3106591323339
-24.5,-125.5,417.3042317387332
-24.5,-124.5,417.29780860128807
-24.5,-123.5,417.29142551574046
-24.5,-122.5,417.2782063928016
-24.5,-121.5,417.27459548038144
-24.5,-120.5,417.27694857276936
-24.5,-119.5,417.2673528499327
-24.5,-118.5,417.264458809703
-24.5,-117.5,417.2659337438551
-24.5,-116.5,417.2626145593328
-24.5,-115.5,417.2606690820097
-24.5,-114.5,417.25807323191
-24.5,-113.5,417.2526488590767
-24.5,-112.5,417.2504393196684
-24.5,-111.5,417.25321942596895
-24.5,-110.5,417.25279033009497
-24.5,-109.5,417.2568914200908
-24.5,-108.5,417.2599168301285
-24.5,-107.5,417.26122572115344
-24.5,-106.5,417.26628496328055
-24.5,-105.5,417.2685485980506
-24.5,-104.5,417.27200059282006
-24.5,-103.5,417.2736844448663
-24.5,-102.5,417.2780398793535
-24.5,-101.5,417.2814260064856
-24.5,-100.5,417.28205182016274
-24.5,-99.5,417.2860534558421
-24.5,-98.5,417.29652292718
-24.5,-97.5,417.295859092292
-24.5,-96.5,417.30954765738176
-24.5,-95.5,417.3173765105388
-24.5,-94.5,417.3255016085301
-24.5,-93.5,417.3317732060923
-24.5,-92.5,417.3280460221503
-24.5,-91.5,417.34341531697
-24.5,-90.5,417.3494086920859
-24.5,-89.5,417.3570765038113
-24.5,-88.5,417.3630874793613
-24.5,-87.5,417.3684649024957
-24.5,-86.5,417.37276533993816
-24.5,-85.5,417.3753550917185
-24.5,-84.5,417.379040421466
-24.5,-83.5,417.38413005840505
-24.5,-82.5,417.3931791451296
-24.5,-81.5,417.4001312788076
-24.5,-80.5,417.407123906876
-24.5,-79.5,417.4140207468705
-24.5,-78.5,417.4215102038864
-24.5,-77.5,417.4298051544219
-24.5,-76.5,417.4406695639937
-24.5,-75.5,417.4368885223646
-24.5,-74.5,417.4752759637496
-24.5,-73.5,417.5043697396686
-24.5,-72.5,417.5462638388008
-24.5,-71.5,417.5932842292738
-24.5,-70.5,417.6048054147461
-24.5,-69.5,417.5583568087976
-24.5,-68.5,417.4204852201297
-24.5,-67.5,417.3766705354981
-24.5,-66.5,417.3291591580221
-24.5,-65.5,417.464558963885
-24.5,-64.5,417.33458232258266
-24.5,-63.5,417.3368682969059
-24.5,-62.5,417.3541063184643
-24.5,-61.5,417.3680316732423
-24.5,-60.5,417.3687232013041
-24.5,-59.5,417.3584005586012
-24.5,-58.5,417.3526018092681
-24.5,-57.5,417.3433389896517
-24.5,-56.5,417.31440589405486
-24.5,-55.5,417.2825530782406
-24.5,-54.5,417.266390102407
-24.5,-53.5,417.2062253914486
-24.5,-52.5,417.20008845751033
-24.5,-51.5,417.2132435264435
-24.5,-50.5,417.2146514705136
-24.5,-49.5,417.2087707274396
-24.5,-48.5,417.3039151232307
-24.5,-47.5,417.434966481278
-24.5,-46.5,417.4848342848212
-24.5,-45.5,417.4902448623931
-24.5,-44.5,417.4404894464925
-24.5,-43.5,417.3967013849287
-24.5,-42.5,417.4113530380585
-24.5,-41.5,417.3944257994657
-24.5,-40.5,417.3794951864048
-24.5,-39.5,417.3691023602983
-24.5,-38.5,417.3636580727328
-24.5,-37.5,417.3574322884864
-24.5,-36.5,417.3522864713386
-24.5,-35.5,417.34586112396886
-24.5,-34.5,417.3400754439803
-24.5,-33.5,417.33829052026647
-24.5,-32.5,417.3334909545551
-24.5,-31.5,417.3282856839166
-24.5,-30.5,417.32498116919766
-24.5,-29.5,417.3197930896907
-24.5,-28.5,417.315286320338
-24.5,-27.5,417.3110870591223
-24.5,-26.5,417.3083643208436
-24.5,-25.5,417.3050056850294
-24.5,-24.5,417.29724441446587
-24.5,-23.5,417.3019690591283
-24.5,-22.5,417.3033719120861
-24.5,-21.5,417.3023152406306
-24.5,-20.5,417.298371273236
-24.5,-19.5,417.2961754759768
-24.5,-18.5,417.29660408130326
-24.5,-17.5,417.2955543202343
-24.5,-16.5,417.2919329560556
-24.5,-15.5,417.2941546335976
-24.5,-14.5,417.2917131888137
-24.5,-13.5,417.29266054748496
-24.5,-12.5,417.2895205464423
-24.5,-11.5,417.28715178042665
-24.5,-10.5,417.2872294075464
-24.5,-9.5,417.28728724212215
-24.5,-8.5,417.2878065702356
-24.5,-7.5,417.287745050405
-24.5,-6.5,417.2882568261713
-24.5,-5.5,417.2894211814656
-24.5,-4.5,417.29014574504606
-24.5,-3.5,417.2910073501994
-24.5,-2.5,417.29103341151495
-24.5,-1.5,417.2903478487789
-24.5,-0.5,417.2900110638769
-24.5,0.5,417.2904575967068
-24.5,1.5,417.2927219744671
-24.5,2.5,417.2972344824421
-24.5,3.5,417.3037600994511
-24.5,4.5,417.3102930289281
-24.5,5.5,417.3162469712712
-24.5,6.5,417.32223579077504
-24.5,7.5,417.3279664183645
-24.5,8.5,417.3344487310729
-24.5,9.5,417.3435169691172
-24.5,10.5,417.35619088320135
-24.5,11.5,417.3731276653332
-24.5,12.5,417.4001671273969
-24.5,13.5,417.4436035922617
-24.5,14.5,417.50120004698914
-24.5,15.5,417.5534740610544
-24.5,16.5,417.5822893241205
-24.5,17.5,417.68306743735474
-24.5,18.5,417.781535717726
-24.5,19.5,417.8506229312938
-24.5,20.5,417.879261266224
-24.5,21.5,417.881144502759
-24.5,22.5,417.8684968150547
-24.5,23.5,417.80538805685126
-24.5,24.5,417.7086595967764
-24.5,25.5,417.58875526475646
-24.5,26.5,417.51956752538575
-24.5,27.5,417.4110300121671
-24.5,28.5,417.3533931467522
-24.5,29.5,417.3516581657708
-24.5,30.5,417.2775724876252
-24.5,31.5,417.2611612255648
-24.5,32.5,417.2567754748953
-24.5,33.5,417.25155802910336
-24.5,34.5,417.3128490368008
-24.5,35.5,417.3436534364269
-24.5,36.5,417.3705401966433
-24.5,37.5,417.3808092321266
-24.5,38.5,417.38134511058274
-24.5,39.5,417.39793914144434
-24.5,40.5,417.4024292056956
-24.5,41.5,417.4136701901232
-24.5,42.5,417.44700527093977
-24.5,43.5,417.4883767301442
-24.5,44.5,417.53151220750846
-24.5,45.5,417.5312912916581
-24.5,46.5,417.4666709431904
-24.5,47.5,417.4252003717068
-24.5,48.5,417.387883865734
-24.5,49.5,417.3701483902739
-24.5,50.5,417.3597499649564
-24.5,51.5,417.35337057321146
-24.5,52.5,417.3474720844658
-24.5,53.5,417.3458996977316
-24.5,54.5,417.3478744984105
-24.5,55.5,417.3462867341226
-24.5,56.5,417.3401877966519
-24.5,57.5,417.3416965200904
-24.5,58.5,417.3392232346895
-24.5,59.5,417.33743129064936
-24.5,60.5,417.3343912980742
-24.5,61.5,417.3299391088655
-24.5,62.5,417.32896742286425
-24.5,63.5,417.3267932088153
-24.5,64.5,417.32602823401487
-24.5,65.5,417.32468708056007
-24.5,66.5,417.324854993176
-24.5,67.5,417.3261976173158
-24.5,68.5,417.3262069707292
-24.5,69.5,417.3251841286653
-24.5,70.5,417.3269210420128
-24.5,71.5,417.3315353238677
-24.5,72.5,417.3355839680871
-24.5,73.5,417.33859128006674
-24.5,74.5,417.3406736091766
-24.5,75.5,417.34128849979857
-24.5,76.5,417.3401577041256
-24.5,77.5,417.3370880142271
-24.5,78.5,417.33606540918686
-24.5,79.5,417.3334500404154
-24.5,80.5,417.33059904677606
-24.5,81.5,417.32953066480025
-24.5,82.5,417.3266431261061
-24.5,83.5,417.3241193365839
-24.5,84.5,417.3209999585936
-24.5,85.5,417.3173274083189
-24.5,86.5,417.3108247593331
-24.5,87.5,417.3061333292874
-24.5,88.5,417.2993145208506
-24.5,89.5,417.2942064144464
-24.5,90.5,417.290669662821
-24.5,91.5,417.2909192037181
-24.5,92.5,417.2895972880882
-24.5,93.5,417.2896224626661
-24.5,94.5,417.2894519823092
-24.5,95.5,417.2884239603519
-24.5,96.5,417.28692906682113
-24.5,97.5,417.288543138055
-24.5,98.5,417.2909180157072
-24.5,99.5,417.2929298658251
-24.5,100.5,417.29672288972506
-24.5,101.5,417.2994066813939
-24.5,102.5,417.3016352355707
-24.5,103.5,417.30395953274
-24.5,104.5,417.3083667913515
-24.5,105.5,417.31417379781726
-24.5,106.5,417.3195651878098
-24.5,107.5,417.3266080512218
-24.5,108.5,417.3361856342069
-24.5,109.5,417.3463631214093
-24.5,110.5,417.35974862848553
-24.5,111.5,417.37610811962384
-24.5,112.5,417.3933837656913
-24.5,113.5,417.41519665208193
-24.5,114.5,417.43870768793136
-24.5,115.5,417.4552962134667
-24.5,116.5,417.46805847182833
-24.5,117.5,417.4882560225245
-24.5,118.5,417.49708709325085
-24.5,119.5,417.493443027963
-24.5,120.5,417.48571594651
-24.5,121.5,417.4726344809386
-24.5,122.5,417.4397571203098
-24.5,123.5,417.4300457995389
-24.5,124.5,417.422824186563
-24.5,125.5,417.40280376585065
-24.5,126.5,417.36903535638345
-24.5,127.5,417.3585951376068
-24.5,128.5,417.3390144184705
-24.5,129.5,417.3254426556238
-24.5,130.5,417.3137861264864
-24.5,131.5,417.3004470485406
-24.5,132.5,417.2858889864534
-24.5,133.5,417.2718963028029
-24.5,134.5,417.26157946389
-24.5,135.5,417.2495160857322
-24.5,136.5,417.2435557777893
-24.5,137.5,417.2421284012702
-24.5,138.5,417.2455585269239
-24.5,139.5,417.24812085367824
-24.5,140.5,417.2416415754284
-24.5,141.5,417.23630243382064
-24.5,142.5,417.2320031660231
-24.5,143.5,417.2290682820243
-24.5,144.5,417.2311394375087
-24.5,145.5,417.2393755215504
-24.5,146.5,417.2510590560315
-24.5,147.5,417.2740653392368
-24.5,148.5,417.30462320353615
-24.5,149.5,417.3306516727182
-24.5,150.5,417.3266763796434
-24.5,151.5,417.3116383368215
-24.5,152.5,417.2794344245948
-24.5,153.5,417.2763946414219
-24.5,154.5,417.2750096771071
-24.5,155.5,417.2722731004321
-24.5,156.5,417.2695381415294
-24.5,157.5,417.2669209333599
-24.5,158.5,417.26324527465937
-24.5,159.5,417.2600357317998
-24.5,160.5,417.25932583646585
-24.5,161.5,417.2596805641186
-24.5,162.5,417.2591847391646
-24.5,163.5,417.2617460814757
-24.5,164.5,417.2655011209336
-24.5,165.5,417.2706779967123
-24.5,166.5,417.2783679822084
-24.5,167.5,417.2833173784424
-24.5,168.5,417.292078421634
-24.5,169.5,417.30118261823657
-24.5,170.5,417.30509667745406
-24.5,171.5,417.30606931086845
-24.5,172.5,417.3103909393831
-24.5,173.5,417.3136974586645
-24.5,174.5,417.3155920806563
-24.5,175.5,417.3168756768012
-24.5,176.5,417.3180855536757
-24.5,177.5,417.3178996264681
-24.5,178.5,417.3174591664832
-24.5,179.5,417.3174896709654
-23.5,-179.5,417.3850023308764
-23.5,-178.5,417.3826763661341
-23.5,-177.5,417.3791768655736
-23.5,-176.5,417.3763549625829
-23.5,-175.5,417.3765761453743
-23.5,-174.5,417.37838733343256
-23.5,-173.5,417.38313281225845
-23.5,-172.5,417.38333601927695
-23.5,-171.5,417.3885597881669
-23.5,-170.5,417.3910793353529
-23.5,-169.5,417.3934650807642
-23.5,-168.5,417.3959780255363
-23.5,-167.5,417.3957735129285
-23.5,-166.5,417.4023619080485
-23.5,-165.5,417.394013783816
-23.5,-164.5,417.398062044426
-23.5,-163.5,417.3985254070278
-23.5,-162.5,417.39157838338906
-23.5,-161.5,417.3927999317489
-23.5,-160.5,417.39529376363066
-23.5,-159.5,417.4024978062735
-23.5,-158.5,417.39736323015103
-23.5,-157.5,417.4002158213314
-23.5,-156.5,417.4051603010795
-23.5,-155.5,417.398165914391
-23.5,-154.5,417.40554009947664
-23.5,-153.5,417.4084214547501
-23.5,-152.5,417.4117550223921
-23.5,-151.5,417.41316640509706
-23.5,-150.5,417.404222116632
-23.5,-149.5,417.41661281548295
-23.5,-148.5,417.4177793484197
-23.5,-147.5,417.4174816407967
-23.5,-146.5,417.4190605126029
-23.5,-145.5,417.41171036801273
-23.5,-144.5,417.4249819379366
-23.5,-143.5,417.4174089582505
-23.5,-142.5,417.4175518912103
-23.5,-141.5,417.4274756230729
-23.5,-140.5,417.4174997153197
-23.5,-139.5,417.4171815172352
-23.5,-138.5,417.4234886595449
-23.5,-137.5,417.4118307296343
-23.5,-136.5,417.4071179256662
-23.5,-135.5,417.4019974326338
-23.5,-134.5,417.39613135278034
-23.5,-133.5,417.3994262478327
-23.5,-132.5,417.3932464275335
-23.5,-131.5,417.3773918049547
-23.5,-130.5,417.3800461748329
-23.5,-129.5,417.3732053438069
-23.5,-128.5,417.35772277403913
-23.5,-127.5,417.36212592387807
-23.5,-126.5,417.3559616565836
-23.5,-125.5,417.33998661228696
-23.5,-124.5,417.3354554274477
-23.5,-123.5,417.3382455177925
-23.5,-122.5,417.3256315147016
-23.5,-121.5,417.3296380721208
-23.5,-120.5,417.3249127562042
-23.5,-119.5,417.3155401631232
-23.5,-118.5,417.3183331933719
-23.5,-117.5,417.3156141251333
-23.5,-116.5,417.30945350342273
-23.5,-115.5,417.309776479009
-23.5,-114.5,417.3079751672413
-23.5,-113.5,417.30600409195256
-23.5,-112.5,417.3048298127772
-23.5,-111.5,417.3011509380832
-23.5,-110.5,417.3031270463393
-23.5,-109.5,417.3082972131354
-23.5,-108.5,417.30926950106
-23.5,-107.5,417.314985988645
-23.5,-106.5,417.3189806997064
-23.5,-105.5,417.3201702474558
-23.5,-104.5,417.3244231808563
-23.5,-103.5,417.3249215445272
-23.5,-102.5,417.3261214216606
-23.5,-101.5,417.33369294025977
-23.5,-100.5,417.3379542702727
-23.5,-99.5,417.3450957134434
-23.5,-98.5,417.3491781239561
-23.5,-97.5,417.3546429078288
-23.5,-96.5,417.3620302789981
-23.5,-95.5,417.3708193391455
-23.5,-94.5,417.3778788759869
-23.5,-93.5,417.3847008302492
-23.5,-92.5,417.39063786103713
-23.5,-91.5,417.39794319162286
-23.5,-90.5,417.4049557656958
-23.5,-89.5,417.4120757263
-23.5,-88.5,417.4186192677194
-23.5,-87.5,417.4240869359919
-23.5,-86.5,417.4277607848369
-23.5,-85.5,417.4325387919885
-23.5,-84.5,417.4369297737812
-23.5,-83.5,417.4423388123042
-23.5,-82.5,417.4478168956364
-23.5,-81.5,417.4533437697089
-23.5,-80.5,417.4587428301279
-23.5,-79.5,417.464686294321
-23.5,-78.5,417.4718407468621
-23.5,-77.5,417.4810308657169
-23.5,-76.5,417.4934025827909
-23.5,-75.5,417.50958869987977
-23.5,-74.5,417.530992389486
-23.5,-73.5,417.5603622657701
-23.5,-72.5,417.6000459511088
-23.5,-71.5,417.646672972241
-23.5,-70.5,417.6734506500189
-23.5,-69.5,417.60961176978986
-23.5,-68.5,417.5607498118166
-23.5,-67.5,417.39817608434447
-23.5,-66.5,417.4177597926196
-23.5,-65.5,417.37692710413097
-23.5,-64.5,417.4028727672813
-23.5,-63.5,417.42762098611104
-23.5,-62.5,417.4473574071896
-23.5,-61.5,417.464326002838
-23.5,-60.5,417.4566298863407
-23.5,-59.5,417.4399289781676
-23.5,-58.5,417.4171156731522
-23.5,-57.5,417.4064652985554
-23.5,-56.5,417.3560621174892
-23.5,-55.5,417.2815062574692
-23.5,-54.5,417.2691329326156
-23.5,-53.5,417.2685954534524
-23.5,-52.5,417.25396226412215
-23.5,-51.5,417.241246853232
-23.5,-50.5,417.2670501779684
-23.5,-49.5,417.29980230838976
-23.5,-48.5,417.3337812906733
-23.5,-47.5,417.4338257448173
-23.5,-46.5,417.6377925930275
-23.5,-45.5,417.4993903524661
-23.5,-44.5,417.5887334545674
-23.5,-43.5,417.5893548382345
-23.5,-42.5,417.52366874036784
-23.5,-41.5,417.479994486976
-23.5,-40.5,417.4482042814307
-23.5,-39.5,417.42679721783486
-23.5,-38.5,417.4162654642387
-23.5,-37.5,417.41158653716826
-23.5,-36.5,417.4078576874351
-23.5,-35.5,417.4034838491244
-23.5,-34.5,417.3978336653285
-23.5,-33.5,417.3919473243159
-23.5,-32.5,417.38597835307456
-23.5,-31.5,417.3800919680955
-23.5,-30.5,417.37294157015646
-23.5,-29.5,417.3665525332803
-23.5,-28.5,417.36203506665936
-23.5,-27.5,417.35866525135407
-23.5,-26.5,417.3559123397089
-23.5,-25.5,417.3538965032863
-23.5,-24.5,417.3458507999258
-23.5,-23.5,417.3530914350719
-23.5,-22.5,417.3520759565018
-23.5,-21.5,417.3498290896658
-23.5,-20.5,417.3470400231688
-23.5,-19.5,417.3419893482206
-23.5,-18.5,417.3396632812268
-23.5,-17.5,417.341211788088
-23.5,-16.5,417.3420197300909
-23.5,-15.5,417.3432817072634
-23.5,-14.5,417.3447440113454
-23.5,-13.5,417.3445223221782
-23.5,-12.5,417.3413842430001
-23.5,-11.5,417.339186609492
-23.5,-10.5,417.3380452095332
-23.5,-9.5,417.3367845616215
-23.5,-8.5,417.33561734402457
-23.5,-7.5,417.3355081103374
-23.5,-6.5,417.3365760348085
-23.5,-5.5,417.337189231237
-23.5,-4.5,417.3375856740348
-23.5,-3.5,417.3377975836818
-23.5,-2.5,417.33739096404014
-23.5,-1.5,417.33638211067296
-23.5,-0.5,417.3371213986728
-23.5,0.5,417.3409586230512
-23.5,1.5,417.34535340660426
-23.5,2.5,417.3503919860146
-23.5,3.5,417.3558055547633
-23.5,4.5,417.3617672837753
-23.5,5.5,417.36775990866175
-23.5,6.5,417.3753118901966
-23.5,7.5,417.3832917830952
-23.5,8.5,417.3912187961553
-23.5,9.5,417.3999628455307
-23.5,10.5,417.4127210394315
-23.5,11.5,417.43622800372793
-23.5,12.5,417.4739569655639
-23.5,13.5,417.5237450622289
-23.5,14.5,417.56625510721057
-23.5,15.5,417.6201064958208
-23.5,16.5,417.6851388429122
-23.5,17.5,417.8355972032464
-23.5,18.5,417.9571546072611
-23.5,19.5,418.01826121444407
-23.5,20.5,418.0263320925265
-23.5,21.5,418.0105410803478
-23.5,22.5,417.9503680563079
-23.5,23.5,417.8668580119804
-23.5,24.5,417.71487444599705
-23.5,25.5,417.57975900508455
-23.5,26.5,417.4720184079675
-23.5,27.5,417.4002725077419
-23.5,28.5,417.3312581246007
-23.5,29.5,417.30749852307775
-23.5,30.5,417.28760069204833
-23.5,31.5,417.26686973713424
-23.5,32.5,417.2653229765564
-23.5,33.5,417.25690519125936
-23.5,34.5,417.2441880166038
-23.5,35.5,417.36979151912175
-23.5,36.5,417.40293063011
-23.5,37.5,417.41641573369895
-23.5,38.5,417.4234253748701
-23.5,39.5,417.4439844399273
-23.5,40.5,417.45889770120937
-23.5,41.5,417.47573107546725
-23.5,42.5,417.5029712531025
-23.5,43.5,417.54745254766647
-23.5,44.5,417.5762674380142
-23.5,45.5,417.57171188584846
-23.5,46.5,417.4911318497888
-23.5,47.5,417.4858686340779
-23.5,48.5,417.4394267854768
-23.5,49.5,417.4186995893916
-23.5,50.5,417.4085072020522
-23.5,51.5,417.4003528313178
-23.5,52.5,417.3971618800958
-23.5,53.5,417.3895158308891
-23.5,54.5,417.3911764701492
-23.5,55.5,417.3848609212392
-23.5,56.5,417.3873666286997
-23.5,57.5,417.3855126263752
-23.5,58.5,417.38252345063
-23.5,59.5,417.3800275111468
-23.5,60.5,417.3741386814198
-23.5,61.5,417.3722339865896
-23.5,62.5,417.3665129704735
-23.5,63.5,417.36487238340857
-23.5,64.5,417.3641669216611
-23.5,65.5,417.36534230605326
-23.5,66.5,417.3636957069031
-23.5,67.5,417.36411078796505
-23.5,68.5,417.3648730240202
-23.5,69.5,417.3687872636407
-23.5,70.5,417.37050637381793
-23.5,71.5,417.37463952817495
-23.5,72.5,417.3790525063193
-23.5,73.5,417.38047642040704
-23.5,74.5,417.3828877860463
-23.5,75.5,417.3830477724319
-23.5,76.5,417.38283850061697
-23.5,77.5,417.38261346858144
-23.5,78.5,417.3805942402133
-23.5,79.5,417.3791315376105
-23.5,80.5,417.3772521098967
-23.5,81.5,417.3769672393902
-23.5,82.5,417.3761537474226
-23.5,83.5,417.3725921373799
-23.5,84.5,417.3684159234965
-23.5,85.5,417.3640185892472
-23.5,86.5,417.356296686257
-23.5,87.5,417.351521645779
-23.5,88.5,417.3477671181805
-23.5,89.5,417.3452418389959
-23.5,90.5,417.3426840381452
-23.5,91.5,417.3440953952156
-23.5,92.5,417.34206093644696
-23.5,93.5,417.3416932542513
-23.5,94.5,417.3409443928647
-23.5,95.5,417.3396934845739
-23.5,96.5,417.3393497630692
-23.5,97.5,417.3423143734841
-23.5,98.5,417.3454224865746
-23.5,99.5,417.3484956432858
-23.5,100.5,417.3503931993221
-23.5,101.5,417.3523559143447
-23.5,102.5,417.3544149443056
-23.5,103.5,417.35895134993007
-23.5,104.5,417.3632945589633
-23.5,105.5,417.3694088522956
-23.5,106.5,417.3746897111829
-23.5,107.5,417.38070961172616
-23.5,108.5,417.3881568408763
-23.5,109.5,417.39878028539897
-23.5,110.5,417.4130054990004
-23.5,111.5,417.4290563493773
-23.5,112.5,417.4456147200236
-23.5,113.5,417.4659769195217
-23.5,114.5,417.48991175895975
-23.5,115.5,417.503711282767
-23.5,116.5,417.526386174464
-23.5,117.5,417.5442426906049
-23.5,118.5,417.5537512758991
-23.5,119.5,417.54196729797553
-23.5,120.5,417.5321219090028
-23.5,121.5,417.4993823080857
-23.5,122.5,417.4725292116499
-23.5,123.5,417.4541050092528
-23.5,124.5,417.4463918711161
-23.5,125.5,417.4332378735869
-23.5,126.5,417.400121562129
-23.5,127.5,417.3719126749483
-23.5,128.5,417.3617789321192
-23.5,129.5,417.3495349854708
-23.5,130.5,417.34495862344335
-23.5,131.5,417.3248702533564
-23.5,132.5,417.30751432408056
-23.5,133.5,417.294412402699
-23.5,134.5,417.27097614563513
-23.5,135.5,417.2596208393324
-23.5,136.5,417.2580538810704
-23.5,137.5,417.2556716574387
-23.5,138.5,417.2662694829996
-23.5,139.5,417.2671280296477
-23.5,140.5,417.2626326378659
-23.5,141.5,417.2581500137645
-23.5,142.5,417.2578302920002
-23.5,143.5,417.2621149142727
-23.5,144.5,417.2644929928391
-23.5,145.5,417.2753951995576
-23.5,146.5,417.2928664698757
-23.5,147.5,417.317132302798
-23.5,148.5,417.3487832931842
-23.5,149.5,417.3561045396667
-23.5,150.5,417.38638157952056
-23.5,151.5,417.3638768427811
-23.5,152.5,417.3177170406886
-23.5,153.5,417.3203634349936
-23.5,154.5,417.31868246697127
-23.5,155.5,417.3162925463629
-23.5,156.5,417.31448009227046
-23.5,157.5,417.3119406058377
-23.5,158.5,417.309200334359
-23.5,159.5,417.3085638045481
-23.5,160.5,417.3089508439112
-23.5,161.5,417.3035441739367
-23.5,162.5,417.3135256125905
-23.5,163.5,417.3193222689249
-23.5,164.5,417.32579287780976
-23.5,165.5,417.3362602998664
-23.5,166.5,417.343328978489
-23.5,167.5,417.35429348127394
-23.5,168.5,417.3574545402751
-23.5,169.5,417.3635984181401
-23.5,170.5,417.368632556708
-23.5,171.5,417.37112232122433
-23.5,172.5,417.3702556362573
-23.5,173.5,417.3738979706202
-23.5,174.5,417.3755678568671
-23.5,175.5,417.3795601719504
-23.5,176.5,417.3798471973727
-23.5,177.5,417.3839254910077
-23.5,178.5,417.3860544678119
-23.5,179.5,417.3873655684798
-22.5,-179.5,417.4538248979826
-22.5,-178.5,417.4484944419912
-22.5,-177.5,417.448316539048
-22.5,-176.5,417.4475337269536
-22.5,-175.5,417.4443751589568
-22.5,-174.5,417.4461323046141
-22.5,-173.5,417.45017629633793
-22.5,-172.5,417.4559162041595
-22.5,-171.5,417.4571667011224
-22.5,-170.5,417.460366473317
-22.5,-169.5,417.4703695402711
-22.5,-168.5,417.4728710993347
-22.5,-167.5,417.46395900518
-22.5,-166.5,417.46268179666754
-22.5,-165.5,417.4685004369813
-22.5,-164.5,417.4690984518398
-22.5,-163.5,417.460406317835
-22.5,-162.5,417.4708364204234
-22.5,-161.5,417.4726483178859
-22.5,-160.5,417.4641057739495
-22.5,-159.5,417.4726296647724
-22.5,-158.5,417.4618268608746
-22.5,-157.5,417.472700948358
-22.5,-156.5,417.47208491852814
-22.5,-155.5,417.4703732746789
-22.5,-154.5,417.46983397133147
-22.5,-153.5,417.4715852566845
-22.5,-152.5,417.4736865867442
-22.5,-151.5,417.47532803713017
-22.5,-150.5,417.4620700293666
-22.5,-149.5,417.4825331822906
-22.5,-148.5,417.483096079229
-22.5,-147.5,417.4840824260276
-22.5,-146.5,417.4849494553921
-22.5,-145.5,417.485899391042
-22.5,-144.5,417.4850432512859
-22.5,-143.5,417.4848056441206
-22.5,-142.5,417.470131104841
-22.5,-141.5,417.4696686978172
-22.5,-140.5,417.4803111609638
-22.5,-139.5,417.4782294766382
-22.5,-138.5,417.47530430654575
-22.5,-137.5,417.4614090831571
-22.5,-136.5,417.4568664166354
-22.5,-135.5,417.4516641833301
-22.5,-134.5,417.4545267005074
-22.5,-133.5,417.4472984367584
-22.5,-132.5,417.4391782435463
-22.5,-131.5,417.4311895296723
-22.5,-130.5,417.41309602898025
-22.5,-129.5,417.4181692180099
-22.5,-128.5,417.40051264489153
-22.5,-127.5,417.39468195414497
-22.5,-126.5,417.4001489679901
-22.5,-125.5,417.3848608162318
-22.5,-124.5,417.3808032569554
-22.5,-123.5,417.3773762007561
-22.5,-122.5,417.3803369684613
-22.5,-121.5,417.37573630686205
-22.5,-120.5,417.3657655225552
-22.5,-119.5,417.3642421532746
-22.5,-118.5,417.3679767186538
-22.5,-117.5,417.3642445397558
-22.5,-116.5,417.3571634108909
-22.5,-115.5,417.356466695098
-22.5,-114.5,417.3565907658703
-22.5,-113.5,417.3537415188957
-22.5,-112.5,417.3530693158612
-22.5,-111.5,417.3530660223905
-22.5,-110.5,417.3564488389204
-22.5,-109.5,417.3584427137091
-22.5,-108.5,417.3614614800308
-22.5,-107.5,417.3629429115911
-22.5,-106.5,417.3670169612228
-22.5,-105.5,417.3739775203626
-22.5,-104.5,417.3767517275708
-22.5,-103.5,417.3743457689047
-22.5,-102.5,417.3759030403927
-22.5,-101.5,417.3877467457862
-22.5,-100.5,417.3915256165886
-22.5,-99.5,417.3966515003202
-22.5,-98.5,417.4014967810738
-22.5,-97.5,417.4094522963846
-22.5,-96.5,417.41661901218725
-22.5,-95.5,417.42369806717977
-22.5,-94.5,417.4305596477632
-22.5,-93.5,417.43742455250685
-22.5,-92.5,417.4449277317445
-22.5,-91.5,417.4517895457492
-22.5,-90.5,417.4596348759953
-22.5,-89.5,417.4675016111708
-22.5,-88.5,417.47349914319534
-22.5,-87.5,417.4780396907467
-22.5,-86.5,417.4810676437982
-22.5,-85.5,417.4855059714404
-22.5,-84.5,417.4905912556912
-22.5,-83.5,417.4955206525708
-22.5,-82.5,417.4999885557936
-22.5,-81.5,417.50384295820254
-22.5,-80.5,417.5084536835799
-22.5,-79.5,417.5145296878318
-22.5,-78.5,417.5225261253588
-22.5,-77.5,417.5356130073208
-22.5,-76.5,417.54981501901887
-22.5,-75.5,417.5670676982109
-22.5,-74.5,417.58999448193816
-22.5,-73.5,417.6209081144585
-22.5,-72.5,417.6594334579674
-22.5,-71.5,417.7082768208389
-22.5,-70.5,417.83949395372935
-22.5,-69.5,417.7224264037754
-22.5,-68.5,417.5450422603456
-22.5,-67.5,417.439558403347
-22.5,-66.5,417.4544459556368
-22.5,-65.5,417.48109909950495
-22.5,-64.5,417.554399280241
-22.5,-63.5,417.5524761633032
-22.5,-62.5,417.5554206364851
-22.5,-61.5,417.5533566682404
-22.5,-60.5,417.53798592891206
-22.5,-59.5,417.5294702384647
-22.5,-58.5,417.49464114995766
-22.5,-57.5,417.4578766473864
-22.5,-56.5,417.429073371141
-22.5,-55.5,417.335883948908
-22.5,-54.5,417.3133859865004
-22.5,-53.5,417.31490518957537
-22.5,-52.5,417.31843114495774
-22.5,-51.5,417.3203555122117
-22.5,-50.5,417.3448456810793
-22.5,-49.5,417.3645215325329
-22.5,-48.5,417.4048735717138
-22.5,-47.5,417.50234527402273
-22.5,-46.5,417.4404352114837
-22.5,-45.5,417.48943205049886
-22.5,-44.5,417.6626010808872
-22.5,-43.5,417.687582307055
-22.5,-42.5,417.5158125842059
-22.5,-41.5,417.5646601172188
-22.5,-40.5,417.517872756852
-22.5,-39.5,417.4885359577537
-22.5,-38.5,417.4742926897706
-22.5,-37.5,417.4682232823282
-22.5,-36.5,417.4655495314401
-22.5,-35.5,417.46266468215714
-22.5,-34.5,417.4581027207088
-22.5,-33.5,417.44946254452594
-22.5,-32.5,417.43873323432007
-22.5,-31.5,417.428050162502
-22.5,-30.5,417.4196475859153
-22.5,-29.5,417.41300167283714
-22.5,-28.5,417.409130711244
-22.5,-27.5,417.4063519074825
-22.5,-26.5,417.4040937022231
-22.5,-25.5,417.4031122224056
-22.5,-24.5,417.4014482264287
-22.5,-23.5,417.39489674288393
-22.5,-22.5,417.3991479040746
-22.5,-21.5,417.395535748164
-22.5,-20.5,417.3940291544049
-22.5,-19.5,417.3919181439275
-22.5,-18.5,417.3912005652381
-22.5,-17.5,417.391693280968
-22.5,-16.5,417.3941403313598
-22.5,-15.5,417.39617012484536
-22.5,-14.5,417.39711982768455
-22.5,-13.5,417.3974271505688
-22.5,-12.5,417.3951771717733
-22.5,-11.5,417.39248679813954
-22.5,-10.5,417.38421679865047
-22.5,-9.5,417.3866512170693
-22.5,-8.5,417.385119591537
-22.5,-7.5,417.384454271795
-22.5,-6.5,417.3846088545724
-22.5,-5.5,417.3838637050599
-22.5,-4.5,417.3808020559828
-22.5,-3.5,417.3785820083962
-22.5,-2.5,417.3779337346383
-22.5,-1.5,417.380572992552
-22.5,-0.5,417.3848850007911
-22.5,0.5,417.3907460944725
-22.5,1.5,417.3955872017512
-22.5,2.5,417.40040748203074
-22.5,3.5,417.404691292374
-22.5,4.5,417.4107131782955
-22.5,5.5,417.4185096183531
-22.5,6.5,417.42673434076215
-22.5,7.5,417.4354915695683
-22.5,8.5,417.4426540243784
-22.5,9.5,417.45133039580986
-22.5,10.5,417.4682702275859
-22.5,11.5,417.49762817138287
-22.5,12.5,417.53808847673486
-22.5,13.5,417.58810225685033
-22.5,14.5,417.65582293620696
-22.5,15.5,417.7412897125169
-22.5,16.5,417.8358500583159
-22.5,17.5,417.9518772079333
-22.5,18.5,418.1245069117839
-22.5,19.5,418.1616180528708
-22.5,20.5,418.15823217184726
-22.5,21.5,418.0863562092648
-22.5,22.5,417.9970340381252
-22.5,23.5,417.8677515879882
-22.5,24.5,417.727416552988
-22.5,25.5,417.58307870233057
-22.5,26.5,417.48434498001217
-22.5,27.5,417.41987781792704
-22.5,28.5,417.37651549389045
-22.5,29.5,417.3458020252986
-22.5,30.5,417.31944641221605
-22.5,31.5,417.3046430144672
-22.5,32.5,417.27353366184246
-22.5,33.5,417.2644891110559
-22.5,34.5,417.3041599538399
-22.5,35.5,417.3953512163286
-22.5,36.5,417.4334959210219
-22.5,37.5,417.4532527166604
-22.5,38.5,417.4714099532047
-22.5,39.5,417.491631249928
-22.5,40.5,417.5042678737821
-22.5,41.5,417.5285636351378
-22.5,42.5,417.5608837129161
-22.5,43.5,417.6067605649597
-22.5,44.5,417.606777316483
-22.5,45.5,417.5945275611758
-22.5,46.5,417.567678367658
-22.5,47.5,417.54202761992354
-22.5,48.5,417.50370848261457
-22.5,49.5,417.4697965045206
-22.5,50.5,417.4541964741147
-22.5,51.5,417.4473362980981
-22.5,52.5,417.4441830344024
-22.5,53.5,417.43473171219387
-22.5,54.5,417.42959990147
-22.5,55.5,417.4306265213572
-22.5,56.5,417.4268008007841
-22.5,57.5,417.418848904668
-22.5,58.5,417.41619326971136
-22.5,59.5,417.4134102602211
-22.5,60.5,417.4128625512589
-22.5,61.5,417.4096573077901
-22.5,62.5,417.4048921293619
-22.5,63.5,417.4032602129128
-22.5,64.5,417.4019130843914
-22.5,65.5,417.4027985589556
-22.5,66.5,417.4032279631828
-22.5,67.5,417.4016376490364
-22.5,68.5,417.4043567352616
-22.5,69.5,417.40977337924073
-22.5,70.5,417.4121016342981
-22.5,71.5,417.4155190992281
-22.5,72.5,417.41694627783335
-22.5,73.5,417.4208510843182
-22.5,74.5,417.4223454368354
-22.5,75.5,417.42373469829727
-22.5,76.5,417.4235476728181
-22.5,77.5,417.4220204412168
-22.5,78.5,417.41901166436526
-22.5,79.5,417.4186019728792
-22.5,80.5,417.4189362293584
-22.5,81.5,417.41882518278027
-22.5,82.5,417.41689785566416
-22.5,83.5,417.4161452693162
-22.5,84.5,417.4107852387919
-22.5,85.5,417.4066283985035
-22.5,86.5,417.4035062018284
-22.5,87.5,417.39951670691255
-22.5,88.5,417.3955995177185
-22.5,89.5,417.3953329131536
-22.5,90.5,417.3949448228777
-22.5,91.5,417.3934211059573
-22.5,92.5,417.39276180759856
-22.5,93.5,417.39043967473634
-22.5,94.5,417.3911059886732
-22.5,95.5,417.3939941896888
-22.5,96.5,417.3970028996045
-22.5,97.5,417.3998199341418
-22.5,98.5,417.4013350352361
-22.5,99.5,417.404251829358
-22.5,100.5,417.4064010005204
-22.5,101.5,417.40718971059175
-22.5,102.5,417.4076739099042
-22.5,103.5,417.41243784494105
-22.5,104.5,417.4157897082484
-22.5,105.5,417.4192565217358
-22.5,106.5,417.42480540000855
-22.5,107.5,417.43152692906136
-22.5,108.5,417.43923161903047
-22.5,109.5,417.4498151847687
-22.5,110.5,417.461573655677
-22.5,111.5,417.4748940551084
-22.5,112.5,417.48952845036587
-22.5,113.5,417.5087633238005
-22.5,114.5,417.5290766980707
-22.5,115.5,417.5447911170629
-22.5,116.5,417.5638896655842
-22.5,117.5,417.5780774757711
-22.5,118.5,417.6100301502556
-22.5,119.5,417.5931468284108
-22.5,120.5,417.5621747984421
-22.5,121.5,417.5313543094067
-22.5,122.5,417.4884771238018
-22.5,123.5,417.47447488620816
-22.5,124.5,417.4598240710226
-22.5,125.5,417.4427435553533
-22.5,126.5,417.41294941233417
-22.5,127.5,417.3985882154553
-22.5,128.5,417.3812191326143
-22.5,129.5,417.36600060408665
-22.5,130.5,417.3397359799711
-22.5,131.5,417.3186314616494
-22.5,132.5,417.2965321171554
-22.5,133.5,417.2785352925782
-22.5,134.5,417.2692993247859
-22.5,135.5,417.26583806914056
-22.5,136.5,417.2713161844573
-22.5,137.5,417.2773155334432
-22.5,138.5,417.2814627459705
-22.5,139.5,417.2787244305397
-22.5,140.5,417.2751032108421
-22.5,141.5,417.2674444611118
-22.5,142.5,417.2740816945852
-22.5,143.5,417.2892231287232
-22.5,144.5,417.2978786375584
-22.5,145.5,417.3074610392193
-22.5,146.5,417.3161955187415
-22.5,147.5,417.3391270098468
-22.5,148.5,417.35018997949794
-22.5,149.5,417.3499509663012
-22.5,150.5,417.3607848317028
-22.5,151.5,417.3616889966871
-22.5,152.5,417.3607152161668
-22.5,153.5,417.35968452208766
-22.5,154.5,417.3563578073398
-22.5,155.5,417.353939287611
-22.5,156.5,417.35204740165466
-22.5,157.5,417.3515381906675
-22.5,158.5,417.3515581623472
-22.5,159.5,417.35290463547466
-22.5,160.5,417.3460685088681
-22.5,161.5,417.3518126301173
-22.5,162.5,417.36901311204736
-22.5,163.5,417.371651389796
-22.5,164.5,417.3979583979166
-22.5,165.5,417.3983030678801
-22.5,166.5,417.41295335054224
-22.5,167.5,417.41626675669454
-22.5,168.5,417.41720393003766
-22.5,169.5,417.424243852749
-22.5,170.5,417.426396361587
-22.5,171.5,417.4299263912933
-22.5,172.5,417.43227146255526
-22.5,173.5,417.4358678030279
-22.5,174.5,417.4368417121948
-22.5,175.5,417.4397121820891
-22.5,176.5,417.4450614287968
-22.5,177.5,417.45057626077465
-22.5,178.5,417.4556042467601
-22.5,179.5,417.4543358293981
-21.5,-179.5,417.52105157887377
-21.5,-178.5,417.5155066989219
-21.5,-177.5,417.5166010977114
-21.5,-176.5,417.5140586527693
-21.5,-175.5,417.520918998343
-21.5,-174.5,417.5222572939632
-21.5,-173.5,417.52629694230575
-21.5,-172.5,417.5283779181557
-21.5,-171.5,417.5320534929824
-21.5,-170.5,417.5261166040699
-21.5,-169.5,417.5322428389027
-21.5,-168.5,417.5423410304562
-21.5,-167.5,417.5401154411378
-21.5,-166.5,417.5367512229477
-21.5,-165.5,417.5424815077161
-21.5,-164.5,417.5438049954621
-21.5,-163.5,417.5441335149634
-21.5,-162.5,417.5405258017745
-21.5,-161.5,417.5367754107439
-21.5,-160.5,417.53797437528704
-21.5,-159.5,417.5430849847861
-21.5,-158.5,417.5425411809324
-21.5,-157.5,417.5399557554362
-21.5,-156.5,417.5374602091915
-21.5,-155.5,417.53544743344304
-21.5,-154.5,417.5346207153081
-21.5,-153.5,417.5402578320119
-21.5,-152.5,417.542049578008
-21.5,-151.5,417.5434269129259
-21.5,-150.5,417.5448426683328
-21.5,-149.5,417.5453894500579
-21.5,-148.5,417.5449438110716
-21.5,-147.5,417.54285221265707
-21.5,-146.5,417.5410545223843
-21.5,-145.5,417.5399794305247
-21.5,-144.5,417.5241401278248
-21.5,-143.5,417.5378356357047
-21.5,-142.5,417.5342180467095
-21.5,-141.5,417.5322122684152
-21.5,-140.5,417.53029457358366
-21.5,-139.5,417.52722893886215
-21.5,-138.5,417.5143754908998
-21.5,-137.5,417.51921614448446
-21.5,-136.5,417.5143520717639
-21.5,-135.5,417.5087940564559
-21.5,-134.5,417.5009616891999
-21.5,-133.5,417.47861217967176
-21.5,-132.5,417.4693518747101
-21.5,-131.5,417.4761990734957
-21.5,-130.5,417.4700948515438
-21.5,-129.5,417.4481987984312
-21.5,-128.5,417.4427180819475
-21.5,-127.5,417.4501835501435
-21.5,-126.5,417.4450991139465
-21.5,-125.5,417.4396911489257
-21.5,-124.5,417.424396398054
-21.5,-123.5,417.4210329598844
-21.5,-122.5,417.4179374213359
-21.5,-121.5,417.421964967168
-21.5,-120.5,417.41896305408073
-21.5,-119.5,417.40968300024855
-21.5,-118.5,417.4144972768536
-21.5,-117.5,417.4113591369005
-21.5,-116.5,417.4103470990058
-21.5,-115.5,417.4049548917517
-21.5,-114.5,417.4044178482625
-21.5,-113.5,417.4031965065244
-21.5,-112.5,417.4050078341488
-21.5,-111.5,417.40192091355794
-21.5,-110.5,417.4033530185237
-21.5,-109.5,417.4079126177255
-21.5,-108.5,417.4070082324027
-21.5,-107.5,417.411124022394
-21.5,-106.5,417.4145612474638
-21.5,-105.5,417.423366149044
-21.5,-104.5,417.4272232817465
-21.5,-103.5,417.4310895842249
-21.5,-102.5,417.4358594013608
-21.5,-101.5,417.43059905619896
-21.5,-100.5,417.4444949673258
-21.5,-99.5,417.4498104681812
-21.5,-98.5,417.45563658037696
-21.5,-97.5,417.463915357381
-21.5,-96.5,417.470406394165
-21.5,-95.5,417.4770055938071
-21.5,-94.5,417.4840452051303
-21.5,-93.5,417.492127303184
-21.5,-92.5,417.4988051132903
-21.5,-91.5,417.5061536511626
-21.5,-90.5,417.51379118810286
-21.5,-89.5,417.5207180937954
-21.5,-88.5,417.5257056852023
-21.5,-87.5,417.52894057563566
-21.5,-86.5,417.5317983802707
-21.5,-85.5,417.5362586271297
-21.5,-84.5,417.54091151259297
-21.5,-83.5,417.54542323993377
-21.5,-82.5,417.54900621776864
-21.5,-81.5,417.5536993371547
-21.5,-80.5,417.5591272027484
-21.5,-79.5,417.5670681305219
-21.5,-78.5,417.5772066743808
-21.5,-77.5,417.5895079397973
-21.5,-76.5,417.6046535111983
-21.5,-75.5,417.6243438880208
-21.5,-74.5,417.6512919909391
-21.5,-73.5,417.6842169368178
-21.5,-72.5,417.72008548438976
-21.5,-71.5,417.7660240020081
-21.5,-70.5,417.8627025166245
-21.5,-69.5,417.8407739344579
-21.5,-68.5,417.634647479736
-21.5,-67.5,417.5474743187378
-21.5,-66.5,417.5656077402891
-21.5,-65.5,417.5842106492379
-21.5,-64.5,417.5910334891056
-21.5,-63.5,417.6226880521354
-21.5,-62.5,417.64991376352725
-21.5,-61.5,417.6475838731463
-21.5,-60.5,417.627225143868
-21.5,-59.5,417.6230103108399
-21.5,-58.5,417.5910374557368
-21.5,-57.5,417.55030307750286
-21.5,-56.5,417.5009064668269
-21.5,-55.5,417.40582113112464
-21.5,-54.5,417.3870178435664
-21.5,-53.5,417.3753379167738
-21.5,-52.5,417.392509883607
-21.5,-51.5,417.41888323706377
-21.5,-50.5,417.41760484164377
-21.5,-49.5,417.43865882809104
-21.5,-48.5,417.4851159962252
-21.5,-47.5,417.51556288825793
-21.5,-46.5,417.5148555122577
-21.5,-45.5,417.57148686439416
-21.5,-44.5,417.5879798292833
-21.5,-43.5,417.6515085335399
-21.5,-42.5,417.7619646198369
-21.5,-41.5,417.6840523181311
-21.5,-40.5,417.59899142454833
-21.5,-39.5,417.55320036456175
-21.5,-38.5,417.53218534229256
-21.5,-37.5,417.5253915684007
-21.5,-36.5,417.5227482810787
-21.5,-35.5,417.5195160470384
-21.5,-34.5,417.51226775884425
-21.5,-33.5,417.5010129478238
-21.5,-32.5,417.4879236076645
-21.5,-31.5,417.4769073030122
-21.5,-30.5,417.45842906752057
-21.5,-29.5,417.46185576143074
-21.5,-28.5,417.4574848289416
-21.5,-27.5,417.4538909791969
-21.5,-26.5,417.45086404566985
-21.5,-25.5,417.4508139186946
-21.5,-24.5,417.449282007674
-21.5,-23.5,417.44818491090336
-21.5,-22.5,417.44577491126233
-21.5,-21.5,417.4449496597529
-21.5,-20.5,417.43959699393776
-21.5,-19.5,417.44344528312354
-21.5,-18.5,417.4448709075268
-21.5,-17.5,417.446419525406
-21.5,-16.5,417.4430671005511
-21.5,-15.5,417.4507210372996
-21.5,-14.5,417.4517103970168
-21.5,-13.5,417.4507702194608
-21.5,-12.5,417.4476837088756
-21.5,-11.5,417.4441757797805
-21.5,-10.5,417.4405044895315
-21.5,-9.5,417.4394609947241
-21.5,-8.5,417.43644137731
-21.5,-7.5,417.43321407628656
-21.5,-6.5,417.4297813469108
-21.5,-5.5,417.4260361667529
-21.5,-4.5,417.4228304030964
-21.5,-3.5,417.42179135163343
-21.5,-2.5,417.4231028002084
-21.5,-1.5,417.4275713546448
-21.5,-0.5,417.4322405185399
-21.5,0.5,417.4370128797721
-21.5,1.5,417.4429574600831
-21.5,2.5,417.4492266700533
-21.5,3.5,417.45345865100165
-21.5,4.5,417.4578654382898
-21.5,5.5,417.46285438226727
-21.5,6.5,417.4692944071092
-21.5,7.5,417.4775628278626
-21.5,8.5,417.48751570072506
-21.5,9.5,417.5019693707239
-21.5,10.5,417.52524900254144
-21.5,11.5,417.55933831897687
-21.5,12.5,417.6006145171488
-21.5,13.5,417.6544300652049
-21.5,14.5,417.7270573894676
-21.5,15.5,417.8259888908184
-21.5,16.5,417.965467100194
-21.5,17.5,418.0883344259531
-21.5,18.5,418.194567194345
-21.5,19.5,418.2524647546256
-21.5,20.5,418.22778689335007
-21.5,21.5,418.1256494874159
-21.5,22.5,418.01892511849326
-21.5,23.5,417.8744840884109
-21.5,24.5,417.7367025358169
-21.5,25.5,417.6195537542412
-21.5,26.5,417.522108463232
-21.5,27.5,417.4789935528802
-21.5,28.5,417.43938027668406
-21.5,29.5,417.4017661435348
-21.5,30.5,417.3772915768493
-21.5,31.5,417.2968670818539
-21.5,32.5,417.3106942145008
-21.5,33.5,417.31735376120326
-21.5,34.5,417.3343767534936
-21.5,35.5,417.41457540138987
-21.5,36.5,417.4617637464928
-21.5,37.5,417.4891269598074
-21.5,38.5,417.51673748983535
-21.5,39.5,417.5434055050064
-21.5,40.5,417.5584968068552
-21.5,41.5,417.57835155519103
-21.5,42.5,417.61473230194014
-21.5,43.5,417.6684120491352
-21.5,44.5,417.7080961497674
-21.5,45.5,417.6775814766828
-21.5,46.5,417.5924924877958
-21.5,47.5,417.6302533015842
-21.5,48.5,417.5501458354996
-21.5,49.5,417.517319645353
-21.5,50.5,417.5030316776088
-21.5,51.5,417.4952847803735
-21.5,52.5,417.4867028534466
-21.5,53.5,417.4806907355473
-21.5,54.5,417.475417925704
-21.5,55.5,417.4766605788752
-21.5,56.5,417.4632302726547
-21.5,57.5,417.45678617264457
-21.5,58.5,417.45434852769927
-21.5,59.5,417.4521577303033
-21.5,60.5,417.447678253338
-21.5,61.5,417.4477049520077
-21.5,62.5,417.4455948565204
-21.5,63.5,417.44280141393153
-21.5,64.5,417.4392459183752
-21.5,65.5,417.4358822134944
-21.5,66.5,417.4369506658549
-21.5,67.5,417.4382621988711
-21.5,68.5,417.4430512130647
-21.5,69.5,417.4461190459928
-21.5,70.5,417.4488690511271
-21.5,71.5,417.4516233713693
-21.5,72.5,417.45375569355593
-21.5,73.5,417.4560329784501
-21.5,74.5,417.4567738054798
-21.5,75.5,417.45625861196254
-21.5,76.5,417.45342723269175
-21.5,77.5,417.4502367340492
-21.5,78.5,417.45038981270966
-21.5,79.5,417.4531183031085
-21.5,80.5,417.4543512114564
-21.5,81.5,417.45560831150266
-21.5,82.5,417.4548160542653
-21.5,83.5,417.4514339615728
-21.5,84.5,417.44970858719984
-21.5,85.5,417.44919829160426
-21.5,86.5,417.448261498373
-21.5,87.5,417.44779745122
-21.5,88.5,417.44533354597513
-21.5,89.5,417.44399186344464
-21.5,90.5,417.4441755940449
-21.5,91.5,417.4434172427879
-21.5,92.5,417.44375916960297
-21.5,93.5,417.44471715230645
-21.5,94.5,417.445416017368
-21.5,95.5,417.4496067968501
-21.5,96.5,417.4525346658273
-21.5,97.5,417.4567433074986
-21.5,98.5,417.456969779653
-21.5,99.5,417.4579245381085
-21.5,100.5,417.4575470498583
-21.5,101.5,417.4562108171687
-21.5,102.5,417.45836900533766
-21.5,103.5,417.4604797786867
-21.5,104.5,417.4630129072188
-21.5,105.5,417.4660613130664
-21.5,106.5,417.471076552265
-21.5,107.5,417.475933672126
-21.5,108.5,417.481431125005
-21.5,109.5,417.4888068673569
-21.5,110.5,417.4992227466776
-21.5,111.5,417.5111297983005
-21.5,112.5,417.5216182448577
-21.5,113.5,417.5286997589545
-21.5,114.5,417.5373438062242
-21.5,115.5,417.55430515916186
-21.5,116.5,417.5797639135026
-21.5,117.5,417.60758526759577
-21.5,118.5,417.58700786766406
-21.5,119.5,417.57864398814456
-21.5,120.5,417.56736490032966
-21.5,121.5,417.53021528854055
-21.5,122.5,417.5206982545396
-21.5,123.5,417.500559302904
-21.5,124.5,417.47498622005935
-21.5,125.5,417.4506135259507
-21.5,126.5,417.4327085173017
-21.5,127.5,417.4161572494774
-21.5,128.5,417.3930143332458
-21.5,129.5,417.3801539345673
-21.5,130.5,417.3476219782012
-21.5,131.5,417.3158602820388
-21.5,132.5,417.298829638516
-21.5,133.5,417.2814368706749
-21.5,134.5,417.27024205177895
-21.5,135.5,417.2796574046263
-21.5,136.5,417.2866685199539
-21.5,137.5,417.28707492633646
-21.5,138.5,417.2801736789182
-21.5,139.5,417.2776850778501
-21.5,140.5,417.2778484502279
-21.5,141.5,417.27766942444447
-21.5,142.5,417.2844541641964
-21.5,143.5,417.2968016978113
-21.5,144.5,417.3035499109696
-21.5,145.5,417.3067382203266
-21.5,146.5,417.3196152332118
-21.5,147.5,417.344635026578
-21.5,148.5,417.35584263595166
-21.5,149.5,417.3788648857866
-21.5,150.5,417.3925348128788
-21.5,151.5,417.39489958321286
-21.5,152.5,417.3924401198449
-21.5,153.5,417.3897993305728
-21.5,154.5,417.3882389319009
-21.5,155.5,417.3881661346614
-21.5,156.5,417.389738830237
-21.5,157.5,417.3920238557096
-21.5,158.5,417.3953438475793
-21.5,159.5,417.39994341406015
-21.5,160.5,417.40572709921486
-21.5,161.5,417.41608366089343
-21.5,162.5,417.4283969555939
-21.5,163.5,417.444583781897
-21.5,164.5,417.4654395878636
-21.5,165.5,417.4689109311293
-21.5,166.5,417.4717465040531
-21.5,167.5,417.47512537609975
-21.5,168.5,417.47567838954586
-21.5,169.5,417.48013930692537
-21.5,170.5,417.4798803921176
-21.5,171.5,417.48502098105286
-21.5,172.5,417.4916360440027
-21.5,173.5,417.49613685494427
-21.5,174.5,417.5006612906071
-21.5,175.5,417.5024665648273
-21.5,176.5,417.5083027549498
-21.5,177.5,417.5138802406507
-21.5,178.5,417.51745934819496
-21.5,179.5,417.521667868715
-20.5,-179.5,417.5884554380018
-20.5,-178.5,417.5862852289616
-20.5,-177.5,417.5897993537344
-20.5,-176.5,417.5934310211897
-20.5,-175.5,417.59681039204673
-20.5,-174.5,417.5978137909672
-20.5,-173.5,417.5991646920341
-20.5,-172.5,417.6025850071661
-20.5,-171.5,417.60879477662354
-20.5,-170.5,417.61110036626326
-20.5,-169.5,417.6124097108189
-20.5,-168.5,417.613344933624
-20.5,-167.5,417.6189132835826
-20.5,-166.5,417.6156651509773
-20.5,-165.5,417.6151292019997
-20.5,-164.5,417.6147231061924
-20.5,-163.5,417.610631243427
-20.5,-162.5,417.61005535201207
-20.5,-161.5,417.6073513171124
-20.5,-160.5,417.60701601624265
-20.5,-159.5,417.6070467313818
-20.5,-158.5,417.6060186381661
-20.5,-157.5,417.6034089158847
-20.5,-156.5,417.6001547800016
-20.5,-155.5,417.60337394549566
-20.5,-154.5,417.60410696137785
-20.5,-153.5,417.6057331078764
-20.5,-152.5,417.6064250377232
-20.5,-151.5,417.6055158225333
-20.5,-150.5,417.6047406929123
-20.5,-149.5,417.5806359465454
-20.5,-148.5,417.5999364197187
-20.5,-147.5,417.5772218953098
-20.5,-146.5,417.5936269268682
-20.5,-145.5,417.5917839027271
-20.5,-144.5,417.5908153142945
-20.5,-143.5,417.5903638498931
-20.5,-142.5,417.58816859428464
-20.5,-141.5,417.5849299423438
-20.5,-140.5,417.5673078102328
-20.5,-139.5,417.5634810055026
-20.5,-138.5,417.5719089206799
-20.5,-137.5,417.5543907125372
-20.5,-136.5,417.5467742198621
-20.5,-135.5,417.55256557596033
-20.5,-134.5,417.54522484474944
-20.5,-133.5,417.5369064205016
-20.5,-132.5,417.52870834678095
-20.5,-131.5,417.5022265207383
-20.5,-130.5,417.51493092316144
-20.5,-129.5,417.5089976578786
-20.5,-128.5,417.5025050614672
-20.5,-127.5,417.496043643018
-20.5,-126.5,417.4774825906856
-20.5,-125.5,417.48484391875417
-20.5,-124.5,417.4692171462256
-20.5,-123.5,417.4655179644257
-20.5,-122.5,417.4721947072644
-20.5,-121.5,417.4688811824872
-20.5,-120.5,417.4666585918853
-20.5,-119.5,417.463498433189
-20.5,-118.5,417.4535508910325
-20.5,-117.5,417.4595634357945
-20.5,-116.5,417.4579919108728
-20.5,-115.5,417.4505074338796
-20.5,-114.5,417.4549490002706
-20.5,-113.5,417.4540699134062
-20.5,-112.5,417.4493632305927
-20.5,-111.5,417.4550673643018
-20.5,-110.5,417.4564584179157
-20.5,-109.5,417.457062496064
-20.5,-108.5,417.4600091396418
-20.5,-107.5,417.46390342084186
-20.5,-106.5,417.4682126508473
-20.5,-105.5,417.4736265455316
-20.5,-104.5,417.47835800552286
-20.5,-103.5,417.4843559735686
-20.5,-102.5,417.489567599669
-20.5,-101.5,417.4939601461288
-20.5,-100.5,417.4991225962676
-20.5,-99.5,417.5062900410107
-20.5,-98.5,417.5121114278412
-20.5,-97.5,417.5186622706752
-20.5,-96.5,417.5249346711283
-20.5,-95.5,417.532943646463
-20.5,-94.5,417.54040251175496
-20.5,-93.5,417.5472892366576
-20.5,-92.5,417.55366294621336
-20.5,-91.5,417.5595290225788
-20.5,-90.5,417.5660100783834
-20.5,-89.5,417.5704004178182
-20.5,-88.5,417.5737314999908
-20.5,-87.5,417.5766329181037
-20.5,-86.5,417.5796307272024
-20.5,-85.5,417.58373548023854
-20.5,-84.5,417.5882666490195
-20.5,-83.5,417.59310753880266
-20.5,-82.5,417.5965465006192
-20.5,-81.5,417.60108777925
-20.5,-80.5,417.607856204393
-20.5,-79.5,417.61921612416666
-20.5,-78.5,417.6322526060669
-20.5,-77.5,417.6458606570069
-20.5,-76.5,417.6627712070871
-20.5,-75.5,417.68535717728537
-20.5,-74.5,417.7141887064971
-20.5,-73.5,417.7469257282103
-20.5,-72.5,417.77985119175406
-20.5,-71.5,417.8201911076619
-20.5,-70.5,417.86389805153647
-20.5,-69.5,417.777801071186
-20.5,-68.5,417.6136171575069
-20.5,-67.5,417.65665133281465
-20.5,-66.5,417.63086460667824
-20.5,-65.5,417.64071987101386
-20.5,-64.5,417.6146960794755
-20.5,-63.5,417.6787998398871
-20.5,-62.5,417.75336186782926
-20.5,-61.5,417.7516472101947
-20.5,-60.5,417.7406840116751
-20.5,-59.5,417.7190724838178
-20.5,-58.5,417.7027313682778
-20.5,-57.5,417.6555164414183
-20.5,-56.5,417.63763151204296
-20.5,-55.5,417.5348523135984
-20.5,-54.5,417.4817031996918
-20.5,-53.5,417.4433951290397
-20.5,-52.5,417.4824090688011
-20.5,-51.5,417.5033295979638
-20.5,-50.5,417.4787237242777
-20.5,-49.5,417.5066804490048
-20.5,-48.5,417.5448142372241
-20.5,-47.5,417.52203922632856
-20.5,-46.5,417.61516874681104
-20.5,-45.5,417.6877343699242
-20.5,-44.5,417.7401356046728
-20.5,-43.5,417.8025859363051
-20.5,-42.5,417.721442518073
-20.5,-41.5,417.7031981434344
-20.5,-40.5,417.6799002792067
-20.5,-39.5,417.6294200045343
-20.5,-38.5,417.5935319469196
-20.5,-37.5,417.58305896920285
-20.5,-36.5,417.57714641578434
-20.5,-35.5,417.5707482791646
-20.5,-34.5,417.5609134964188
-20.5,-33.5,417.5496747974276
-20.5,-32.5,417.53904854942505
-20.5,-31.5,417.52954328901455
-20.5,-30.5,417.51056028085503
-20.5,-29.5,417.5129352328066
-20.5,-28.5,417.5073113233845
-20.5,-27.5,417.5046322228344
-20.5,-26.5,417.50253713505697
-20.5,-25.5,417.5009630106516
-20.5,-24.5,417.4979435408069
-20.5,-23.5,417.4953235613808
-20.5,-22.5,417.494273832552
-20.5,-21.5,417.4954143011447
-20.5,-20.5,417.4975319241946
-20.5,-19.5,417.4950197840821
-20.5,-18.5,417.4982129875091
-20.5,-17.5,417.5033129202205
-20.5,-16.5,417.5033045114334
-20.5,-15.5,417.5027965307451
-20.5,-14.5,417.5025836509764
-20.5,-13.5,417.5004511035759
-20.5,-12.5,417.4963115437196
-20.5,-11.5,417.49429267864974
-20.5,-10.5,417.4906801080807
-20.5,-9.5,417.4867286945198
-20.5,-8.5,417.48236941776827
-20.5,-7.5,417.4777163262122
-20.5,-6.5,417.47378053591945
-20.5,-5.5,417.4709992553944
-20.5,-4.5,417.4693855597585
-20.5,-3.5,417.46837022635424
-20.5,-2.5,417.4694740162294
-20.5,-1.5,417.47278587520606
-20.5,-0.5,417.4772462684183
-20.5,0.5,417.483954728856
-20.5,1.5,417.4903938919297
-20.5,2.5,417.49406463016993
-20.5,3.5,417.4953237129161
-20.5,4.5,417.4965121990475
-20.5,5.5,417.4990411712742
-20.5,6.5,417.5054348865184
-20.5,7.5,417.5154646198992
-20.5,8.5,417.5283892041644
-20.5,9.5,417.5520058057887
-20.5,10.5,417.5841129914786
-20.5,11.5,417.6187139112332
-20.5,12.5,417.6572081128498
-20.5,13.5,417.69976709626513
-20.5,14.5,417.7783130499444
-20.5,15.5,417.907095785416
-20.5,16.5,418.0310488058051
-20.5,17.5,418.143755770774
-20.5,18.5,418.237193622804
-20.5,19.5,418.2680496522324
-20.5,20.5,418.229180764832
-20.5,21.5,418.12476457249664
-20.5,22.5,418.0149416068728
-20.5,23.5,417.8960621870471
-20.5,24.5,417.779207531948
-20.5,25.5,417.6839766031208
-20.5,26.5,417.6170476054007
-20.5,27.5,417.5392821082565
-20.5,28.5,417.4863820556862
-20.5,29.5,417.4299647900252
-20.5,30.5,417.3981629455062
-20.5,31.5,417.3692098046655
-20.5,32.5,417.34934698329295
-20.5,33.5,417.3455427074142
-20.5,34.5,417.374320708529
-20.5,35.5,417.4517276680785
-20.5,36.5,417.4865379115347
-20.5,37.5,417.52249183652737
-20.5,38.5,417.5568374624026
-20.5,39.5,417.590422843374
-20.5,40.5,417.6169280892579
-20.5,41.5,417.6385219997081
-20.5,42.5,417.66840020702926
-20.5,43.5,417.7102926078556
-20.5,44.5,417.79160364331045
-20.5,45.5,417.81117642611787
-20.5,46.5,417.65323479067416
-20.5,47.5,417.6225919176942
-20.5,48.5,417.609579087493
-20.5,49.5,417.56127806293057
-20.5,50.5,417.5441370065209
-20.5,51.5,417.5368041661568
-20.5,52.5,417.53038889067386
-20.5,53.5,417.5264552794749
-20.5,54.5,417.5228600196132
-20.5,55.5,417.5182245307433
-20.5,56.5,417.5104491872354
-20.5,57.5,417.507418521405
-20.5,58.5,417.4962628602324
-20.5,59.5,417.492965361476
-20.5,60.5,417.489220908767
-20.5,61.5,417.48230291873153
-20.5,62.5,417.4798403694828
-20.5,63.5,417.4782833022322
-20.5,64.5,417.47288143416176
-20.5,65.5,417.4709618618279
-20.5,66.5,417.4703714659992
-20.5,67.5,417.4736206023303
-20.5,68.5,417.4768066963328
-20.5,69.5,417.4808392227664
-20.5,70.5,417.48436040311327
-20.5,71.5,417.4863669343007
-20.5,72.5,417.4868372022039
-20.5,73.5,417.4861532195937
-20.5,74.5,417.4838710015737
-20.5,75.5,417.48217857217566
-20.5,76.5,417.4792676021737
-20.5,77.5,417.4785687766056
-20.5,78.5,417.48037783432767
-20.5,79.5,417.4825259910865
-20.5,80.5,417.4856407065813
-20.5,81.5,417.4866582629317
-20.5,82.5,417.4876472231333
-20.5,83.5,417.48952354861495
-20.5,84.5,417.48891131497845
-20.5,85.5,417.4910147795866
-20.5,86.5,417.4905040701916
-20.5,87.5,417.4914528902445
-20.5,88.5,417.491148353721
-20.5,89.5,417.49056916659
-20.5,90.5,417.49179195659326
-20.5,91.5,417.49047397554847
-20.5,92.5,417.49241014141774
-20.5,93.5,417.4948856640837
-20.5,94.5,417.4983627431211
-20.5,95.5,417.5021756580194
-20.5,96.5,417.504420041844
-20.5,97.5,417.505989186382
-20.5,98.5,417.5072047467048
-20.5,99.5,417.5060378868369
-20.5,100.5,417.5025217421306
-20.5,101.5,417.5025404245107
-20.5,102.5,417.5053902520477
-20.5,103.5,417.50862032641055
-20.5,104.5,417.5097899576823
-20.5,105.5,417.5116846661196
-20.5,106.5,417.51148829721046
-20.5,107.5,417.5120072061114
-20.5,108.5,417.5162188097116
-20.5,109.5,417.5229580061347
-20.5,110.5,417.5336844043604
-20.5,111.5,417.54015560138765
-20.5,112.5,417.54251984173055
-20.5,113.5,417.54358862844106
-20.5,114.5,417.5469606108897
-20.5,115.5,417.5556453762672
-20.5,116.5,417.5751454320517
-20.5,117.5,417.5766216851701
-20.5,118.5,417.5641690561564
-20.5,119.5,417.5459282360516
-20.5,120.5,417.5322863123111
-20.5,121.5,417.5192433917674
-20.5,122.5,417.5202074337664
-20.5,123.5,417.5092678182827
-20.5,124.5,417.4882252705901
-20.5,125.5,417.4572996524178
-20.5,126.5,417.4364950790181
-20.5,127.5,417.4074251538111
-20.5,128.5,417.4062248247892
-20.5,129.5,417.3988185726409
-20.5,130.5,417.36603859127104
-20.5,131.5,417.31681105717416
-20.5,132.5,417.2863007586565
-20.5,133.5,417.26285311952455
-20.5,134.5,417.2515784041932
-20.5,135.5,417.2897611117984
-20.5,136.5,417.274058876588
-20.5,137.5,417.2592670567389
-20.5,138.5,417.2581250011647
-20.5,139.5,417.2615600850909
-20.5,140.5,417.26287126927946
-20.5,141.5,417.26638461508406
-20.5,142.5,417.2756892381437
-20.5,143.5,417.292856449301
-20.5,144.5,417.30220050837966
-20.5,145.5,417.3106206285199
-20.5,146.5,417.3223425219179
-20.5,147.5,417.3333461351213
-20.5,148.5,417.3830170333625
-20.5,149.5,417.40108307283776
-20.5,150.5,417.42494723401256
-20.5,151.5,417.4273772135922
-20.5,152.5,417.4239831253875
-20.5,153.5,417.4199122222484
-20.5,154.5,417.4211026641527
-20.5,155.5,417.4243897340655
-20.5,156.5,417.4291548384385
-20.5,157.5,417.4367878106983
-20.5,158.5,417.4448129703265
-20.5,159.5,417.4534759804094
-20.5,160.5,417.4645588268911
-20.5,161.5,417.4773445534795
-20.5,162.5,417.4910046681059
-20.5,163.5,417.5064221682087
-20.5,164.5,417.5118025999751
-20.5,165.5,417.528927515756
-20.5,166.5,417.5343313022334
-20.5,167.5,417.53762342751895
-20.5,168.5,417.5378402782415
-20.5,169.5,417.5367685147642
-20.5,170.5,417.5431834883487
-20.5,171.5,417.5488121417797
-20.5,172.5,417.5525026451961
-20.5,173.5,417.5613912213033
-20.5,174.5,417.5686554856626
-20.5,175.5,417.5759669578582
-20.5,176.5,417.5843848645636
-20.5,177.5,417.58887456361305
-20.5,178.5,417.5862101321403
-20.5,179.5,417.5863742264804
-19.5,-179.5,417.65427842202666
-19.5,-178.5,417.64830976269326
-19.5,-177.5,417.6494131018259
-19.5,-176.5,417.660069990751
-19.5,-175.5,417.6554278032624
-19.5,-174.5,417.6663355294368
-19.5,-173.5,417.6676704608149
-19.5,-172.5,417.6710184975043
-19.5,-171.5,417.6751012527267
-19.5,-170.5,417.67907030077225
-19.5,-169.5,417.6865844093367
-19.5,-168.5,417.6873881346145
-19.5,-167.5,417.6842882050582
-19.5,-166.5,417.6793395995245
-19.5,-165.5,417.6760210698719
-19.5,-164.5,417.6728614444934
-19.5,-163.5,417.6676554474077
-19.5,-162.5,417.6661182140828
-19.5,-161.5,417.66557295588393
-19.5,-160.5,417.6651103534156
-19.5,-159.5,417.6647700367817
-19.5,-158.5,417.6632869469086
-19.5,-157.5,417.6613161115284
-19.5,-156.5,417.6624784903606
-19.5,-155.5,417.6636829655024
-19.5,-154.5,417.6648724983229
-19.5,-153.5,417.66440524683605
-19.5,-152.5,417.6630941923963
-19.5,-151.5,417.6612246909317
-19.5,-150.5,417.65896240581657
-19.5,-149.5,417.6554239824548
-19.5,-148.5,417.6513573279706
-19.5,-147.5,417.6480593414432
-19.5,-146.5,417.62755030578353
-19.5,-145.5,417.642918713286
-19.5,-144.5,417.64193020376376
-19.5,-143.5,417.6409075268201
-19.5,-142.5,417.638552000469
-19.5,-141.5,417.6347776235753
-19.5,-140.5,417.6302386770049
-19.5,-139.5,417.6248041778289
-19.5,-138.5,417.61784846861934
-19.5,-137.5,417.60953586278254
-19.5,-136.5,417.60268168168415
-19.5,-135.5,417.5965098788191
-19.5,-134.5,417.571408493491
-19.5,-133.5,417.5823541407813
-19.5,-132.5,417.5752122355904
-19.5,-131.5,417.5692621252173
-19.5,-130.5,417.5621941592026
-19.5,-129.5,417.5375605187033
-19.5,-128.5,417.5481118954831
-19.5,-127.5,417.5411857315376
-19.5,-126.5,417.5366027675448
-19.5,-125.5,417.5196104085624
-19.5,-124.5,417.5156238910191
-19.5,-123.5,417.5211585513329
-19.5,-122.5,417.5165140014617
-19.5,-121.5,417.50372146207
-19.5,-120.5,417.5111932102241
-19.5,-119.5,417.5003077366667
-19.5,-118.5,417.5069055738332
-19.5,-117.5,417.50426826113386
-19.5,-116.5,417.5032071510572
-19.5,-115.5,417.5025463454824
-19.5,-114.5,417.5028200200643
-19.5,-113.5,417.4969519375391
-19.5,-112.5,417.5031296764686
-19.5,-111.5,417.5043693325953
-19.5,-110.5,417.499632238955
-19.5,-109.5,417.50118501239314
-19.5,-108.5,417.5105989771479
-19.5,-107.5,417.515021092212
-19.5,-106.5,417.51941739850514
-19.5,-105.5,417.52419346021753
-19.5,-104.5,417.53010528748007
-19.5,-103.5,417.53729828263374
-19.5,-102.5,417.54548792862784
-19.5,-101.5,417.5500988450432
-19.5,-100.5,417.55511473483926
-19.5,-99.5,417.56026681001634
-19.5,-98.5,417.5662864225212
-19.5,-97.5,417.5742466792154
-19.5,-96.5,417.5811620260774
-19.5,-95.5,417.5889310288417
-19.5,-94.5,417.5960420962318
-19.5,-93.5,417.60132900745816
-19.5,-92.5,417.6068248909329
-19.5,-91.5,417.6118223773319
-19.5,-90.5,417.61606912475577
-19.5,-89.5,417.6190763910206
-19.5,-88.5,417.6216502068115
-19.5,-87.5,417.6241112025224
-19.5,-86.5,417.6260190719276
-19.5,-85.5,417.629429381376
-19.5,-84.5,417.6356426694948
-19.5,-83.5,417.6395433638984
-19.5,-82.5,417.6435210080114
-19.5,-81.5,417.6500422710879
-19.5,-80.5,417.66036670246
-19.5,-79.5,417.6744095259829
-19.5,-78.5,417.689550281265
-19.5,-77.5,417.7051349028091
-19.5,-76.5,417.72401199355136
-19.5,-75.5,417.75228639668126
-19.5,-74.5,417.7829424324343
-19.5,-73.5,417.81285706170326
-19.5,-72.5,417.8413130714464
-19.5,-71.5,417.86464217792366
-19.5,-70.5,417.9208997850101
-19.5,-69.5,417.883041207572
-19.5,-68.5,417.6620651306399
-19.5,-67.5,417.6952479953571
-19.5,-66.5,417.6521068155571
-19.5,-65.5,417.7240786095881
-19.5,-64.5,417.7513029423644
-19.5,-63.5,417.8136465965459
-19.5,-62.5,417.86866585325566
-19.5,-61.5,417.869651082641
-19.5,-60.5,417.8555678404151
-19.5,-59.5,417.83593511517495
-19.5,-58.5,417.8104621603521
-19.5,-57.5,417.7517306514844
-19.5,-56.5,417.7175291715469
-19.5,-55.5,417.6475433293014
-19.5,-54.5,417.5890995014185
-19.5,-53.5,417.5450213657428
-19.5,-52.5,417.55234921341065
-19.5,-51.5,417.5755914803419
-19.5,-50.5,417.5826525108733
-19.5,-49.5,417.56526266777416
-19.5,-48.5,417.5703387050032
-19.5,-47.5,417.5914351769474
-19.5,-46.5,417.652101237586
-19.5,-45.5,417.8014797819572
-19.5,-44.5,417.8432077056075
-19.5,-43.5,417.8139854565241
-19.5,-42.5,417.91711990862143
-19.5,-41.5,417.7849813837017
-19.5,-40.5,417.7615586186412
-19.5,-39.5,417.67587715307945
-19.5,-38.5,417.6500474189665
-19.5,-37.5,417.6370760804791
-19.5,-36.5,417.62766354217536
-19.5,-35.5,417.6186965143974
-19.5,-34.5,417.5906639144315
-19.5,-33.5,417.5982779241752
-19.5,-32.5,417.5897323838895
-19.5,-31.5,417.5689094383442
-19.5,-30.5,417.57412331548335
-19.5,-29.5,417.5666259688527
-19.5,-28.5,417.5602824766736
-19.5,-27.5,417.5478694976665
-19.5,-26.5,417.5513539852449
-19.5,-25.5,417.543014123381
-19.5,-24.5,417.54748370238974
-19.5,-23.5,417.5454691405529
-19.5,-22.5,417.5456961490609
-19.5,-21.5,417.5444487939662
-19.5,-20.5,417.5497077932434
-19.5,-19.5,417.5554010178366
-19.5,-18.5,417.556611490201
-19.5,-17.5,417.55720996321736
-19.5,-16.5,417.5546230485488
-19.5,-15.5,417.5505436203503
-19.5,-14.5,417.547505254662
-19.5,-13.5,417.544619083276
-19.5,-12.5,417.54215448943614
-19.5,-11.5,417.5395386261197
-19.5,-10.5,417.535611428496
-19.5,-9.5,417.531542494569
-19.5,-8.5,417.5284350970727
-19.5,-7.5,417.52532388044887
-19.5,-6.5,417.52273971245273
-19.5,-5.5,417.520189832453
-19.5,-4.5,417.5173927694596
-19.5,-3.5,417.5156416018235
-19.5,-2.5,417.5166969161952
-19.5,-1.5,417.5198365741129
-19.5,-0.5,417.5239775827871
-19.5,0.5,417.5285510958648
-19.5,1.5,417.5311254401623
-19.5,2.5,417.5317827412856
-19.5,3.5,417.530576985076
-19.5,4.5,417.5298583881981
-19.5,5.5,417.532645290056
-19.5,6.5,417.5415035833461
-19.5,7.5,417.55455957907424
-19.5,8.5,417.5731832838413
-19.5,9.5,417.5995472298997
-19.5,10.5,417.6317654648817
-19.5,11.5,417.6687467903464
-19.5,12.5,417.7160655141497
-19.5,13.5,417.77352419088703
-19.5,14.5,417.8378647318636
-19.5,15.5,417.9438372260269
-19.5,16.5,418.0696439365238
-19.5,17.5,418.1379926252175
-19.5,18.5,418.2511353159972
-19.5,19.5,418.2575194714663
-19.5,20.5,418.2009495014055
-19.5,21.5,418.10632351928587
-19.5,22.5,418.01716309452814
-19.5,23.5,417.8919490701428
-19.5,24.5,417.8138467894341
-19.5,25.5,417.74879337346414
-19.5,26.5,417.6709640299426
-19.5,27.5,417.5994390858492
-19.5,28.5,417.5070590300012
-19.5,29.5,417.4517194820672
-19.5,30.5,417.3982827804492
-19.5,31.5,417.38475168735374
-19.5,32.5,417.3260649538513
-19.5,33.5,417.3975033023896
-19.5,34.5,417.4638944587689
-19.5,35.5,417.4874068756087
-19.5,36.5,417.5182023532146
-19.5,37.5,417.55268115809264
-19.5,38.5,417.5923661477488
-19.5,39.5,417.63081016626654
-19.5,40.5,417.6614008988432
-19.5,41.5,417.6929843647443
-19.5,42.5,417.72662006253097
-19.5,43.5,417.768642158438
-19.5,44.5,417.8275685603343
-19.5,45.5,417.9047118873415
-19.5,46.5,417.7108391027741
-19.5,47.5,417.64181403596
-19.5,48.5,417.6556577328217
-19.5,49.5,417.6046696774322
-19.5,50.5,417.57968564784727
-19.5,51.5,417.5726652619721
-19.5,52.5,417.56422730302495
-19.5,53.5,417.5547517404879
-19.5,54.5,417.55459159580136
-19.5,55.5,417.5523273960153
-19.5,56.5,417.5466079922971
-19.5,57.5,417.5453896534015
-19.5,58.5,417.5336114595839
-19.5,59.5,417.5293892249125
-19.5,60.5,417.5238679910535
-19.5,61.5,417.5175276653508
-19.5,62.5,417.5157179773876
-19.5,63.5,417.5109183641925
-19.5,64.5,417.5057233421493
-19.5,65.5,417.5041091741456
-19.5,66.5,417.5055016393787
-19.5,67.5,417.5070193901249
-19.5,68.5,417.5096290446503
-19.5,69.5,417.5136803916048
-19.5,70.5,417.51557180006415
-19.5,71.5,417.5151644944021
-19.5,72.5,417.514473535788
-19.5,73.5,417.51062485698696
-19.5,74.5,417.50898443283535
-19.5,75.5,417.50634202981706
-19.5,76.5,417.5067314455088
-19.5,77.5,417.5087446342288
-19.5,78.5,417.5113641074325
-19.5,79.5,417.513187661358
-19.5,80.5,417.5164555414232
-19.5,81.5,417.52042101356375
-19.5,82.5,417.5243583195058
-19.5,83.5,417.52638580344967
-19.5,84.5,417.5285538319057
-19.5,85.5,417.5290930536943
-19.5,86.5,417.52971991897
-19.5,87.5,417.5306613459295
-19.5,88.5,417.53116886992063
-19.5,89.5,417.5324717516274
-19.5,90.5,417.534046019447
-19.5,91.5,417.53389766099457
-19.5,92.5,417.53529500473513
-19.5,93.5,417.5370653567237
-19.5,94.5,417.5400374512044
-19.5,95.5,417.5441239193032
-19.5,96.5,417.5459168218741
-19.5,97.5,417.5478862045213
-19.5,98.5,417.5469959614068
-19.5,99.5,417.567204348277
-19.5,100.5,417.54712159716377
-19.5,101.5,417.5500670907808
-19.5,102.5,417.5503950680196
-19.5,103.5,417.5483226254237
-19.5,104.5,417.5473349371111
-19.5,105.5,417.548443537709
-19.5,106.5,417.5466094312045
-19.5,107.5,417.54824153946
-19.5,108.5,417.5503049263719
-19.5,109.5,417.5556372002881
-19.5,110.5,417.5632972821969
-19.5,111.5,417.5667525430764
-19.5,112.5,417.5643861503552
-19.5,113.5,417.5594927834399
-19.5,114.5,417.55649883096726
-19.5,115.5,417.55425896988334
-19.5,116.5,417.5516160261231
-19.5,117.5,417.54459127459154
-19.5,118.5,417.5314797960408
-19.5,119.5,417.5213560613499
-19.5,120.5,417.5153912200993
-19.5,121.5,417.5173926658459
-19.5,122.5,417.5162935834445
-19.5,123.5,417.4882846182487
-19.5,124.5,417.4675979902056
-19.5,125.5,417.43555764565554
-19.5,126.5,417.42608651680143
-19.5,127.5,417.4072402601861
-19.5,128.5,417.3940301051813
-19.5,129.5,417.3841399152456
-19.5,130.5,417.351843744842
-19.5,131.5,417.3052177335333
-19.5,132.5,417.2733205870469
-19.5,133.5,417.2463693938108
-19.5,134.5,417.2322270478391
-19.5,135.5,417.2519050690363
-19.5,136.5,417.2350486812793
-19.5,137.5,417.2145313273634
-19.5,138.5,417.2056445340267
-19.5,139.5,417.21066583709455
-19.5,140.5,417.2262953168962
-19.5,141.5,417.2237080597536
-19.5,142.5,417.2265711300716
-19.5,143.5,417.26866635676384
-19.5,144.5,417.3019771213628
-19.5,145.5,417.3276064423528
-19.5,146.5,417.3615713929075
-19.5,147.5,417.39168408037546
-19.5,148.5,417.4349911604197
-19.5,149.5,417.4525640717862
-19.5,150.5,417.46053326774376
-19.5,151.5,417.4617916037712
-19.5,152.5,417.45965834012407
-19.5,153.5,417.4597401478568
-19.5,154.5,417.46294093976513
-19.5,155.5,417.4701932085032
-19.5,156.5,417.4799945072587
-19.5,157.5,417.4869191427715
-19.5,158.5,417.48262456472287
-19.5,159.5,417.5122108692657
-19.5,160.5,417.5270068421328
-19.5,161.5,417.5264760911908
-19.5,162.5,417.554673306775
-19.5,163.5,417.5670443650751
-19.5,164.5,417.57866040654
-19.5,165.5,417.5871755172512
-19.5,166.5,417.5944012802344
-19.5,167.5,417.5997914864704
-19.5,168.5,417.6015473915975
-19.5,169.5,417.6044444849248
-19.5,170.5,417.6090333193545
-19.5,171.5,417.6141991498058
-19.5,172.5,417.6262007535172
-19.5,173.5,417.63964317980816
-19.5,174.5,417.6512175542511
-19.5,175.5,417.6574251337188
-19.5,176.5,417.66164310121445
-19.5,177.5,417.66531548095656
-19.5,178.5,417.6642314654701
-19.5,179.5,417.65961573152
-18.5,-179.5,417.72035729023423
-18.5,-178.5,417.7176219388506
-18.5,-177.5,417.7197556773072
-18.5,-176.5,417.7236452829156
-18.5,-175.5,417.7148706290131
-18.5,-174.5,417.72552519221193
-18.5,-173.5,417.7277319467351
-18.5,-172.5,417.73247346300417
-18.5,-171.5,417.7362038252229
-18.5,-170.5,417.7401717382108
-18.5,-169.5,417.7413944009926
-18.5,-168.5,417.7375898126488
-18.5,-167.5,417.7300505302746
-18.5,-166.5,417.72959704950216
-18.5,-165.5,417.7253641893034
-18.5,-164.5,417.7203873974784
-18.5,-163.5,417.7169422200372
-18.5,-162.5,417.71533255498656
-18.5,-161.5,417.71472183288427
-18.5,-160.5,417.7148167992343
-18.5,-159.5,417.71469505880407
-18.5,-158.5,417.7158646140424
-18.5,-157.5,417.7166240520459
-18.5,-156.5,417.7173595411348
-18.5,-155.5,417.7174142625677
-18.5,-154.5,417.716846478202
-18.5,-153.5,417.71588543046255
-18.5,-152.5,417.7140841154464
-18.5,-151.5,417.7123727512158
-18.5,-150.5,417.7088758014575
-18.5,-149.5,417.70483832877386
-18.5,-148.5,417.7003102165848
-18.5,-147.5,417.69854874032177
-18.5,-146.5,417.6947520370329
-18.5,-145.5,417.6909828171928
-18.5,-144.5,417.6893200133139
-18.5,-143.5,417.68795966101976
-18.5,-142.5,417.6854488749863
-18.5,-141.5,417.6813945929307
-18.5,-140.5,417.6762416340577
-18.5,-139.5,417.6686828504497
-18.5,-138.5,417.6607595990352
-18.5,-137.5,417.6525298003643
-18.5,-136.5,417.6456969960651
-18.5,-135.5,417.6413763769978
-18.5,-134.5,417.6360437142497
-18.5,-133.5,417.629091748641
-18.5,-132.5,417.6227213826017
-18.5,-131.5,417.616549722726
-18.5,-130.5,417.6101392493762
-18.5,-129.5,417.60301028903655
-18.5,-128.5,417.5956811688519
-18.5,-127.5,417.5887325116016
-18.5,-126.5,417.5840119719455
-18.5,-125.5,417.5792464203227
-18.5,-124.5,417.5720797017612
-18.5,-123.5,417.5554574362116
-18.5,-122.5,417.5505534896408
-18.5,-121.5,417.5476698730221
-18.5,-120.5,417.5555930028344
-18.5,-119.5,417.5541885702816
-18.5,-118.5,417.55145505858286
-18.5,-117.5,417.5499603184476
-18.5,-116.5,417.5486934880252
-18.5,-115.5,417.5489532919085
-18.5,-114.5,417.5514321766999
-18.5,-113.5,417.5532226744394
-18.5,-112.5,417.5473465290767
-18.5,-111.5,417.5550682057465
-18.5,-110.5,417.5563036091133
-18.5,-109.5,417.55863971906575
-18.5,-108.5,417.56182624780456
-18.5,-107.5,417.5656257195994
-18.5,-106.5,417.5701405515423
-18.5,-105.5,417.5764225220975
-18.5,-104.5,417.5843250181387
-18.5,-103.5,417.5912536156671
-18.5,-102.5,417.5966699247909
-18.5,-101.5,417.6016613668771
-18.5,-100.5,417.6072640730866
-18.5,-99.5,417.6132451754169
-18.5,-98.5,417.62066404718615
-18.5,-97.5,417.6274233701288
-18.5,-96.5,417.636260814176
-18.5,-95.5,417.64438909009215
-18.5,-94.5,417.6499657934733
-18.5,-93.5,417.6540236105311
-18.5,-92.5,417.659621413602
-18.5,-91.5,417.6642170276048
-18.5,-90.5,417.667297732996
-18.5,-89.5,417.66924845486295
-18.5,-88.5,417.6712717947108
-18.5,-87.5,417.6727715811394
-18.5,-86.5,417.6761169607216
-18.5,-85.5,417.6793955169088
-18.5,-84.5,417.68375287276285
-18.5,-83.5,417.6880770869007
-18.5,-82.5,417.6939242882086
-18.5,-81.5,417.702388761811
-18.5,-80.5,417.71522528479375
-18.5,-79.5,417.7335783212935
-18.5,-78.5,417.7507784156612
-18.5,-77.5,417.7708103400191
-18.5,-76.5,417.7831304977183
-18.5,-75.5,417.82753827151504
-18.5,-74.5,417.8412563729705
-18.5,-73.5,417.876167192191
-18.5,-72.5,417.90096945071457
-18.5,-71.5,417.927236276215
-18.5,-70.5,417.943874597035
-18.5,-69.5,417.8129441783346
-18.5,-68.5,417.7038929693653
-18.5,-67.5,417.7612978879863
-18.5,-66.5,417.7167491953842
-18.5,-65.5,417.7594460909601
-18.5,-64.5,417.8203111516221
-18.5,-63.5,417.9851368790015
-18.5,-62.5,418.007797288943
-18.5,-61.5,418.0157816311736
-18.5,-60.5,417.9718476474382
-18.5,-59.5,417.9322922262764
-18.5,-58.5,417.93346827706057
-18.5,-57.5,417.8739833523178
-18.5,-56.5,417.82322707849227
-18.5,-55.5,417.7742397356855
-18.5,-54.5,417.6925425859027
-18.5,-53.5,417.6543165000528
-18.5,-52.5,417.5980043770561
-18.5,-51.5,417.6356720044778
-18.5,-50.5,417.6808749270756
-18.5,-49.5,417.651279020552
-18.5,-48.5,417.6680574555095
-18.5,-47.5,417.70641021067206
-18.5,-46.5,417.74744095641074
-18.5,-45.5,417.8622963474526
-18.5,-44.5,417.8625070373293
-18.5,-43.5,417.8045995768216
-18.5,-42.5,417.885902504345
-18.5,-41.5,417.83326448764814
-18.5,-40.5,417.83542741223687
-18.5,-39.5,417.7425065556848
-18.5,-38.5,417.7063550368381
-18.5,-37.5,417.6909981014039
-18.5,-36.5,417.6792988118136
-18.5,-35.5,417.6690626941655
-18.5,-34.5,417.65869192839233
-18.5,-33.5,417.6496472529653
-18.5,-32.5,417.6418708113029
-18.5,-31.5,417.6342799747102
-18.5,-30.5,417.626691413663
-18.5,-29.5,417.6191036511706
-18.5,-28.5,417.6106699182028
-18.5,-27.5,417.5961322856411
-18.5,-26.5,417.60196576677697
-18.5,-25.5,417.6012602910362
-18.5,-24.5,417.6003660347821
-18.5,-23.5,417.6001073054768
-18.5,-22.5,417.6017836390056
-18.5,-21.5,417.6050010931688
-18.5,-20.5,417.6086051382368
-18.5,-19.5,417.6091752059277
-18.5,-18.5,417.6073760406183
-18.5,-17.5,417.6051629251231
-18.5,-16.5,417.60016780196224
-18.5,-15.5,417.5946845271183
-18.5,-14.5,417.5897155021002
-18.5,-13.5,417.5867856324977
-18.5,-12.5,417.5849470846736
-18.5,-11.5,417.5828182550287
-18.5,-10.5,417.5800677148224
-18.5,-9.5,417.5772110455015
-18.5,-8.5,417.5747579320966
-18.5,-7.5,417.571862737739
-18.5,-6.5,417.5685707448129
-18.5,-5.5,417.5642232210169
-18.5,-4.5,417.55996249269015
-18.5,-3.5,417.5595884356143
-18.5,-2.5,417.5606109208029
-18.5,-1.5,417.5619102948559
-18.5,-0.5,417.56263793670735
-18.5,0.5,417.5629315742104
-18.5,1.5,417.5637463837046
-18.5,2.5,417.5638567659135
-18.5,3.5,417.5617620814519
-18.5,4.5,417.5627051349765
-18.5,5.5,417.567932165823
-18.5,6.5,417.579802429524
-18.5,7.5,417.5966203005852
-18.5,8.5,417.6335486413652
-18.5,9.5,417.64359648313166
-18.5,10.5,417.6762366776575
-18.5,11.5,417.7144955827126
-18.5,12.5,417.7525727678645
-18.5,13.5,417.8028300378249
-18.5,14.5,417.891498900815
-18.5,15.5,418.0127709018026
-18.5,16.5,418.1165858804552
-18.5,17.5,418.20236938359017
-18.5,18.5,418.2099649554276
-18.5,19.5,418.1753753273446
-18.5,20.5,418.1269389513192
-18.5,21.5,418.0606382647251
-18.5,22.5,417.9665218733718
-18.5,23.5,417.8795955400577
-18.5,24.5,417.79572158104537
-18.5,25.5,417.7447353412979
-18.5,26.5,417.7509731978337
-18.5,27.5,417.6145849873693
-18.5,28.5,417.54495576647696
-18.5,29.5,417.5006034134311
-18.5,30.5,417.42622198958367
-18.5,31.5,417.3800083310216
-18.5,32.5,417.34599543570806
-18.5,33.5,417.4356199747253
-18.5,34.5,417.5067771801552
-18.5,35.5,417.5431175796993
-18.5,36.5,417.549831281879
-18.5,37.5,417.5931391060137
-18.5,38.5,417.6239094064939
-18.5,39.5,417.6610827360717
-18.5,40.5,417.7005532713095
-18.5,41.5,417.7417236382808
-18.5,42.5,417.7834339590708
-18.5,43.5,417.8423011685833
-18.5,44.5,417.9166198281969
-18.5,45.5,417.8784776358667
-18.5,46.5,417.7416987234484
-18.5,47.5,417.691091069068
-18.5,48.5,417.7125746794242
-18.5,49.5,417.63889104398766
-18.5,50.5,417.6155576284915
-18.5,51.5,417.6002700274469
-18.5,52.5,417.5925716030494
-18.5,53.5,417.5866885864555
-18.5,54.5,417.58091622216944
-18.5,55.5,417.5783290084012
-18.5,56.5,417.5758652789825
-18.5,57.5,417.5722227355457
-18.5,58.5,417.5667061176549
-18.5,59.5,417.56197558315824
-18.5,60.5,417.5546247994147
-18.5,61.5,417.5531123712642
-18.5,62.5,417.5484531829835
-18.5,63.5,417.54313296887096
-18.5,64.5,417.539935168071
-18.5,65.5,417.5387480548546
-18.5,66.5,417.5383413455599
-18.5,67.5,417.5374912561895
-18.5,68.5,417.5404154205872
-18.5,69.5,417.54195880207584
-18.5,70.5,417.5419309273561
-18.5,71.5,417.5396766011632
-18.5,72.5,417.5353621768257
-18.5,73.5,417.5307140367258
-18.5,74.5,417.5301818883074
-18.5,75.5,417.5327213951156
-18.5,76.5,417.5359583871707
-18.5,77.5,417.5398575226217
-18.5,78.5,417.54337600980585
-18.5,79.5,417.5703816930992
-18.5,80.5,417.550549621276
-18.5,81.5,417.5542823831266
-18.5,82.5,417.5572829810433
-18.5,83.5,417.5583708784352
-18.5,84.5,417.5593168346453
-18.5,85.5,417.56114194266326
-18.5,86.5,417.5626770434809
-18.5,87.5,417.5635636264729
-18.5,88.5,417.56498892854233
-18.5,89.5,417.5672530046368
-18.5,90.5,417.5675915757439
-18.5,91.5,417.5686974621163
-18.5,92.5,417.5712937280241
-18.5,93.5,417.5740938114528
-18.5,94.5,417.5778467912265
-18.5,95.5,417.5801844805642
-18.5,96.5,417.5813040522274
-18.5,97.5,417.5818071241166
-18.5,98.5,417.5835834746522
-18.5,99.5,417.58286605238817
-18.5,100.5,417.5841215208432
-18.5,101.5,417.5842475889062
-18.5,102.5,417.58164113981366
-18.5,103.5,417.5803319424423
-18.5,104.5,417.5823858912084
-18.5,105.5,417.5840743569586
-18.5,106.5,417.58064579232257
-18.5,107.5,417.580315260473
-18.5,108.5,417.5822051801666
-18.5,109.5,417.585749664393
-18.5,110.5,417.5871646653046
-18.5,111.5,417.5840722500762
-18.5,112.5,417.5773622361692
-18.5,113.5,417.57062277816107
-18.5,114.5,417.5636260453081
-18.5,115.5,417.55372365934807
-18.5,116.5,417.543463514999
-18.5,117.5,417.5352223209719
-18.5,118.5,417.523148067808
-18.5,119.5,417.50921136270193
-18.5,120.5,417.497614180223
-18.5,121.5,417.4938145296314
-18.5,122.5,417.4743755332238
-18.5,123.5,417.45348788528577
-18.5,124.5,417.4227153743689
-18.5,125.5,417.4133229693332
-18.5,126.5,417.40491721169576
-18.5,127.5,417.3862131851423
-18.5,128.5,417.3678034891881
-18.5,129.5,417.3382211495099
-18.5,130.5,417.3223560274548
-18.5,131.5,417.3013766763418
-18.5,132.5,417.2610005255119
-18.5,133.5,417.23551421220776
-18.5,134.5,417.2162057779384
-18.5,135.5,417.2131448714197
-18.5,136.5,417.204239257631
-18.5,137.5,417.1668231339358
-18.5,138.5,417.1553769945976
-18.5,139.5,417.1708252909708
-18.5,140.5,417.1988322819042
-18.5,141.5,417.1141237232844
-18.5,142.5,417.2203162518063
-18.5,143.5,417.2463507127973
-18.5,144.5,417.30651548650405
-18.5,145.5,417.36961870814537
-18.5,146.5,417.4363303283804
-18.5,147.5,417.45044543534607
-18.5,148.5,417.4750753437735
-18.5,149.5,417.4908569683495
-18.5,150.5,417.49964468229376
-18.5,151.5,417.5044871028289
-18.5,152.5,417.5062518333459
-18.5,153.5,417.5081342037447
-18.5,154.5,417.5148382321209
-18.5,155.5,417.5257219898945
-18.5,156.5,417.5397140438069
-18.5,157.5,417.55431565242543
-18.5,158.5,417.5681649599846
-18.5,159.5,417.5798060155045
-18.5,160.5,417.594779104695
-18.5,161.5,417.60732671188896
-18.5,162.5,417.6196321828976
-18.5,163.5,417.6323142387407
-18.5,164.5,417.6361229328411
-18.5,165.5,417.6514678260661
-18.5,166.5,417.6607228930225
-18.5,167.5,417.6673717019369
-18.5,168.5,417.6763194583944
-18.5,169.5,417.68043934186
-18.5,170.5,417.690341110246
-18.5,171.5,417.69431412370767
-18.5,172.5,417.7079989453748
-18.5,173.5,417.7235353346195
-18.5,174.5,417.73391575339207
-18.5,175.5,417.73746775688727
-18.5,176.5,417.74486147882845
-18.5,177.5,417.7430704288565
-18.5,178.5,417.73804296038935
-18.5,179.5,417.7193941171605
-17.5,-179.5,417.7706052759716
-17.5,-178.5,417.7672979574504
-17.5,-177.5,417.774667910533
-17.5,-176.5,417.7776709909366
-17.5,-175.5,417.781401703193
-17.5,-174.5,417.7841135754131
-17.5,-173.5,417.7879231678044
-17.5,-172.5,417.7935210664043
-17.5,-171.5,417.7969604761293
-17.5,-170.5,417.794813266122
-17.5,-169.5,417.7762494178872
-17.5,-168.5,417.7719605949284
-17.5,-167.5,417.7672900552565
-17.5,-166.5,417.77537672836286
-17.5,-165.5,417.7706182089484
-17.5,-164.5,417.76505011309615
-17.5,-163.5,417.7617915711159
-17.5,-162.5,417.759763812295
-17.5,-161.5,417.76049028876446
-17.5,-160.5,417.7605400557971
-17.5,-159.5,417.7227478561327
-17.5,-158.5,417.7625482284144
-17.5,-157.5,417.7646066859018
-17.5,-156.5,417.765284235748
-17.5,-155.5,417.764670566662
-17.5,-154.5,417.7637640936076
-17.5,-153.5,417.7631993580499
-17.5,-152.5,417.7612581095003
-17.5,-151.5,417.7589398694588
-17.5,-150.5,417.7548043022243
-17.5,-149.5,417.7426219904832
-17.5,-148.5,417.7457132494402
-17.5,-147.5,417.7410751295228
-17.5,-146.5,417.7369342933535
-17.5,-145.5,417.7339787810416
-17.5,-144.5,417.7324738574293
-17.5,-143.5,417.7312486719803
-17.5,-142.5,417.7285902547216
-17.5,-141.5,417.7242442087809
-17.5,-140.5,417.717319016956
-17.5,-139.5,417.6904089876324
-17.5,-138.5,417.7033792472211
-17.5,-137.5,417.6983494029561
-17.5,-136.5,417.69249028657487
-17.5,-135.5,417.68615511729786
-17.5,-134.5,417.679781497254
-17.5,-133.5,417.67332735319474
-17.5,-132.5,417.6681515364579
-17.5,-131.5,417.6617642305663
-17.5,-130.5,417.6552007178067
-17.5,-129.5,417.64827158458206
-17.5,-128.5,417.64157129060186
-17.5,-127.5,417.6360920094006
-17.5,-126.5,417.63140653610185
-17.5,-125.5,417.6245816133457
-17.5,-124.5,417.6185835017844
-17.5,-123.5,417.6127403285208
-17.5,-122.5,417.60817648309126
-17.5,-121.5,417.6044973573299
-17.5,-120.5,417.60149882413856
-17.5,-119.5,417.5887303394959
-17.5,-118.5,417.5967480944892
-17.5,-117.5,417.5960673331393
-17.5,-116.5,417.59753058169247
-17.5,-115.5,417.5985831573747
-17.5,-114.5,417.6018530103598
-17.5,-113.5,417.5960847894877
-17.5,-112.5,417.6048583145933
-17.5,-111.5,417.60555126811767
-17.5,-110.5,417.6057757570501
-17.5,-109.5,417.6073258140953
-17.5,-108.5,417.6104479509761
-17.5,-107.5,417.61516848504687
-17.5,-106.5,417.62131650498543
-17.5,-105.5,417.6284949281887
-17.5,-104.5,417.635842249619
-17.5,-103.5,417.6415045876808
-17.5,-102.5,417.6478966137108
-17.5,-101.5,417.65373770496615
-17.5,-100.5,417.65944685969504
-17.5,-99.5,417.6670604399784
-17.5,-98.5,417.6735768729173
-17.5,-97.5,417.6817282386079
-17.5,-96.5,417.67904858996246
-17.5,-95.5,417.6984996915487
-17.5,-94.5,417.7073045688052
-17.5,-93.5,417.7124033381533
-17.5,-92.5,417.7156417534176
-17.5,-91.5,417.71915267526936
-17.5,-90.5,417.7220223603593
-17.5,-89.5,417.7262410281277
-17.5,-88.5,417.7268120886482
-17.5,-87.5,417.7266808299938
-17.5,-86.5,417.7277421860071
-17.5,-85.5,417.7298560237824
-17.5,-84.5,417.7333037654616
-17.5,-83.5,417.73956181890446
-17.5,-82.5,417.7486057228575
-17.5,-81.5,417.7603838112503
-17.5,-80.5,417.776236095548
-17.5,-79.5,417.7975225227049
-17.5,-78.5,417.8179944928425
-17.5,-77.5,417.8423764009197
-17.5,-76.5,417.8691131190938
-17.5,-75.5,417.8950220171757
-17.5,-74.5,417.9168726190951
-17.5,-73.5,417.93642790116456
-17.5,-72.5,417.9580557489825
-17.5,-71.5,417.931478558231
-17.5,-70.5,417.8186192932562
-17.5,-69.5,417.7410090706254
-17.5,-68.5,417.7948879013918
-17.5,-67.5,417.7859717445263
-17.5,-66.5,417.8193310916712
-17.5,-65.5,417.9090888163318
-17.5,-64.5,417.9906441821691
-17.5,-63.5,418.0682677280944
-17.5,-62.5,418.1544933517773
-17.5,-61.5,418.15776635704464
-17.5,-60.5,418.1538045473309
-17.5,-59.5,418.0842903370768
-17.5,-58.5,418.0121932514139
-17.5,-57.5,418.0086783872752
-17.5,-56.5,417.9687728996598
-17.5,-55.5,417.9220728526179
-17.5,-54.5,417.7994591387189
-17.5,-53.5,417.7177203057458
-17.5,-52.5,417.7231705786297
-17.5,-51.5,417.715860309176
-17.5,-50.5,417.7405505761722
-17.5,-49.5,417.7591172299977
-17.5,-48.5,417.7660269569684
-17.5,-47.5,417.8040393614786
-17.5,-46.5,417.9208347531921
-17.5,-45.5,417.91820437708895
-17.5,-44.5,417.9074583871037
-17.5,-43.5,417.8723085071345
-17.5,-42.5,417.8941208854575
-17.5,-41.5,417.7978078517608
-17.5,-40.5,417.8844594766849
-17.5,-39.5,417.87199602229407
-17.5,-38.5,417.765108626496
-17.5,-37.5,417.7454493947959
-17.5,-36.5,417.73252631877887
-17.5,-35.5,417.7206316093233
-17.5,-34.5,417.7078878279845
-17.5,-33.5,417.69876704098266
-17.5,-32.5,417.6911113900183
-17.5,-31.5,417.6835810783904
-17.5,-30.5,417.6755447273845
-17.5,-29.5,417.66767157565897
-17.5,-28.5,417.6605632882259
-17.5,-27.5,417.6561050675239
-17.5,-26.5,417.6556736563397
-17.5,-25.5,417.6562329024836
-17.5,-24.5,417.6560051233133
-17.5,-23.5,417.6554180384882
-17.5,-22.5,417.65720296285593
-17.5,-21.5,417.65808171965085
-17.5,-20.5,417.658806991068
-17.5,-19.5,417.657554513206
-17.5,-18.5,417.653867074376
-17.5,-17.5,417.6480616244238
-17.5,-16.5,417.6404124351735
-17.5,-15.5,417.6350626992636
-17.5,-14.5,417.631728309803
-17.5,-13.5,417.6294187427532
-17.5,-12.5,417.62824776067407
-17.5,-11.5,417.6260753950527
-17.5,-10.5,417.6236162181097
-17.5,-9.5,417.6213311847944
-17.5,-8.5,417.618817118468
-17.5,-7.5,417.6148624938255
-17.5,-6.5,417.6091359209743
-17.5,-5.5,417.6027856764088
-17.5,-4.5,417.5981312714748
-17.5,-3.5,417.5972057641951
-17.5,-2.5,417.59645214651385
-17.5,-1.5,417.5946537546982
-17.5,-0.5,417.593517054057
-17.5,0.5,417.5935630583471
-17.5,1.5,417.5946633024857
-17.5,2.5,417.5934615422669
-17.5,3.5,417.5940580971314
-17.5,4.5,417.5995641946195
-17.5,5.5,417.60953531809935
-17.5,6.5,417.6229266196564
-17.5,7.5,417.63796374623325
-17.5,8.5,417.6542587037501
-17.5,9.5,417.676254474832
-17.5,10.5,417.7059023983767
-17.5,11.5,417.7450787697632
-17.5,12.5,417.7511854088149
-17.5,13.5,417.8468085701992
-17.5,14.5,417.9293180032845
-17.5,15.5,418.0306785560931
-17.5,16.5,418.09586400862514
-17.5,17.5,418.1515066845482
-17.5,18.5,418.1151804884784
-17.5,19.5,418.0511801493184
-17.5,20.5,418.0021795683579
-17.5,21.5,417.9315462682752
-17.5,22.5,417.8758377723013
-17.5,23.5,417.82312345009336
-17.5,24.5,417.75830052166384
-17.5,25.5,417.69197301945
-17.5,26.5,417.6369923847493
-17.5,27.5,417.6526668178288
-17.5,28.5,417.5739944916541
-17.5,29.5,417.5238746127829
-17.5,30.5,417.4373654792234
-17.5,31.5,417.4113524832291
-17.5,32.5,417.3848558294965
-17.5,33.5,417.4418917398961
-17.5,34.5,417.53829174725126
-17.5,35.5,417.6112502296288
-17.5,36.5,417.6511304967663
-17.5,37.5,417.6668389906529
-17.5,38.5,417.6767973906865
-17.5,39.5,417.6993166310201
-17.5,40.5,417.73773497926334
-17.5,41.5,417.7873750050232
-17.5,42.5,417.8398369487004
-17.5,43.5,417.898971223068
-17.5,44.5,417.9615763253213
-17.5,45.5,417.8830770896932
-17.5,46.5,417.8213033006602
-17.5,47.5,417.7396928357979
-17.5,48.5,417.7109057845262
-17.5,49.5,417.680123408819
-17.5,50.5,417.6433276778725
-17.5,51.5,417.62892322239406
-17.5,52.5,417.6197145500422
-17.5,53.5,417.6112282024368
-17.5,54.5,417.603687677888
-17.5,55.5,417.6021231825528
-17.5,56.5,417.60012024875294
-17.5,57.5,417.5995522966781
-17.5,58.5,417.5983057937297
-17.5,59.5,417.590507067498
-17.5,60.5,417.5832180724682
-17.5,61.5,417.5825112379573
-17.5,62.5,417.5773798813103
-17.5,63.5,417.5755787612678
-17.5,64.5,417.5735431132293
-17.5,65.5,417.57268020269385
-17.5,66.5,417.5725327792088
-17.5,67.5,417.5716396820325
-17.5,68.5,417.5701360059266
-17.5,69.5,417.56772114751897
-17.5,70.5,417.5647102674196
-17.5,71.5,417.5605927161453
-17.5,72.5,417.5553452282584
-17.5,73.5,417.55196724670174
-17.5,74.5,417.5552244080649
-17.5,75.5,417.5597637280839
-17.5,76.5,417.56498446418766
-17.5,77.5,417.5701761963746
-17.5,78.5,417.5716475595643
-17.5,79.5,417.5734756067151
-17.5,80.5,417.5792260402169
-17.5,81.5,417.5814410677082
-17.5,82.5,417.5842457478408
-17.5,83.5,417.5844286995716
-17.5,84.5,417.5848278871814
-17.5,85.5,417.5864967662
-17.5,86.5,417.5877821020937
-17.5,87.5,417.5882939809508
-17.5,88.5,417.5915821975997
-17.5,89.5,417.5940454939991
-17.5,90.5,417.5962414529002
-17.5,91.5,417.5988595598737
-17.5,92.5,417.6031165661429
-17.5,93.5,417.60709496059866
-17.5,94.5,417.6107305411837
-17.5,95.5,417.6113348774866
-17.5,96.5,417.612890098558
-17.5,97.5,417.6154184166201
-17.5,98.5,417.6175631414269
-17.5,99.5,417.61810917785147
-17.5,100.5,417.615826470212
-17.5,101.5,417.61269498714086
-17.5,102.5,417.60877925008725
-17.5,103.5,417.6092129360324
-17.5,104.5,417.6124953446391
-17.5,105.5,417.61281285138114
-17.5,106.5,417.6104465907957
-17.5,107.5,417.60601407023154
-17.5,108.5,417.6062573158662
-17.5,109.5,417.6067897965356
-17.5,110.5,417.6029255036871
-17.5,111.5,417.59546346520347
-17.5,112.5,417.58913833181407
-17.5,113.5,417.5823921601056
-17.5,114.5,417.5721401587813
-17.5,115.5,417.5591788386839
-17.5,116.5,417.5443215355695
-17.5,117.5,417.5301246224232
-17.5,118.5,417.5160882232327
-17.5,119.5,417.4993538409777
-17.5,120.5,417.4784195627911
-17.5,121.5,417.45531745719495
-17.5,122.5,417.4353277226341
-17.5,123.5,417.4144075553024
-17.5,124.5,417.39837290315967
-17.5,125.5,417.3826978284254
-17.5,126.5,417.3665991858383
-17.5,127.5,417.3662955471188
-17.5,128.5,417.34325090570655
-17.5,129.5,417.3107827476516
-17.5,130.5,417.2925280641557
-17.5,131.5,417.2678596174465
-17.5,132.5,417.2407524429096
-17.5,133.5,417.2171728936576
-17.5,134.5,417.2045925381817
-17.5,135.5,417.19423656689673
-17.5,136.5,417.1780984065682
-17.5,137.5,417.181092194323
-17.5,138.5,417.10821012405256
-17.5,139.5,417.1685609019118
-17.5,140.5,417.25740514853726
-17.5,141.5,417.0961836134727
-17.5,142.5,417.2288896618944
-17.5,143.5,417.2495370102204
-17.5,144.5,417.2998452021945
-17.5,145.5,417.40450334405074
-17.5,146.5,417.4787607556167
-17.5,147.5,417.5012552127602
-17.5,148.5,417.5255127555628
-17.5,149.5,417.54251671993774
-17.5,150.5,417.553977526066
-17.5,151.5,417.5439469028507
-17.5,152.5,417.5632160160849
-17.5,153.5,417.56632136991567
-17.5,154.5,417.57501897472855
-17.5,155.5,417.5883578973608
-17.5,156.5,417.6090268592776
-17.5,157.5,417.6284873751999
-17.5,158.5,417.6433567313755
-17.5,159.5,417.65635261945744
-17.5,160.5,417.6688099647973
-17.5,161.5,417.6820279937312
-17.5,162.5,417.69058994237946
-17.5,163.5,417.7019947215679
-17.5,164.5,417.7054605808058
-17.5,165.5,417.72440321984834
-17.5,166.5,417.735541461196
-17.5,167.5,417.74111738388063
-17.5,168.5,417.7529256012064
-17.5,169.5,417.7613573610229
-17.5,170.5,417.7718772858165
-17.5,171.5,417.785253106016
-17.5,172.5,417.79087197667263
-17.5,173.5,417.8072474028258
-17.5,174.5,417.8140585226417
-17.5,175.5,417.8095786978794
-17.5,176.5,417.8101650405476
-17.5,177.5,417.80979153714
-17.5,178.5,417.8025754127135
-17.5,179.5,417.7837707662324
-16.5,-179.5,417.82836679364937
-16.5,-178.5,417.8326852188698
-16.5,-177.5,417.8396766889318
-16.5,-176.5,417.846855484639
-16.5,-175.5,417.8483206896311
-16.5,-174.5,417.84916599789113
-16.5,-173.5,417.8482959471384
-16.5,-172.5,417.8473737772446
-16.5,-171.5,417.8448981166633
-16.5,-170.5,417.8182943200319
-16.5,-169.5,417.8178011035147
-16.5,-168.5,417.8137630574347
-16.5,-167.5,417.8080613089714
-16.5,-166.5,417.8028066498159
-16.5,-165.5,417.7805542368802
-16.5,-164.5,417.8045499181993
-16.5,-163.5,417.80263646193214
-16.5,-162.5,417.801467367021
-16.5,-161.5,417.8014391102733
-16.5,-160.5,417.8014451877097
-16.5,-159.5,417.8033446106722
-16.5,-158.5,417.8051707725394
-16.5,-157.5,417.8067927265463
-16.5,-156.5,417.80751409848654
-16.5,-155.5,417.80902793484177
-16.5,-154.5,417.8085242757225
-16.5,-153.5,417.80766240362766
-16.5,-152.5,417.8060606985795
-16.5,-151.5,417.80082206300295
-16.5,-150.5,417.79418716597706
-16.5,-149.5,417.7916379343643
-16.5,-148.5,417.78684488223286
-16.5,-147.5,417.7825147727141
-16.5,-146.5,417.778873836996
-16.5,-145.5,417.7768686173243
-16.5,-144.5,417.7754355494927
-16.5,-143.5,417.77345992168375
-16.5,-142.5,417.76983291959885
-16.5,-141.5,417.7645546649268
-16.5,-140.5,417.7581773317462
-16.5,-139.5,417.75289162314624
-16.5,-138.5,417.74709777236666
-16.5,-137.5,417.7416817508824
-16.5,-136.5,417.7370573441752
-16.5,-135.5,417.73216646830537
-16.5,-134.5,417.7261701095638
-16.5,-133.5,417.71962360883583
-16.5,-132.5,417.7126473492575
-16.5,-131.5,417.7054725035104
-16.5,-130.5,417.69904419906845
-16.5,-129.5,417.6927449100077
-16.5,-128.5,417.686420932092
-16.5,-127.5,417.68076750831744
-16.5,-126.5,417.6759950374408
-16.5,-125.5,417.6710777736454
-16.5,-124.5,417.66496680645344
-16.5,-123.5,417.65772931472327
-16.5,-122.5,417.6400056515824
-16.5,-121.5,417.648918839323
-16.5,-120.5,417.6465639090369
-16.5,-119.5,417.644688612288
-16.5,-118.5,417.64421892982494
-16.5,-117.5,417.6446152704918
-16.5,-116.5,417.6486264003752
-16.5,-115.5,417.6522579877243
-16.5,-114.5,417.6542644266217
-16.5,-113.5,417.6561817878938
-16.5,-112.5,417.6565620072705
-16.5,-111.5,417.65573225020296
-16.5,-110.5,417.6541212689928
-16.5,-109.5,417.6564928989317
-16.5,-108.5,417.6611001989905
-16.5,-107.5,417.6633705190719
-16.5,-106.5,417.67437430271536
-16.5,-105.5,417.6812889147205
-16.5,-104.5,417.6902212174063
-16.5,-103.5,417.69705948703546
-16.5,-102.5,417.70449266260334
-16.5,-101.5,417.7111272955887
-16.5,-100.5,417.71613812581296
-16.5,-99.5,417.7216776050194
-16.5,-98.5,417.7287482105986
-16.5,-97.5,417.7391186741382
-16.5,-96.5,417.7477012422651
-16.5,-95.5,417.7570482875543
-16.5,-94.5,417.76584386414834
-16.5,-93.5,417.7718199339637
-16.5,-92.5,417.7743594273092
-16.5,-91.5,417.7775631983232
-16.5,-90.5,417.7803121835053
-16.5,-89.5,417.78193401007326
-16.5,-88.5,417.7814657624653
-16.5,-87.5,417.7795418604425
-16.5,-86.5,417.7802271043181
-16.5,-85.5,417.7825606941236
-16.5,-84.5,417.7872826698501
-16.5,-83.5,417.7987960562583
-16.5,-82.5,417.811808414122
-16.5,-81.5,417.8271841096921
-16.5,-80.5,417.8437052323253
-16.5,-79.5,417.8620436522161
-16.5,-78.5,417.8833009957643
-16.5,-77.5,417.908621135101
-16.5,-76.5,417.9357783549864
-16.5,-75.5,417.9611747087746
-16.5,-74.5,417.9752019772528
-16.5,-73.5,417.98985703391975
-16.5,-72.5,418.00214904563205
-16.5,-71.5,417.9513105746315
-16.5,-70.5,417.7938508068642
-16.5,-69.5,417.7688947649395
-16.5,-68.5,417.8502570796294
-16.5,-67.5,418.00508831822816
-16.5,-66.5,418.0232016481256
-16.5,-65.5,418.2124119043589
-16.5,-64.5,418.2989657333084
-16.5,-63.5,418.3093733665444
-16.5,-62.5,418.2589019924884
-16.5,-61.5,418.2866918614954
-16.5,-60.5,418.29810543165024
-16.5,-59.5,418.194645961528
-16.5,-58.5,418.1111519748138
-16.5,-57.5,418.0769650003821
-16.5,-56.5,418.0570229289746
-16.5,-55.5,417.9992131477034
-16.5,-54.5,417.9165461726057
-16.5,-53.5,417.9163847834442
-16.5,-52.5,417.9269802144328
-16.5,-51.5,417.8933096942992
-16.5,-50.5,417.8846718318461
-16.5,-49.5,417.86400572466505
-16.5,-48.5,417.888682863249
-16.5,-47.5,417.9490739027852
-16.5,-46.5,418.0402002585439
-16.5,-45.5,418.0686601876026
-16.5,-44.5,418.01861687870576
-16.5,-43.5,417.9954575931144
-16.5,-42.5,417.9861037915579
-16.5,-41.5,417.9723963060063
-16.5,-40.5,417.9448032883988
-16.5,-39.5,417.8403313407989
-16.5,-38.5,417.81719191546887
-16.5,-37.5,417.80018310937726
-16.5,-36.5,417.7847325684012
-16.5,-35.5,417.7713077877687
-16.5,-34.5,417.7582601273165
-16.5,-33.5,417.7483166384271
-16.5,-32.5,417.7399297965786
-16.5,-31.5,417.7306478849468
-16.5,-30.5,417.7218869680616
-16.5,-29.5,417.70415109666624
-16.5,-28.5,417.7113758889628
-16.5,-27.5,417.70915661605767
-16.5,-26.5,417.7087746608158
-16.5,-25.5,417.7088494645822
-16.5,-24.5,417.7070094171586
-16.5,-23.5,417.7052391368143
-16.5,-22.5,417.70525479378233
-16.5,-21.5,417.7057299285952
-16.5,-20.5,417.7040208460844
-16.5,-19.5,417.7004178937215
-16.5,-18.5,417.6943340452938
-16.5,-17.5,417.68671865421817
-16.5,-16.5,417.6791743327892
-16.5,-15.5,417.6743795922422
-16.5,-14.5,417.6714985970042
-16.5,-13.5,417.6693321148154
-16.5,-12.5,417.667482769925
-16.5,-11.5,417.66508250196506
-16.5,-10.5,417.662779320152
-16.5,-9.5,417.6602674142444
-16.5,-8.5,417.6572552075792
-16.5,-7.5,417.65253296823175
-16.5,-6.5,417.6445423803104
-16.5,-5.5,417.6363344146452
-16.5,-4.5,417.6310537249038
-16.5,-3.5,417.6244039865105
-16.5,-2.5,417.6240910534594
-16.5,-1.5,417.6214002705993
-16.5,-0.5,417.6209708801251
-16.5,0.5,417.62144282994274
-16.5,1.5,417.6225352650623
-16.5,2.5,417.62472201640594
-16.5,3.5,417.6290625646589
-16.5,4.5,417.6348578203724
-16.5,5.5,417.6425933224088
-16.5,6.5,417.6530757571085
-16.5,7.5,417.6616937442749
-16.5,8.5,417.6726435600005
-16.5,9.5,417.69203812011887
-16.5,10.5,417.7168350883507
-16.5,11.5,417.7445561271202
-16.5,12.5,417.76286808969166
-16.5,13.5,417.80887598579153
-16.5,14.5,417.88067194909286
-16.5,15.5,417.9623135356799
-16.5,16.5,418.0115080676878
-16.5,17.5,418.0243505388711
-16.5,18.5,417.9622496934525
-16.5,19.5,417.91554338460605
-16.5,20.5,417.8914720629495
-16.5,21.5,417.81912199709774
-16.5,22.5,417.7542504613679
-16.5,23.5,417.71971524489953
-16.5,24.5,417.68576462830873
-16.5,25.5,417.6548322942384
-16.5,26.5,417.580509006281
-16.5,27.5,417.5918584258913
-16.5,28.5,417.5785339479322
-16.5,29.5,417.49045337025206
-16.5,30.5,417.4992953055736
-16.5,31.5,417.48779613221006
-16.5,32.5,417.5209430979132
-16.5,33.5,417.5762815844327
-16.5,34.5,417.6604336538862
-16.5,35.5,417.69545691025
-16.5,36.5,417.7371137751783
-16.5,37.5,417.77845676834136
-16.5,38.5,417.78728400079126
-16.5,39.5,417.7727790483584
-16.5,40.5,417.7785523689074
-16.5,41.5,417.8301862764346
-16.5,42.5,417.8815853824151
-16.5,43.5,417.9279493282201
-16.5,44.5,417.9642730454256
-16.5,45.5,417.95818574737626
-16.5,46.5,417.9102159332065
-16.5,47.5,417.8726983115864
-16.5,48.5,417.744097300189
-16.5,49.5,417.7256061627173
-16.5,50.5,417.673981925585
-16.5,51.5,417.6532087206077
-16.5,52.5,417.64482690117046
-16.5,53.5,417.63518705061847
-16.5,54.5,417.6288700306174
-16.5,55.5,417.6236257178251
-16.5,56.5,417.6243509842517
-16.5,57.5,417.6212691190003
-16.5,58.5,417.6205193226345
-16.5,59.5,417.61422450028425
-16.5,60.5,417.6122365116216
-16.5,61.5,417.6086539538622
-16.5,62.5,417.6065279344156
-16.5,63.5,417.6051848477009
-16.5,64.5,417.6046750607181
-16.5,65.5,417.60475647652936
-16.5,66.5,417.60409627018
-16.5,67.5,417.6025575636935
-16.5,68.5,417.5976445755023
-16.5,69.5,417.5915832629216
-16.5,70.5,417.5857952707463
-16.5,71.5,417.5809534155527
-16.5,72.5,417.5779369797895
-16.5,73.5,417.5782922666252
-16.5,74.5,417.5829639743773
-16.5,75.5,417.58907471919366
-16.5,76.5,417.59365595762057
-16.5,77.5,417.5949766780871
-16.5,78.5,417.5971596225603
-16.5,79.5,417.5990171079585
-16.5,80.5,417.6027333204008
-16.5,81.5,417.6052863607207
-16.5,82.5,417.6053547024852
-16.5,83.5,417.6072504391274
-16.5,84.5,417.6094752089821
-16.5,85.5,417.610140371552
-16.5,86.5,417.6110773910431
-16.5,87.5,417.6126060582554
-16.5,88.5,417.6153298427696
-16.5,89.5,417.618279153124
-16.5,90.5,417.6227920722381
-16.5,91.5,417.6283446417018
-16.5,92.5,417.63334290601136
-16.5,93.5,417.6382198412366
-16.5,94.5,417.6398523688667
-16.5,95.5,417.6413515302064
-16.5,96.5,417.6448907077416
-16.5,97.5,417.6475273086333
-16.5,98.5,417.6492050021527
-16.5,99.5,417.6481054616158
-16.5,100.5,417.6460229259276
-16.5,101.5,417.64497671281055
-16.5,102.5,417.6455617883591
-16.5,103.5,417.6459537112793
-16.5,104.5,417.64527228022473
-16.5,105.5,417.6391098952753
-16.5,106.5,417.63198532484734
-16.5,107.5,417.6281540718492
-16.5,108.5,417.6273978043127
-16.5,109.5,417.6255009641096
-16.5,110.5,417.61885534839377
-16.5,111.5,417.6136101160415
-16.5,112.5,417.6091796064479
-16.5,113.5,417.6014038906785
-16.5,114.5,417.5850211605344
-16.5,115.5,417.5642937662129
-16.5,116.5,417.5452175096336
-16.5,117.5,417.5280799340941
-16.5,118.5,417.5142605079873
-16.5,119.5,417.4993834336109
-16.5,120.5,417.47626557393374
-16.5,121.5,417.4499290084037
-16.5,122.5,417.4250360493926
-16.5,123.5,417.3900503236004
-16.5,124.5,417.3574192012128
-16.5,125.5,417.3465914135276
-16.5,126.5,417.3721568133087
-16.5,127.5,417.3645224810483
-16.5,128.5,417.3243529505419
-16.5,129.5,417.2765312717119
-16.5,130.5,417.253129103844
-16.5,131.5,417.22275151960696
-16.5,132.5,417.1973588210302
-16.5,133.5,417.1994688113963
-16.5,134.5,417.2097823952894
-16.5,135.5,417.2265659544238
-16.5,136.5,417.2400599583732
-16.5,137.5,417.2693697260141
-16.5,138.5,417.32130534387466
-16.5,139.5,417.3257831775321
-16.5,140.5,417.3206638461654
-16.5,141.5,417.2787963320423
-16.5,142.5,417.2710407348022
-16.5,143.5,417.2982612148911
-16.5,144.5,417.3504702454424
-16.5,145.5,417.4636464130329
-16.5,146.5,417.5430106612874
-16.5,147.5,417.5651746155759
-16.5,148.5,417.5882037431232
-16.5,149.5,417.6022294634244
-16.5,150.5,417.6152173026316
-16.5,151.5,417.6250380497617
-16.5,152.5,417.6321415263219
-16.5,153.5,417.6401465782722
-16.5,154.5,417.637270614816
-16.5,155.5,417.66872999286375
-16.5,156.5,417.6856025159251
-16.5,157.5,417.70525818595047
-16.5,158.5,417.72032138141225
-16.5,159.5,417.7201958314338
-16.5,160.5,417.7402662537485
-16.5,161.5,417.7506357571669
-16.5,162.5,417.7631252822372
-16.5,163.5,417.7670273838587
-16.5,164.5,417.7783419665194
-16.5,165.5,417.7991770410478
-16.5,166.5,417.8176247391332
-16.5,167.5,417.8300202322708
-16.5,168.5,417.8373459428578
-16.5,169.5,417.8521843020909
-16.5,170.5,417.8570845467393
-16.5,171.5,417.8707373783093
-16.5,172.5,417.8778905734945
-16.5,173.5,417.8824563559712
-16.5,174.5,417.8804505784847
-16.5,175.5,417.8757722950911
-16.5,176.5,417.864095776947
-16.5,177.5,417.8625166312285
-16.5,178.5,417.8423379983479
-16.5,179.5,417.8269418981793
-15.5,-179.5,417.900818269716
-15.5,-178.5,417.9011747659858
-15.5,-177.5,417.9017262386597
-15.5,-176.5,417.90201778913735
-15.5,-175.5,417.9021808883665
-15.5,-174.5,417.8999673443335
-15.5,-173.5,417.8949336477044
-15.5,-172.5,417.8907088174487
-15.5,-171.5,417.8621103697534
-15.5,-170.5,417.86226327905536
-15.5,-169.5,417.8608347753282
-15.5,-168.5,417.8554142228248
-15.5,-167.5,417.8480661512471
-15.5,-166.5,417.8443320050111
-15.5,-165.5,417.846486421322
-15.5,-164.5,417.845656810506
-15.5,-163.5,417.843523914092
-15.5,-162.5,417.8417124571858
-15.5,-161.5,417.8403582974593
-15.5,-160.5,417.84026823172695
-15.5,-159.5,417.84220263673336
-15.5,-158.5,417.8456287919446
-15.5,-157.5,417.845964925382
-15.5,-156.5,417.84545047478935
-15.5,-155.5,417.84500070428845
-15.5,-154.5,417.8456848136877
-15.5,-153.5,417.84526163739633
-15.5,-152.5,417.84195455714064
-15.5,-151.5,417.83809034354897
-15.5,-150.5,417.8344779733656
-15.5,-149.5,417.8313137618093
-15.5,-148.5,417.8274667442095
-15.5,-147.5,417.8235114109984
-15.5,-146.5,417.82094713530194
-15.5,-145.5,417.8215528085548
-15.5,-144.5,417.81990611066647
-15.5,-143.5,417.81742981119726
-15.5,-142.5,417.8134303732749
-15.5,-141.5,417.8070054707546
-15.5,-140.5,417.800776655761
-15.5,-139.5,417.7954969436945
-15.5,-138.5,417.7903316869075
-15.5,-137.5,417.7854558042706
-15.5,-136.5,417.7589499109387
-15.5,-135.5,417.7767758153535
-15.5,-134.5,417.7708165948324
-15.5,-133.5,417.76351787685326
-15.5,-132.5,417.7563123379778
-15.5,-131.5,417.7494822358565
-15.5,-130.5,417.74334759116215
-15.5,-129.5,417.72148406683857
-15.5,-128.5,417.730986243971
-15.5,-127.5,417.7249394445928
-15.5,-126.5,417.70522255984906
-15.5,-125.5,417.71368135693416
-15.5,-124.5,417.7076533538197
-15.5,-123.5,417.7020695172214
-15.5,-122.5,417.6966491487507
-15.5,-121.5,417.69376624892095
-15.5,-120.5,417.69277530154784
-15.5,-119.5,417.6931554571838
-15.5,-118.5,417.6944468063752
-15.5,-117.5,417.6980279094129
-15.5,-116.5,417.7021671897207
-15.5,-115.5,417.70423416396966
-15.5,-114.5,417.70518196206166
-15.5,-113.5,417.70482241692457
-15.5,-112.5,417.7036413477036
-15.5,-111.5,417.7033006518414
-15.5,-110.5,417.70523924989806
-15.5,-109.5,417.7098951792698
-15.5,-108.5,417.7165948476553
-15.5,-107.5,417.7257625002388
-15.5,-106.5,417.7331960142329
-15.5,-105.5,417.7409738993256
-15.5,-104.5,417.7483239832152
-15.5,-103.5,417.7560867750932
-15.5,-102.5,417.7632708709413
-15.5,-101.5,417.769601380547
-15.5,-100.5,417.7771525598331
-15.5,-99.5,417.7851581275761
-15.5,-98.5,417.79399363017546
-15.5,-97.5,417.7913156181973
-15.5,-96.5,417.81060076908136
-15.5,-95.5,417.8188524978456
-15.5,-94.5,417.8263511155916
-15.5,-93.5,417.83014587840506
-15.5,-92.5,417.8326174555796
-15.5,-91.5,417.8346293012576
-15.5,-90.5,417.83599372947936
-15.5,-89.5,417.83556929734726
-15.5,-88.5,417.8343706908518
-15.5,-87.5,417.8331899235226
-15.5,-86.5,417.834757628861
-15.5,-85.5,417.83947827698825
-15.5,-84.5,417.8490211501358
-15.5,-83.5,417.8623498497767
-15.5,-82.5,417.877994501304
-15.5,-81.5,417.89384427350217
-15.5,-80.5,417.90942510846975
-15.5,-79.5,417.9288668057071
-15.5,-78.5,417.9520220429755
-15.5,-77.5,417.977926616676
-15.5,-76.5,418.001173412454
-15.5,-75.5,418.01096256693097
-15.5,-74.5,418.0109353802296
-15.5,-73.5,417.7728635299076
-15.5,-72.5,417.72442879140624
-15.5,-71.5,417.7743461825549
-15.5,-70.5,417.82552643109625
-15.5,-69.5,417.8601094913722
-15.5,-68.5,417.9537851238688
-15.5,-67.5,418.17977737506055
-15.5,-66.5,418.22558568374217
-15.5,-65.5,418.48210909933846
-15.5,-64.5,418.38308984483217
-15.5,-63.5,418.4302542040057
-15.5,-62.5,418.3892574349899
-15.5,-61.5,418.37370280612055
-15.5,-60.5,418.3170495679934
-15.5,-59.5,418.2255451878666
-15.5,-58.5,418.17693655685343
-15.5,-57.5,418.1797367671196
-15.5,-56.5,418.1893983984356
-15.5,-55.5,418.090290041794
-15.5,-54.5,418.0406482970853
-15.5,-53.5,418.05705177529967
-15.5,-52.5,418.07027630590153
-15.5,-51.5,418.04393213123535
-15.5,-50.5,418.0640858565102
-15.5,-49.5,418.0356048804056
-15.5,-48.5,418.0480867628615
-15.5,-47.5,418.1046462278754
-15.5,-46.5,418.1757720161021
-15.5,-45.5,418.19038232842536
-15.5,-44.5,418.2075700643482
-15.5,-43.5,418.129171162991
-15.5,-42.5,418.0583747497116
-15.5,-41.5,418.0186636442101
-15.5,-40.5,418.0174681922721
-15.5,-39.5,417.9978626130699
-15.5,-38.5,417.87071634451206
-15.5,-37.5,417.84939495435714
-15.5,-36.5,417.8309414603334
-15.5,-35.5,417.8149199260018
-15.5,-34.5,417.8038969699894
-15.5,-33.5,417.7944648033106
-15.5,-32.5,417.78488134165696
-15.5,-31.5,417.775898571044
-15.5,-30.5,417.7685119009114
-15.5,-29.5,417.76435007863705
-15.5,-28.5,417.7631971760957
-15.5,-27.5,417.7596047302047
-15.5,-26.5,417.7570498706036
-15.5,-25.5,417.7545098066636
-15.5,-24.5,417.7525285869252
-15.5,-23.5,417.7498651693551
-15.5,-22.5,417.7496199545826
-15.5,-21.5,417.748125590423
-15.5,-20.5,417.7437244739232
-15.5,-19.5,417.7367829781317
-15.5,-18.5,417.7297172433391
-15.5,-17.5,417.7228657571303
-15.5,-16.5,417.71679360899793
-15.5,-15.5,417.7121813047824
-15.5,-14.5,417.7072333656904
-15.5,-13.5,417.7045397067531
-15.5,-12.5,417.7019281001285
-15.5,-11.5,417.6987518638243
-15.5,-10.5,417.6956236346712
-15.5,-9.5,417.6925422748996
-15.5,-8.5,417.68955567003616
-15.5,-7.5,417.68346188636286
-15.5,-6.5,417.6746276581823
-15.5,-5.5,417.6666022548477
-15.5,-4.5,417.65954171735456
-15.5,-3.5,417.6540660279658
-15.5,-2.5,417.65042041989
-15.5,-1.5,417.6484167815249
-15.5,-0.5,417.6481442719818
-15.5,0.5,417.6497190072512
-15.5,1.5,417.6531298417276
-15.5,2.5,417.6578249423082
-15.5,3.5,417.6610996862227
-15.5,4.5,417.6627805662736
-15.5,5.5,417.66543347855287
-15.5,6.5,417.6689300515054
-15.5,7.5,417.6724432872754
-15.5,8.5,417.6826753897764
-15.5,9.5,417.6990627564852
-15.5,10.5,417.7156451126896
-15.5,11.5,417.7358500290186
-15.5,12.5,417.7479345657578
-15.5,13.5,417.7527575746772
-15.5,14.5,417.7659497995602
-15.5,15.5,417.8783011860221
-15.5,16.5,417.866218097009
-15.5,17.5,417.8753484634798
-15.5,18.5,417.812034816688
-15.5,19.5,417.78379149735287
-15.5,20.5,417.73834060799766
-15.5,21.5,417.6920420121797
-15.5,22.5,417.66681510068526
-15.5,23.5,417.6453775692581
-15.5,24.5,417.6403247518641
-15.5,25.5,417.6306664909514
-15.5,26.5,417.6087873460681
-15.5,27.5,417.5682183702242
-15.5,28.5,417.5551076081402
-15.5,29.5,417.5811934640548
-15.5,30.5,417.60151074304537
-15.5,31.5,417.61308330385
-15.5,32.5,417.6749932587497
-15.5,33.5,417.67484754864313
-15.5,34.5,417.65865218238287
-15.5,35.5,417.70310407156455
-15.5,36.5,417.72873869667023
-15.5,37.5,417.7384106484676
-15.5,38.5,417.7782930542869
-15.5,39.5,417.8132234516214
-15.5,40.5,417.8479421736934
-15.5,41.5,417.8483871263744
-15.5,42.5,417.9016197329048
-15.5,43.5,417.9267852831176
-15.5,44.5,417.9397643369048
-15.5,45.5,417.93203417615285
-15.5,46.5,417.9061418318211
-15.5,47.5,417.89800096473095
-15.5,48.5,417.7925126111987
-15.5,49.5,417.7852034976222
-15.5,50.5,417.6982217555454
-15.5,51.5,417.6764863997977
-15.5,52.5,417.6668943977383
-15.5,53.5,417.6577048781186
-15.5,54.5,417.6500514026503
-15.5,55.5,417.6483801291236
-15.5,56.5,417.6453410654284
-15.5,57.5,417.6419235719629
-15.5,58.5,417.6423602220162
-15.5,59.5,417.6403272247829
-15.5,60.5,417.6374029860757
-15.5,61.5,417.6344694804554
-15.5,62.5,417.6313930737152
-15.5,63.5,417.6317120632999
-15.5,64.5,417.6299585416445
-15.5,65.5,417.6297192178276
-15.5,66.5,417.6292893216004
-15.5,67.5,417.62822815744846
-15.5,68.5,417.6223632965285
-15.5,69.5,417.6138900202619
-15.5,70.5,417.6059742075231
-15.5,71.5,417.6023377137098
-15.5,72.5,417.6017458193533
-15.5,73.5,417.6050849328131
-15.5,74.5,417.6097426100557
-15.5,75.5,417.61427016087976
-15.5,76.5,417.6179950395783
-15.5,77.5,417.61944706558006
-15.5,78.5,417.6214437738
-15.5,79.5,417.6233648405327
-15.5,80.5,417.6265572775092
-15.5,81.5,417.62924858986594
-15.5,82.5,417.6308805579538
-15.5,83.5,417.6319172280494
-15.5,84.5,417.63311978931694
-15.5,85.5,417.6347521774263
-15.5,86.5,417.6365240855521
-15.5,87.5,417.636112414709
-15.5,88.5,417.64017572204887
-15.5,89.5,417.644860764955
-15.5,90.5,417.65070365859776
-15.5,91.5,417.6583909877661
-15.5,92.5,417.6648860613092
-15.5,93.5,417.6684361890928
-15.5,94.5,417.67130682430735
-15.5,95.5,417.6726657107265
-15.5,96.5,417.6747589401341
-15.5,97.5,417.676821497612
-15.5,98.5,417.6759643828269
-15.5,99.5,417.6786691283656
-15.5,100.5,417.6803742605777
-15.5,101.5,417.68051736003935
-15.5,102.5,417.6819134839931
-15.5,103.5,417.6790256533352
-15.5,104.5,417.674029247752
-15.5,105.5,417.6651423930271
-15.5,106.5,417.6589507549671
-15.5,107.5,417.6568314966188
-15.5,108.5,417.6544185644923
-15.5,109.5,417.6519568147062
-15.5,110.5,417.64706720432855
-15.5,111.5,417.6405860827394
-15.5,112.5,417.6334908228456
-15.5,113.5,417.62185053302375
-15.5,114.5,417.6018633241154
-15.5,115.5,417.5744032987654
-15.5,116.5,417.554006253577
-15.5,117.5,417.53646737489447
-15.5,118.5,417.52043252327735
-15.5,119.5,417.5046830683677
-15.5,120.5,417.4821647676041
-15.5,121.5,417.4598040269027
-15.5,122.5,417.44016907944
-15.5,123.5,417.4130043660388
-15.5,124.5,417.3801650112309
-15.5,125.5,417.3668035462971
-15.5,126.5,417.3759803055312
-15.5,127.5,417.36058740846215
-15.5,128.5,417.31546730036894
-15.5,129.5,417.2618044780154
-15.5,130.5,417.2349130130036
-15.5,131.5,417.2202789402981
-15.5,132.5,417.2222098769468
-15.5,133.5,417.2413973344906
-15.5,134.5,417.280926261088
-15.5,135.5,417.278813378992
-15.5,136.5,417.3801716625736
-15.5,137.5,417.39409903957096
-15.5,138.5,417.3978436148505
-15.5,139.5,417.39746053962256
-15.5,140.5,417.39704902211673
-15.5,141.5,417.381230891724
-15.5,142.5,417.355744982723
-15.5,143.5,417.4153946631717
-15.5,144.5,417.49770189415534
-15.5,145.5,417.5993936500896
-15.5,146.5,417.6170778113813
-15.5,147.5,417.6230751302746
-15.5,148.5,417.6585273847022
-15.5,149.5,417.6714926184752
-15.5,150.5,417.67350415893264
-15.5,151.5,417.6962642690608
-15.5,152.5,417.7079682284581
-15.5,153.5,417.7087657816329
-15.5,154.5,417.731625969408
-15.5,155.5,417.73667344277
-15.5,156.5,417.7547517410907
-15.5,157.5,417.7704301196416
-15.5,158.5,417.79265214758107
-15.5,159.5,417.8019771600767
-15.5,160.5,417.80430946769167
-15.5,161.5,417.8259963604828
-15.5,162.5,417.8405742232114
-15.5,163.5,417.8487290254847
-15.5,164.5,417.8686688845008
-15.5,165.5,417.88146816675805
-15.5,166.5,417.9013342674146
-15.5,167.5,417.9056356532731
-15.5,168.5,417.9208118310043
-15.5,169.5,417.9285403150899
-15.5,170.5,417.9341713822708
-15.5,171.5,417.9450657424568
-15.5,172.5,417.949662692498
-15.5,173.5,417.94022007682713
-15.5,174.5,417.9363240614205
-15.5,175.5,417.9231029903515
-15.5,176.5,417.9161312543696
-15.5,177.5,417.9039947567446
-15.5,178.5,417.8937306561012
-15.5,179.5,417.9008102658711
-14.5,-179.5,417.96014386200966
-14.5,-178.5,417.9570088300009
-14.5,-177.5,417.9555374153501
-14.5,-176.5,417.9526994719823
-14.5,-175.5,417.9482309272584
-14.5,-174.5,417.9429452033783
-14.5,-173.5,417.9391277132158
-14.5,-172.5,417.93429735590337
-14.5,-171.5,417.9291761156377
-14.5,-170.5,417.9085519139598
-14.5,-169.5,417.90414015912967
-14.5,-168.5,417.8996820264462
-14.5,-167.5,417.90052995039247
-14.5,-166.5,417.89750720943226
-14.5,-165.5,417.8918110208463
-14.5,-164.5,417.88702156882846
-14.5,-163.5,417.88412959913694
-14.5,-162.5,417.882056166746
-14.5,-161.5,417.8824250169031
-14.5,-160.5,417.8823711121788
-14.5,-159.5,417.8824164284662
-14.5,-158.5,417.8817778828245
-14.5,-157.5,417.84916918479416
-14.5,-156.5,417.8785321093432
-14.5,-155.5,417.8797271639402
-14.5,-154.5,417.8805064358482
-14.5,-153.5,417.87882042581066
-14.5,-152.5,417.8767137059407
-14.5,-151.5,417.87416846176535
-14.5,-150.5,417.8737996872616
-14.5,-149.5,417.8724025972134
-14.5,-148.5,417.8698760974354
-14.5,-147.5,417.8675605732016
-14.5,-146.5,417.8655530299698
-14.5,-145.5,417.8631741964719
-14.5,-144.5,417.8605875003192
-14.5,-143.5,417.85819835689614
-14.5,-142.5,417.8554075893129
-14.5,-141.5,417.8514146178368
-14.5,-140.5,417.8463874557863
-14.5,-139.5,417.8415622253156
-14.5,-138.5,417.836373681402
-14.5,-137.5,417.8311821957624
-14.5,-136.5,417.82515959097066
-14.5,-135.5,417.8199849400389
-14.5,-134.5,417.814407679499
-14.5,-133.5,417.80793936986913
-14.5,-132.5,417.80092354974784
-14.5,-131.5,417.7946691603565
-14.5,-130.5,417.7893551380191
-14.5,-129.5,417.7829864933783
-14.5,-128.5,417.7763257277547
-14.5,-127.5,417.7698264805254
-14.5,-126.5,417.7632731390019
-14.5,-125.5,417.75668750255954
-14.5,-124.5,417.7516048924783
-14.5,-123.5,417.7471384223944
-14.5,-122.5,417.744494612285
-14.5,-121.5,417.7432194240709
-14.5,-120.5,417.7424896623293
-14.5,-119.5,417.74429865932296
-14.5,-118.5,417.7466469344518
-14.5,-117.5,417.7497227227674
-14.5,-116.5,417.7520339377376
-14.5,-115.5,417.7531916184714
-14.5,-114.5,417.7543095161158
-14.5,-113.5,417.75376379352576
-14.5,-112.5,417.75496347687874
-14.5,-111.5,417.75699471568726
-14.5,-110.5,417.7616801583758
-14.5,-109.5,417.7688311098132
-14.5,-108.5,417.7816708800955
-14.5,-107.5,417.78831368057007
-14.5,-106.5,417.79437081489726
-14.5,-105.5,417.802479206708
-14.5,-104.5,417.8111750485184
-14.5,-103.5,417.819236217394
-14.5,-102.5,417.8269442055738
-14.5,-101.5,417.83686634815
-14.5,-100.5,417.8452318718739
-14.5,-99.5,417.85404482486655
-14.5,-98.5,417.86273020400336
-14.5,-97.5,417.8700883261855
-14.5,-96.5,417.87629913999774
-14.5,-95.5,417.88195806104926
-14.5,-94.5,417.88867673035526
-14.5,-93.5,417.890777272648
-14.5,-92.5,417.8916152034689
-14.5,-91.5,417.89129583205096
-14.5,-90.5,417.8905405244268
-14.5,-89.5,417.8901150841651
-14.5,-88.5,417.8903912506536
-14.5,-87.5,417.8918299975513
-14.5,-86.5,417.8950151477608
-14.5,-85.5,417.90224739151495
-14.5,-84.5,417.91415061166674
-14.5,-83.5,417.9317442423823
-14.5,-82.5,417.9472703049965
-14.5,-81.5,417.9616512006123
-14.5,-80.5,417.977846356628
-14.5,-79.5,417.9980268999455
-14.5,-78.5,418.0258011349679
-14.5,-77.5,418.0479004040884
-14.5,-76.5,418.0536303716956
-14.5,-75.5,417.99560944677216
-14.5,-74.5,417.8265207676343
-14.5,-73.5,417.76949905073735
-14.5,-72.5,417.78666915924015
-14.5,-71.5,417.83011792285873
-14.5,-70.5,417.8619737300687
-14.5,-69.5,417.9924989778313
-14.5,-68.5,418.1687742983062
-14.5,-67.5,418.43900156109646
-14.5,-66.5,418.5401411521228
-14.5,-65.5,418.5398747711722
-14.5,-64.5,418.5308162245176
-14.5,-63.5,418.5225604431021
-14.5,-62.5,418.4941357785697
-14.5,-61.5,418.4654593075348
-14.5,-60.5,418.3752705407785
-14.5,-59.5,418.2567700109897
-14.5,-58.5,418.243219590025
-14.5,-57.5,418.2797944765344
-14.5,-56.5,418.312852345084
-14.5,-55.5,418.2619304023355
-14.5,-54.5,418.2419248229675
-14.5,-53.5,418.1980525075117
-14.5,-52.5,418.22307607242726
-14.5,-51.5,418.1018619891224
-14.5,-50.5,418.28376942756455
-14.5,-49.5,418.2586641558044
-14.5,-48.5,418.2374932120811
-14.5,-47.5,418.2516012376012
-14.5,-46.5,418.3339960354391
-14.5,-45.5,418.2961653917524
-14.5,-44.5,418.3050563673268
-14.5,-43.5,418.2429054600716
-14.5,-42.5,418.1423879175791
-14.5,-41.5,418.0931345394217
-14.5,-40.5,417.9881034819185
-14.5,-39.5,418.0077633960825
-14.5,-38.5,417.9207769059835
-14.5,-37.5,417.88607302982206
-14.5,-36.5,417.8689875711223
-14.5,-35.5,417.8545441596322
-14.5,-34.5,417.8429160826888
-14.5,-33.5,417.83415585974825
-14.5,-32.5,417.8252058377509
-14.5,-31.5,417.8179882062788
-14.5,-30.5,417.8139448666434
-14.5,-29.5,417.8107092892382
-14.5,-28.5,417.80585681639855
-14.5,-27.5,417.80328600025575
-14.5,-26.5,417.7998169807249
-14.5,-25.5,417.7974699273807
-14.5,-24.5,417.79430600722606
-14.5,-23.5,417.7915224267614
-14.5,-22.5,417.7891143209555
-14.5,-21.5,417.7860318875201
-14.5,-20.5,417.78141297821486
-14.5,-19.5,417.7751839541789
-14.5,-18.5,417.7670438657765
-14.5,-17.5,417.7594334077902
-14.5,-16.5,417.753967243937
-14.5,-15.5,417.74998792867984
-14.5,-14.5,417.74484778426086
-14.5,-13.5,417.7412946578361
-14.5,-12.5,417.7376398564339
-14.5,-11.5,417.732326215994
-14.5,-10.5,417.7267076345663
-14.5,-9.5,417.7215057871778
-14.5,-8.5,417.7168708118117
-14.5,-7.5,417.7113319180802
-14.5,-6.5,417.7044083846892
-14.5,-5.5,417.69674151449175
-14.5,-4.5,417.6896749902518
-14.5,-3.5,417.6795386389185
-14.5,-2.5,417.68124732637415
-14.5,-1.5,417.6800246270037
-14.5,-0.5,417.67907727716926
-14.5,0.5,417.6815896616644
-14.5,1.5,417.6850098077848
-14.5,2.5,417.68770277542654
-14.5,3.5,417.687966794234
-14.5,4.5,417.6858549196614
-14.5,5.5,417.6821862988492
-14.5,6.5,417.6790012382538
-14.5,7.5,417.68160058360667
-14.5,8.5,417.68978982482855
-14.5,9.5,417.69718420012657
-14.5,10.5,417.7060757821749
-14.5,11.5,417.7233219496187
-14.5,12.5,417.7182448131947
-14.5,13.5,417.71923431652834
-14.5,14.5,417.7081181493971
-14.5,15.5,417.74539985944193
-14.5,16.5,417.74749808521545
-14.5,17.5,417.7305659760067
-14.5,18.5,417.6869548376012
-14.5,19.5,417.66784575624274
-14.5,20.5,417.6382624477946
-14.5,21.5,417.5989010625512
-14.5,22.5,417.5697812816467
-14.5,23.5,417.5774919117553
-14.5,24.5,417.5949279367356
-14.5,25.5,417.610484757692
-14.5,26.5,417.6231615275802
-14.5,27.5,417.6168438746186
-14.5,28.5,417.62069917344775
-14.5,29.5,417.63874099103447
-14.5,30.5,417.6478212420735
-14.5,31.5,417.6288361293155
-14.5,32.5,417.6669595351345
-14.5,33.5,417.6787750105925
-14.5,34.5,417.6739694957563
-14.5,35.5,417.80230205391007
-14.5,36.5,417.8613626263549
-14.5,37.5,417.858909459855
-14.5,38.5,417.8505965144026
-14.5,39.5,417.86219990807433
-14.5,40.5,417.8806448522288
-14.5,41.5,417.8872569329186
-14.5,42.5,417.91546599506273
-14.5,43.5,417.9237890260399
-14.5,44.5,417.9155844828146
-14.5,45.5,417.9062763952819
-14.5,46.5,417.9053607543608
-14.5,47.5,417.9357577510783
-14.5,48.5,417.8915173977312
-14.5,49.5,417.7961703623384
-14.5,50.5,417.7338725075754
-14.5,51.5,417.6975654479376
-14.5,52.5,417.68752610480783
-14.5,53.5,417.6792785506851
-14.5,54.5,417.6725389657364
-14.5,55.5,417.6709089026773
-14.5,56.5,417.6681077837681
-14.5,57.5,417.66498015739256
-14.5,58.5,417.6613740834261
-14.5,59.5,417.66176132269993
-14.5,60.5,417.6601428045984
-14.5,61.5,417.6561465814051
-14.5,62.5,417.65322419126375
-14.5,63.5,417.651276078814
-14.5,64.5,417.6486945265623
-14.5,65.5,417.6481655935955
-14.5,66.5,417.6490405392724
-14.5,67.5,417.6484608504404
-14.5,68.5,417.64510640252047
-14.5,69.5,417.6379428866607
-14.5,70.5,417.6291648447026
-14.5,71.5,417.62435162756594
-14.5,72.5,417.6234395674233
-14.5,73.5,417.6290864650933
-14.5,74.5,417.63406145231033
-14.5,75.5,417.63802372016966
-14.5,76.5,417.64048896048257
-14.5,77.5,417.6430880703261
-14.5,78.5,417.6465695815432
-14.5,79.5,417.65014389218686
-14.5,80.5,417.6537682997066
-14.5,81.5,417.6573648036196
-14.5,82.5,417.6596034335861
-14.5,83.5,417.6618643572282
-14.5,84.5,417.6635946951916
-14.5,85.5,417.6638067083117
-14.5,86.5,417.665626551167
-14.5,87.5,417.66785740900286
-14.5,88.5,417.6730729997549
-14.5,89.5,417.6803408916319
-14.5,90.5,417.6865708007565
-14.5,91.5,417.6937327972609
-14.5,92.5,417.6994280435565
-14.5,93.5,417.7049903855229
-14.5,94.5,417.7071005302682
-14.5,95.5,417.7060146590115
-14.5,96.5,417.71020057100736
-14.5,97.5,417.7122532237323
-14.5,98.5,417.71432873175394
-14.5,99.5,417.71470283040406
-14.5,100.5,417.7147988676994
-14.5,101.5,417.7148709534838
-14.5,102.5,417.7134670646883
-14.5,103.5,417.7104499967333
-14.5,104.5,417.7046165078415
-14.5,105.5,417.6961862012199
-14.5,106.5,417.6898728372774
-14.5,107.5,417.6905896540032
-14.5,108.5,417.6899539091779
-14.5,109.5,417.6856078525285
-14.5,110.5,417.6802663584423
-14.5,111.5,417.6713082728559
-14.5,112.5,417.6595476320469
-14.5,113.5,417.6407167464595
-14.5,114.5,417.6205987052933
-14.5,115.5,417.5924243200603
-14.5,116.5,417.57234672342827
-14.5,117.5,417.5539773251249
-14.5,118.5,417.5356053792375
-14.5,119.5,417.51714051750696
-14.5,120.5,417.4989088755841
-14.5,121.5,417.4857975089957
-14.5,122.5,417.47597405698593
-14.5,123.5,417.4590312911851
-14.5,124.5,417.4327736788728
-14.5,125.5,417.4014342703142
-14.5,126.5,417.40434478929336
-14.5,127.5,417.3977405053923
-14.5,128.5,417.3575447918619
-14.5,129.5,417.30518096637286
-14.5,130.5,417.2600539322417
-14.5,131.5,417.25945948167634
-14.5,132.5,417.2808374306587
-14.5,133.5,417.3032406391236
-14.5,134.5,417.3574222560849
-14.5,135.5,417.43568767339633
-14.5,136.5,417.4787656514589
-14.5,137.5,417.4832979657093
-14.5,138.5,417.4955249167627
-14.5,139.5,417.5043038140943
-14.5,140.5,417.5079741565413
-14.5,141.5,417.50010237675593
-14.5,142.5,417.4847659616863
-14.5,143.5,417.5483666926547
-14.5,144.5,417.6262822471293
-14.5,145.5,417.6871504604514
-14.5,146.5,417.70526445342176
-14.5,147.5,417.7215426496492
-14.5,148.5,417.7360451295168
-14.5,149.5,417.749438802548
-14.5,150.5,417.7529751515111
-14.5,151.5,417.7730366039095
-14.5,152.5,417.7779738860492
-14.5,153.5,417.7897116455133
-14.5,154.5,417.8118306625625
-14.5,155.5,417.8260398177631
-14.5,156.5,417.84048091403696
-14.5,157.5,417.8518175318422
-14.5,158.5,417.85751297383337
-14.5,159.5,417.8805588398378
-14.5,160.5,417.89652988342993
-14.5,161.5,417.9069615188477
-14.5,162.5,417.92660135156086
-14.5,163.5,417.9405836232578
-14.5,164.5,417.9492454505472
-14.5,165.5,417.9656041427593
-14.5,166.5,417.9796618594833
-14.5,167.5,417.9849915735531
-14.5,168.5,417.992054726555
-14.5,169.5,417.9965294511058
-14.5,170.5,418.0063822609342
-14.5,171.5,418.00773922080623
-14.5,172.5,418.0078605821831
-14.5,173.5,418.001490728618
-14.5,174.5,417.9909366731027
-14.5,175.5,417.97422337235554
-14.5,176.5,417.9647405344331
-14.5,177.5,417.949843266141
-14.5,178.5,417.94174792687073
-14.5,179.5,417.9618477378357
-13.5,-179.5,418.01699455017376
-13.5,-178.5,418.012936591989
-13.5,-177.5,418.0068674734209
-13.5,-176.5,417.9999810110075
-13.5,-175.5,417.9932394011281
-13.5,-174.5,417.9875545558362
-13.5,-173.5,417.9825324963272
-13.5,-172.5,417.9775529503303
-13.5,-171.5,417.969537101961
-13.5,-170.5,417.9469840838867
-13.5,-169.5,417.9436923378162
-13.5,-168.5,417.9199806016402
-13.5,-167.5,417.9466859008926
-13.5,-166.5,417.94251099461206
-13.5,-165.5,417.9366485484806
-13.5,-164.5,417.9318162836761
-13.5,-163.5,417.9310275953228
-13.5,-162.5,417.9295237004469
-13.5,-161.5,417.9278852070584
-13.5,-160.5,417.92657956947727
-13.5,-159.5,417.9248846480939
-13.5,-158.5,417.9217055918508
-13.5,-157.5,417.92001920510415
-13.5,-156.5,417.919855640739
-13.5,-155.5,417.920803087101
-13.5,-154.5,417.9224446744096
-13.5,-153.5,417.921525814224
-13.5,-152.5,417.9201305311856
-13.5,-151.5,417.9183387609819
-13.5,-150.5,417.91607047154207
-13.5,-149.5,417.9140402599008
-13.5,-148.5,417.9113126548931
-13.5,-147.5,417.9082282231658
-13.5,-146.5,417.9064453734891
-13.5,-145.5,417.9041499793972
-13.5,-144.5,417.9024458142737
-13.5,-143.5,417.9009594799228
-13.5,-142.5,417.8987120370133
-13.5,-141.5,417.89481474252057
-13.5,-140.5,417.8903424555719
-13.5,-139.5,417.8855708195228
-13.5,-138.5,417.8803427024919
-13.5,-137.5,417.8755846089474
-13.5,-136.5,417.8703635467713
-13.5,-135.5,417.8652322676217
-13.5,-134.5,417.8600071715189
-13.5,-133.5,417.8551266896759
-13.5,-132.5,417.849183885664
-13.5,-131.5,417.8437491918827
-13.5,-130.5,417.8376723688168
-13.5,-129.5,417.8304836137653
-13.5,-128.5,417.8239852101225
-13.5,-127.5,417.81823487344695
-13.5,-126.5,417.8127562846616
-13.5,-125.5,417.80719215867305
-13.5,-124.5,417.8025192408276
-13.5,-123.5,417.7986582338923
-13.5,-122.5,417.7971304515473
-13.5,-121.5,417.7971339773977
-13.5,-120.5,417.798521287524
-13.5,-119.5,417.8006648465352
-13.5,-118.5,417.8027600043217
-13.5,-117.5,417.8045525231949
-13.5,-116.5,417.8060507974124
-13.5,-115.5,417.8079459078341
-13.5,-114.5,417.81010530540215
-13.5,-113.5,417.8127770983308
-13.5,-112.5,417.8173685890669
-13.5,-111.5,417.8247202963351
-13.5,-110.5,417.83426928554206
-13.5,-109.5,417.84338585864407
-13.5,-108.5,417.8504935041661
-13.5,-107.5,417.856823019275
-13.5,-106.5,417.8652172364751
-13.5,-105.5,417.8749387050669
-13.5,-104.5,417.8844911433713
-13.5,-103.5,417.8937169232711
-13.5,-102.5,417.90218794944127
-13.5,-101.5,417.9098110829819
-13.5,-100.5,417.9166609253334
-13.5,-99.5,417.9234691907788
-13.5,-98.5,417.9304621220564
-13.5,-97.5,417.9378011067815
-13.5,-96.5,417.94166325134336
-13.5,-95.5,417.9458337720637
-13.5,-94.5,417.9492942861661
-13.5,-93.5,417.950586898758
-13.5,-92.5,417.9500912907576
-13.5,-91.5,417.9491034008956
-13.5,-90.5,417.9486217330567
-13.5,-89.5,417.9506033081829
-13.5,-88.5,417.9540870153644
-13.5,-87.5,417.95991354347774
-13.5,-86.5,417.96734568216016
-13.5,-85.5,417.9778476662107
-13.5,-84.5,417.991513609579
-13.5,-83.5,418.0064703889193
-13.5,-82.5,418.0234316860207
-13.5,-81.5,418.03819429036105
-13.5,-80.5,418.0563909831105
-13.5,-79.5,418.07672361057325
-13.5,-78.5,418.0974260753741
-13.5,-77.5,418.1191694833788
-13.5,-76.5,418.12151131636506
-13.5,-75.5,417.8025533457239
-13.5,-74.5,417.8016370750014
-13.5,-73.5,417.84329869288143
-13.5,-72.5,417.85138093002575
-13.5,-71.5,417.9103109792171
-13.5,-70.5,418.0207892234652
-13.5,-69.5,418.1690035380301
-13.5,-68.5,418.3308648871426
-13.5,-67.5,418.56414762083466
-13.5,-66.5,418.6076338021373
-13.5,-65.5,418.6268964666514
-13.5,-64.5,418.623248468332
-13.5,-63.5,418.6127867487479
-13.5,-62.5,418.5902468222273
-13.5,-61.5,418.5581687192002
-13.5,-60.5,418.491024183907
-13.5,-59.5,418.3955553175749
-13.5,-58.5,418.4188385074467
-13.5,-57.5,418.4268134956805
-13.5,-56.5,418.45831208792566
-13.5,-55.5,418.42495164822753
-13.5,-54.5,418.4744953439536
-13.5,-53.5,418.3306155391673
-13.5,-52.5,418.440724603603
-13.5,-51.5,418.4710447633773
-13.5,-50.5,418.4826046576342
-13.5,-49.5,418.43681374803424
-13.5,-48.5,418.495181760089
-13.5,-47.5,418.456995079236
-13.5,-46.5,418.4860017430462
-13.5,-45.5,418.4497181967273
-13.5,-44.5,418.4360198690678
-13.5,-43.5,418.3435424899449
-13.5,-42.5,418.1988775244763
-13.5,-41.5,418.1621113529799
-13.5,-40.5,418.1360011717735
-13.5,-39.5,418.0579765682535
-13.5,-38.5,417.9666330020908
-13.5,-37.5,417.9167564571145
-13.5,-36.5,417.9016473029459
-13.5,-35.5,417.887620183283
-13.5,-34.5,417.8778002645509
-13.5,-33.5,417.8703808845394
-13.5,-32.5,417.86461475345794
-13.5,-31.5,417.8605953664698
-13.5,-30.5,417.8556209815191
-13.5,-29.5,417.8511559035261
-13.5,-28.5,417.847758738816
-13.5,-27.5,417.8444834077345
-13.5,-26.5,417.8406868690102
-13.5,-25.5,417.8380484664789
-13.5,-24.5,417.832769644834
-13.5,-23.5,417.8289082190706
-13.5,-22.5,417.8266117889546
-13.5,-21.5,417.8256249254917
-13.5,-20.5,417.823915116432
-13.5,-19.5,417.81774687132935
-13.5,-18.5,417.81072153406456
-13.5,-17.5,417.8030809401233
-13.5,-16.5,417.7960835505701
-13.5,-15.5,417.7898233241354
-13.5,-14.5,417.7830331290069
-13.5,-13.5,417.778004865062
-13.5,-12.5,417.773191884925
-13.5,-11.5,417.7680258054127
-13.5,-10.5,417.7623276838202
-13.5,-9.5,417.75630976293166
-13.5,-8.5,417.750999941834
-13.5,-7.5,417.7470146912032
-13.5,-6.5,417.742645362127
-13.5,-5.5,417.7358471553008
-13.5,-4.5,417.7284282076629
-13.5,-3.5,417.7225622827304
-13.5,-2.5,417.7187099672713
-13.5,-1.5,417.71577048568383
-13.5,-0.5,417.7146541405942
-13.5,0.5,417.7163412221038
-13.5,1.5,417.7184783928365
-13.5,2.5,417.719383475439
-13.5,3.5,417.7162877651912
-13.5,4.5,417.71130162996417
-13.5,5.5,417.7030347761517
-13.5,6.5,417.6980578517507
-13.5,7.5,417.6978305716241
-13.5,8.5,417.6989569821575
-13.5,9.5,417.6999823210242
-13.5,10.5,417.704061684255
-13.5,11.5,417.7175119081084
-13.5,12.5,417.7263345784344
-13.5,13.5,417.7371172939181
-13.5,14.5,417.6798806634648
-13.5,15.5,417.62898921993343
-13.5,16.5,417.6462469115846
-13.5,17.5,417.60239661963647
-13.5,18.5,417.5270931365051
-13.5,19.5,417.5242154576272
-13.5,20.5,417.4998214978504
-13.5,21.5,417.4666951823225
-13.5,22.5,417.4640165449212
-13.5,23.5,417.49995383534895
-13.5,24.5,417.538761396152
-13.5,25.5,417.5827667994078
-13.5,26.5,417.6359729925665
-13.5,27.5,417.6724032854991
-13.5,28.5,417.6678000235023
-13.5,29.5,417.6670558246023
-13.5,30.5,417.6742030859557
-13.5,31.5,417.7220856438197
-13.5,32.5,417.7368202224437
-13.5,33.5,417.7640911068129
-13.5,34.5,417.8492057065381
-13.5,35.5,417.889093413016
-13.5,36.5,417.9610830518658
-13.5,37.5,417.9779703300147
-13.5,38.5,417.9573433466286
-13.5,39.5,417.93807500601815
-13.5,40.5,417.920199535179
-13.5,41.5,417.9194353363861
-13.5,42.5,417.9379479345681
-13.5,43.5,417.9301827662524
-13.5,44.5,417.91513658231935
-13.5,45.5,417.9084405207461
-13.5,46.5,417.9171572416981
-13.5,47.5,417.95779372225365
-13.5,48.5,417.9119638621993
-13.5,49.5,417.8088146903809
-13.5,50.5,417.74906105726654
-13.5,51.5,417.7181769415109
-13.5,52.5,417.71139962688034
-13.5,53.5,417.7033651125845
-13.5,54.5,417.6981108551393
-13.5,55.5,417.6944984980127
-13.5,56.5,417.69143900733695
-13.5,57.5,417.6878442306524
-13.5,58.5,417.6838678104992
-13.5,59.5,417.6860113756521
-13.5,60.5,417.68253070198045
-13.5,61.5,417.6775125275277
-13.5,62.5,417.6720499639313
-13.5,63.5,417.6683755674833
-13.5,64.5,417.6654543443786
-13.5,65.5,417.66384156640106
-13.5,66.5,417.66451626668334
-13.5,67.5,417.66573008397967
-13.5,68.5,417.66452262263743
-13.5,69.5,417.658707700266
-13.5,70.5,417.65054596833386
-13.5,71.5,417.64587818909433
-13.5,72.5,417.6481816971731
-13.5,73.5,417.6547945801482
-13.5,74.5,417.6596390867544
-13.5,75.5,417.6625977432755
-13.5,76.5,417.6660706946351
-13.5,77.5,417.6698102557352
-13.5,78.5,417.6736698244069
-13.5,79.5,417.6789994619275
-13.5,80.5,417.6845737560856
-13.5,81.5,417.68691498125617
-13.5,82.5,417.6917122189848
-13.5,83.5,417.693270474428
-13.5,84.5,417.696301394054
-13.5,85.5,417.6991775461056
-13.5,86.5,417.7025846914991
-13.5,87.5,417.70509530034207
-13.5,88.5,417.7139989547927
-13.5,89.5,417.72206704089945
-13.5,90.5,417.7274418145547
-13.5,91.5,417.73268539672193
-13.5,92.5,417.7380207255012
-13.5,93.5,417.7424912646312
-13.5,94.5,417.7455033330984
-13.5,95.5,417.7501884025899
-13.5,96.5,417.7517424853185
-13.5,97.5,417.7524402057324
-13.5,98.5,417.7530454051641
-13.5,99.5,417.7546989347474
-13.5,100.5,417.7517628057848
-13.5,101.5,417.74900832247545
-13.5,102.5,417.7442848520326
-13.5,103.5,417.7416720423975
-13.5,104.5,417.7376091807093
-13.5,105.5,417.7314780436075
-13.5,106.5,417.729024777051
-13.5,107.5,417.72935019280646
-13.5,108.5,417.7309448700356
-13.5,109.5,417.7284834710658
-13.5,110.5,417.7202801752901
-13.5,111.5,417.7082965152421
-13.5,112.5,417.6920405031925
-13.5,113.5,417.6713053804452
-13.5,114.5,417.6438920119172
-13.5,115.5,417.62062637638
-13.5,116.5,417.601904073466
-13.5,117.5,417.5828998255511
-13.5,118.5,417.56149867437335
-13.5,119.5,417.556895907796
-13.5,120.5,417.545955271754
-13.5,121.5,417.5386479275203
-13.5,122.5,417.5331870326682
-13.5,123.5,417.5231790694469
-13.5,124.5,417.50553564739806
-13.5,125.5,417.4832826203322
-13.5,126.5,417.46285979756
-13.5,127.5,417.4514036279643
-13.5,128.5,417.41757755985793
-13.5,129.5,417.3939867337118
-13.5,130.5,417.35412723092577
-13.5,131.5,417.33552593397206
-13.5,132.5,417.3464791601588
-13.5,133.5,417.3673549461376
-13.5,134.5,417.42251720991953
-13.5,135.5,417.4932881611391
-13.5,136.5,417.5664215364338
-13.5,137.5,417.5789406387576
-13.5,138.5,417.5996283481172
-13.5,139.5,417.6156146067478
-13.5,140.5,417.6321772039447
-13.5,141.5,417.62180392093154
-13.5,142.5,417.64388592854186
-13.5,143.5,417.7065420076377
-13.5,144.5,417.76007192642544
-13.5,145.5,417.77771991544006
-13.5,146.5,417.7939409794642
-13.5,147.5,417.79201532030817
-13.5,148.5,417.8117584027956
-13.5,149.5,417.8384993713241
-13.5,150.5,417.8519601240116
-13.5,151.5,417.8653803824048
-13.5,152.5,417.8692306059105
-13.5,153.5,417.8870363459058
-13.5,154.5,417.89700157701816
-13.5,155.5,417.9077399628305
-13.5,156.5,417.9180276990507
-13.5,157.5,417.92504481437055
-13.5,158.5,417.940897145859
-13.5,159.5,417.95992454670426
-13.5,160.5,417.9842129692089
-13.5,161.5,417.9987017077807
-13.5,162.5,418.01207974287865
-13.5,163.5,418.0186538499703
-13.5,164.5,418.02845950270273
-13.5,165.5,418.0336227669485
-13.5,166.5,418.0465345939404
-13.5,167.5,418.0527580294475
-13.5,168.5,418.0627501424599
-13.5,169.5,418.0740230400832
-13.5,170.5,418.07367672152486
-13.5,171.5,418.0783031874584
-13.5,172.5,418.0726531854116
-13.5,173.5,418.058369328238
-13.5,174.5,418.04371391527377
-13.5,175.5,418.0312027938205
-13.5,176.5,418.0161179882375
-13.5,177.5,418.0045983061356
-13.5,178.5,417.99291206156346
-13.5,179.5,418.0200710306408
-12.5,-179.5,418.0645876290925
-12.5,-178.5,418.05749837210857
-12.5,-177.5,418.0485184030419
-12.5,-176.5,418.0395952247049
-12.5,-175.5,418.0326239633056
-12.5,-174.5,418.0268878189389
-12.5,-173.5,418.0214217391532
-12.5,-172.5,418.01479927292047
-12.5,-171.5,417.9900996283845
-12.5,-170.5,417.9895146503062
-12.5,-169.5,417.9989953971629
-12.5,-168.5,417.9957145065068
-12.5,-167.5,417.9930352127428
-12.5,-166.5,417.9893217697811
-12.5,-165.5,417.98446285510505
-12.5,-164.5,417.9823486734104
-12.5,-163.5,417.9804689459698
-12.5,-162.5,417.9784450505894
-12.5,-161.5,417.9762010434707
-12.5,-160.5,417.9742875098704
-12.5,-159.5,417.9720242326439
-12.5,-158.5,417.9701940761542
-12.5,-157.5,417.968957809213
-12.5,-156.5,417.9371463626998
-12.5,-155.5,417.9684795050399
-12.5,-154.5,417.9677501472824
-12.5,-153.5,417.96719974979015
-12.5,-152.5,417.96574819953753
-12.5,-151.5,417.9627366418554
-12.5,-150.5,417.9593256512037
-12.5,-149.5,417.95616564094695
-12.5,-148.5,417.9536029647487
-12.5,-147.5,417.95139246478993
-12.5,-146.5,417.9501424721667
-12.5,-145.5,417.9490919380179
-12.5,-144.5,417.9493050688517
-12.5,-143.5,417.9476866194977
-12.5,-142.5,417.9442454123279
-12.5,-141.5,417.9402197416176
-12.5,-140.5,417.9358410281692
-12.5,-139.5,417.9313394015192
-12.5,-138.5,417.9268971414225
-12.5,-137.5,417.9231760246333
-12.5,-136.5,417.91931250966
-12.5,-135.5,417.91503119824887
-12.5,-134.5,417.9110109151955
-12.5,-133.5,417.9071445964349
-12.5,-132.5,417.9029660668647
-12.5,-131.5,417.8975251461279
-12.5,-130.5,417.89134311999
-12.5,-129.5,417.88591626736894
-12.5,-128.5,417.87920687502606
-12.5,-127.5,417.87509741033966
-12.5,-126.5,417.8711560344209
-12.5,-125.5,417.8671346900512
-12.5,-124.5,417.86317299516935
-12.5,-123.5,417.851239327774
-12.5,-122.5,417.8567616842004
-12.5,-121.5,417.8582652080171
-12.5,-120.5,417.861056851257
-12.5,-119.5,417.8656002466499
-12.5,-118.5,417.8688690191164
-12.5,-117.5,417.8717789019255
-12.5,-116.5,417.8745559307528
-12.5,-115.5,417.8755130629872
-12.5,-114.5,417.8775808922195
-12.5,-113.5,417.8823217064209
-12.5,-112.5,417.8899236696367
-12.5,-111.5,417.8996957083715
-12.5,-110.5,417.909835678538
-12.5,-109.5,417.9182301267964
-12.5,-108.5,417.9260417912863
-12.5,-107.5,417.9342059517315
-12.5,-106.5,417.9429908722668
-12.5,-105.5,417.9522354650422
-12.5,-104.5,417.9612280934528
-12.5,-103.5,417.97016352239785
-12.5,-102.5,417.9815515671657
-12.5,-101.5,417.9873303797359
-12.5,-100.5,417.9908104572128
-12.5,-99.5,417.9946451976581
-12.5,-98.5,417.99913037565847
-12.5,-97.5,418.0026639554808
-12.5,-96.5,418.0065862807247
-12.5,-95.5,418.0105873883243
-12.5,-94.5,418.01266944960366
-12.5,-93.5,418.0123029229761
-12.5,-92.5,418.0128888043361
-12.5,-91.5,418.01070422772176
-12.5,-90.5,418.0133770029374
-12.5,-89.5,418.0186265376731
-12.5,-88.5,418.0272276017014
-12.5,-87.5,418.0367332653833
-12.5,-86.5,418.050227985851
-12.5,-85.5,418.0631585770567
-12.5,-84.5,418.0770847548424
-12.5,-83.5,418.0900952793373
-12.5,-82.5,418.1040410231848
-12.5,-81.5,418.1194342227205
-12.5,-80.5,418.13744316936265
-12.5,-79.5,418.1560648704622
-12.5,-78.5,418.179417224561
-12.5,-77.5,418.2249482930805
-12.5,-76.5,418.2374938002153
-12.5,-75.5,417.8744018588468
-12.5,-74.5,417.836333618878
-12.5,-73.5,417.8720335540184
-12.5,-72.5,418.0036470334563
-12.5,-71.5,418.11076650476815
-12.5,-70.5,418.2491265501209
-12.5,-69.5,418.4736194722234
-12.5,-68.5,418.6292367491112
-12.5,-67.5,418.67918470441407
-12.5,-66.5,418.7103618926842
-12.5,-65.5,418.7197961938792
-12.5,-64.5,418.71312269315126
-12.5,-63.5,418.6959966285613
-12.5,-62.5,418.6541352078712
-12.5,-61.5,418.59330055032416
-12.5,-60.5,418.6217867089784
-12.5,-59.5,418.57045046084
-12.5,-58.5,418.6010219701083
-12.5,-57.5,418.6241255583783
-12.5,-56.5,418.5761918379803
-12.5,-55.5,418.5968158349263
-12.5,-54.5,418.6673344653088
-12.5,-53.5,418.6914078795071
-12.5,-52.5,418.66335963188885
-12.5,-51.5,418.6401622014674
-12.5,-50.5,418.6866947875097
-12.5,-49.5,418.6543384301496
-12.5,-48.5,418.71058114213486
-12.5,-47.5,418.6812669183777
-12.5,-46.5,418.57666697736033
-12.5,-45.5,418.5748200890026
-12.5,-44.5,418.4958689986818
-12.5,-43.5,418.4625860545611
-12.5,-42.5,418.3120621850055
-12.5,-41.5,418.2479565755789
-12.5,-40.5,418.2582008997046
-12.5,-39.5,418.2213682682726
-12.5,-38.5,418.1688747710797
-12.5,-37.5,417.9583518225678
-12.5,-36.5,417.9362303338559
-12.5,-35.5,417.920604482717
-12.5,-34.5,417.9103639777614
-12.5,-33.5,417.9034509797427
-12.5,-32.5,417.8984412441496
-12.5,-31.5,417.896990557034
-12.5,-30.5,417.89303369499305
-12.5,-29.5,417.8882223729907
-12.5,-28.5,417.8863468558611
-12.5,-27.5,417.8848577441035
-12.5,-26.5,417.8816946487111
-12.5,-25.5,417.87883589075386
-12.5,-24.5,417.8742480736511
-12.5,-23.5,417.87134509381247
-12.5,-22.5,417.8699617464336
-12.5,-21.5,417.8704229748032
-12.5,-20.5,417.8698439360573
-12.5,-19.5,417.8625727595209
-12.5,-18.5,417.8542653621948
-12.5,-17.5,417.84665174973577
-12.5,-16.5,417.8390464295627
-12.5,-15.5,417.8296594467216
-12.5,-14.5,417.8248744899696
-12.5,-13.5,417.820158406232
-12.5,-12.5,417.81537573853007
-12.5,-11.5,417.8093332949816
-12.5,-10.5,417.80402552491006
-12.5,-9.5,417.8002853910769
-12.5,-8.5,417.7968695728724
-12.5,-7.5,417.7949733480335
-12.5,-6.5,417.7928371790709
-12.5,-5.5,417.78752739894986
-12.5,-4.5,417.78056057226
-12.5,-3.5,417.7735612615445
-12.5,-2.5,417.7672701626224
-12.5,-1.5,417.76268626080287
-12.5,-0.5,417.7649865459943
-12.5,0.5,417.7632101489869
-12.5,1.5,417.7601496790888
-12.5,2.5,417.7587531728707
-12.5,3.5,417.7543130742082
-12.5,4.5,417.7467829270335
-12.5,5.5,417.73768304780026
-12.5,6.5,417.7310546237628
-12.5,7.5,417.7274778569846
-12.5,8.5,417.7223547495109
-12.5,9.5,417.7217488954793
-12.5,10.5,417.7252842000152
-12.5,11.5,417.7330144205772
-12.5,12.5,417.746532033068
-12.5,13.5,417.78452718701806
-12.5,14.5,417.7120318586313
-12.5,15.5,417.5715455394202
-12.5,16.5,417.5129047770782
-12.5,17.5,417.4978574765997
-12.5,18.5,417.4318600909031
-12.5,19.5,417.40268490882914
-12.5,20.5,417.3578529285948
-12.5,21.5,417.3341237330544
-12.5,22.5,417.3446897845613
-12.5,23.5,417.39319201779057
-12.5,24.5,417.5041217748018
-12.5,25.5,417.5842207380328
-12.5,26.5,417.6397058872028
-12.5,27.5,417.69722190044746
-12.5,28.5,417.7429438242846
-12.5,29.5,417.7671206996175
-12.5,30.5,417.7825003601778
-12.5,31.5,417.8713921797754
-12.5,32.5,417.833121330725
-12.5,33.5,417.8695490700324
-12.5,34.5,418.0090326397661
-12.5,35.5,417.9805432292779
-12.5,36.5,418.0749556975489
-12.5,37.5,418.1107166449077
-12.5,38.5,418.0728047163991
-12.5,39.5,418.0101698596644
-12.5,40.5,417.9854319457402
-12.5,41.5,418.0302062959624
-12.5,42.5,417.96258431303534
-12.5,43.5,417.940796784607
-12.5,44.5,417.9122858580855
-12.5,45.5,417.9054363936916
-12.5,46.5,417.8960360658462
-12.5,47.5,417.8942664828535
-12.5,48.5,417.835061821497
-12.5,49.5,417.79331366179673
-12.5,50.5,417.7623022021314
-12.5,51.5,417.7456030840042
-12.5,52.5,417.7356044318021
-12.5,53.5,417.7286557049232
-12.5,54.5,417.72547368703806
-12.5,55.5,417.71874464586784
-12.5,56.5,417.7148030906644
-12.5,57.5,417.7124611543695
-12.5,58.5,417.7115880066209
-12.5,59.5,417.7139016663295
-12.5,60.5,417.7091138707493
-12.5,61.5,417.7016387730591
-12.5,62.5,417.69347783732337
-12.5,63.5,417.6869434011618
-12.5,64.5,417.6807694376528
-12.5,65.5,417.67841305559807
-12.5,66.5,417.680294462348
-12.5,67.5,417.6822824245041
-12.5,68.5,417.6824085689021
-12.5,69.5,417.6797341046718
-12.5,70.5,417.67357102480895
-12.5,71.5,417.6706251017479
-12.5,72.5,417.67306070251647
-12.5,73.5,417.67848551252274
-12.5,74.5,417.6828880133105
-12.5,75.5,417.68570888966616
-12.5,76.5,417.6888703993218
-12.5,77.5,417.6947875249703
-12.5,78.5,417.6987738011085
-12.5,79.5,417.70543399255166
-12.5,80.5,417.7135344892267
-12.5,81.5,417.71888685285455
-12.5,82.5,417.72324416137286
-12.5,83.5,417.7267146173799
-12.5,84.5,417.73061465702216
-12.5,85.5,417.7373125959142
-12.5,86.5,417.74249719692136
-12.5,87.5,417.7475282090796
-12.5,88.5,417.7562198165717
-12.5,89.5,417.7643319027579
-12.5,90.5,417.77065086210285
-12.5,91.5,417.77777209235416
-12.5,92.5,417.7828305333342
-12.5,93.5,417.7856439595394
-12.5,94.5,417.7896473708343
-12.5,95.5,417.792435163269
-12.5,96.5,417.79655066068665
-12.5,97.5,417.7979944191629
-12.5,98.5,417.79840791113503
-12.5,99.5,417.7984317197112
-12.5,100.5,417.7947316140725
-12.5,101.5,417.7876861992891
-12.5,102.5,417.7807481680189
-12.5,103.5,417.7791052629415
-12.5,104.5,417.7776111184112
-12.5,105.5,417.7771331085606
-12.5,106.5,417.77638959052535
-12.5,107.5,417.7768329207887
-12.5,108.5,417.77527164139633
-12.5,109.5,417.77234500582006
-12.5,110.5,417.764609915664
-12.5,111.5,417.7510093601974
-12.5,112.5,417.73298857959554
-12.5,113.5,417.7074648351063
-12.5,114.5,417.6834212787146
-12.5,115.5,417.6631490300116
-12.5,116.5,417.6478023875779
-12.5,117.5,417.62541668480185
-12.5,118.5,417.6261796922185
-12.5,119.5,417.6214174106314
-12.5,120.5,417.6188848609387
-12.5,121.5,417.6145469277654
-12.5,122.5,417.60910482184255
-12.5,123.5,417.6031813681399
-12.5,124.5,417.5860760818916
-12.5,125.5,417.56660021207193
-12.5,126.5,417.5464335672016
-12.5,127.5,417.5265623109202
-12.5,128.5,417.5104862171711
-12.5,129.5,417.4997973849496
-12.5,130.5,417.4991886736329
-12.5,131.5,417.4930206451066
-12.5,132.5,417.5011820779735
-12.5,133.5,417.4961429429229
-12.5,134.5,417.5461538987955
-12.5,135.5,417.6180855694111
-12.5,136.5,417.66709665489634
-12.5,137.5,417.6961892669658
-12.5,138.5,417.7206436628172
-12.5,139.5,417.743775029958
-12.5,140.5,417.76596517260856
-12.5,141.5,417.77994921844527
-12.5,142.5,417.7875904126994
-12.5,143.5,417.8476722820915
-12.5,144.5,417.87179773106607
-12.5,145.5,417.8873372709394
-12.5,146.5,417.90097432412375
-12.5,147.5,417.9128690408771
-12.5,148.5,417.9243046826693
-12.5,149.5,417.9347263568703
-12.5,150.5,417.936470967168
-12.5,151.5,417.9543914398638
-12.5,152.5,417.9622260240802
-12.5,153.5,417.9676028870017
-12.5,154.5,417.9783988608457
-12.5,155.5,417.9929128983632
-12.5,156.5,418.0079464510925
-12.5,157.5,418.0207808849906
-12.5,158.5,418.04152941661454
-12.5,159.5,418.052637532472
-12.5,160.5,418.06465796909936
-12.5,161.5,418.07745207847074
-12.5,162.5,418.0807450277839
-12.5,163.5,418.08970639447296
-12.5,164.5,418.0898966444898
-12.5,165.5,418.1011614098703
-12.5,166.5,418.11184431191225
-12.5,167.5,418.1219548341188
-12.5,168.5,418.1331670576987
-12.5,169.5,418.14429777339046
-12.5,170.5,418.1474543213724
-12.5,171.5,418.1360565033732
-12.5,172.5,418.1353073909998
-12.5,173.5,418.125667026722
-12.5,174.5,418.1157473519982
-12.5,175.5,418.1036086734812
-12.5,176.5,418.0930041355883
-12.5,177.5,418.08425753362815
-12.5,178.5,418.0772959537927
-12.5,179.5,418.07084515184647
-11.5,-179.5,418.10114435051867
-11.5,-178.5,418.0915437817476
-11.5,-177.5,418.0827569115147
-11.5,-176.5,418.0750719454742
-11.5,-175.5,418.0699050101409
-11.5,-174.5,418.06650037801234
-11.5,-173.5,418.0635525426748
-11.5,-172.5,418.0595647931719
-11.5,-171.5,418.0563923743912
-11.5,-170.5,418.0527261473658
-11.5,-169.5,418.0482760797622
-11.5,-168.5,418.0440485514396
-11.5,-167.5,418.0428105083629
-11.5,-166.5,418.0394581612994
-11.5,-165.5,418.03576478272686
-11.5,-164.5,418.0324765913596
-11.5,-163.5,418.03000569939
-11.5,-162.5,418.0279194445883
-11.5,-161.5,418.0267482547336
-11.5,-160.5,418.0244802390961
-11.5,-159.5,418.02252347733713
-11.5,-158.5,418.0214313579305
-11.5,-157.5,418.020845997137
-11.5,-156.5,418.0201639107447
-11.5,-155.5,418.01890946282526
-11.5,-154.5,418.0173817424599
-11.5,-153.5,418.01570414684255
-11.5,-152.5,418.0132638269056
-11.5,-151.5,418.0102109359641
-11.5,-150.5,418.0074622440876
-11.5,-149.5,418.0045786393944
-11.5,-148.5,418.0025329350288
-11.5,-147.5,418.0010243871368
-11.5,-146.5,418.00007683878255
-11.5,-145.5,417.99894182899993
-11.5,-144.5,417.9979570324609
-11.5,-143.5,417.9958323691371
-11.5,-142.5,417.9934588690076
-11.5,-141.5,417.9909152971492
-11.5,-140.5,417.98769436748967
-11.5,-139.5,417.9845084119232
-11.5,-138.5,417.9814918142468
-11.5,-137.5,417.97891071072144
-11.5,-136.5,417.97413708883016
-11.5,-135.5,417.9711112106913
-11.5,-134.5,417.9679023702441
-11.5,-133.5,417.964038758198
-11.5,-132.5,417.9604044285022
-11.5,-131.5,417.95665527086027
-11.5,-130.5,417.9523394000663
-11.5,-129.5,417.9488204375664
-11.5,-128.5,417.9452937017828
-11.5,-127.5,417.9421808658687
-11.5,-126.5,417.939197640639
-11.5,-125.5,417.9354676087016
-11.5,-124.5,417.9339493084672
-11.5,-123.5,417.9341244176621
-11.5,-122.5,417.9353586710087
-11.5,-121.5,417.93666071188767
-11.5,-120.5,417.9385718842583
-11.5,-119.5,417.9400091798923
-11.5,-118.5,417.9444432545873
-11.5,-117.5,417.9474623950118
-11.5,-116.5,417.9478569763469
-11.5,-115.5,417.9525815746937
-11.5,-114.5,417.956319433694
-11.5,-113.5,417.9642199385137
-11.5,-112.5,417.9736190980127
-11.5,-111.5,417.9835965111512
-11.5,-110.5,417.9925775603221
-11.5,-109.5,418.00091447725765
-11.5,-108.5,418.0097416499351
-11.5,-107.5,418.0188574944556
-11.5,-106.5,418.0280185512596
-11.5,-105.5,418.0367295689063
-11.5,-104.5,418.0452011814267
-11.5,-103.5,418.05314897950905
-11.5,-102.5,418.0597281955536
-11.5,-101.5,418.06336639720325
-11.5,-100.5,418.0648635198798
-11.5,-99.5,418.0674930781842
-11.5,-98.5,418.07102464038974
-11.5,-97.5,418.07477617555264
-11.5,-96.5,418.0786556610429
-11.5,-95.5,418.0841848113416
-11.5,-94.5,418.0846112460492
-11.5,-93.5,418.08347920996624
-11.5,-92.5,418.0825705246706
-11.5,-91.5,418.0826724166018
-11.5,-90.5,418.0863769454244
-11.5,-89.5,418.0974838508119
-11.5,-88.5,418.1080952506305
-11.5,-87.5,418.1188507164853
-11.5,-86.5,418.13169827531
-11.5,-85.5,418.1454951200204
-11.5,-84.5,418.1604103728786
-11.5,-83.5,418.1746213485821
-11.5,-82.5,418.1887092698305
-11.5,-81.5,418.20552397478633
-11.5,-80.5,418.2203919776312
-11.5,-79.5,418.2352490316635
-11.5,-78.5,418.2691775626745
-11.5,-77.5,418.2971463552121
-11.5,-76.5,417.9983551676787
-11.5,-75.5,418.00908012673057
-11.5,-74.5,418.0438263748077
-11.5,-73.5,418.30459076332295
-11.5,-72.5,418.4204363989569
-11.5,-71.5,418.5289817585883
-11.5,-70.5,418.6026252861241
-11.5,-69.5,418.6945795393368
-11.5,-68.5,418.75465448814896
-11.5,-67.5,418.823019209082
-11.5,-66.5,418.8174555670448
-11.5,-65.5,418.8367417621452
-11.5,-64.5,418.7691595292203
-11.5,-63.5,418.74893194717686
-11.5,-62.5,418.6769592274055
-11.5,-61.5,418.6960552402816
-11.5,-60.5,418.70176491046266
-11.5,-59.5,418.6695387470953
-11.5,-58.5,418.7130504640044
-11.5,-57.5,418.70322429943405
-11.5,-56.5,418.6563768748737
-11.5,-55.5,418.73613959363166
-11.5,-54.5,418.751238609028
-11.5,-53.5,418.82375038304144
-11.5,-52.5,418.8128589076346
-11.5,-51.5,418.7993734567214
-11.5,-50.5,418.8589739453725
-11.5,-49.5,418.8490321679027
-11.5,-48.5,418.8586406787984
-11.5,-47.5,418.7878597205496
-11.5,-46.5,418.71968716704254
-11.5,-45.5,418.6636342178244
-11.5,-44.5,418.65207076924526
-11.5,-43.5,418.5541023757584
-11.5,-42.5,418.4274203534257
-11.5,-41.5,418.35288714680325
-11.5,-40.5,418.35237508214647
-11.5,-39.5,418.30285839501
-11.5,-38.5,418.1990756949265
-11.5,-37.5,418.0886427257418
-11.5,-36.5,417.9733719050199
-11.5,-35.5,417.958293363184
-11.5,-34.5,417.9502717932732
-11.5,-33.5,417.9428979523748
-11.5,-32.5,417.9379498664256
-11.5,-31.5,417.93325968798257
-11.5,-30.5,417.9288547795643
-11.5,-29.5,417.9270843078809
-11.5,-28.5,417.9279162669642
-11.5,-27.5,417.9283868458325
-11.5,-26.5,417.9273094974151
-11.5,-25.5,417.9261447072166
-11.5,-24.5,417.9226690603854
-11.5,-23.5,417.9196500471352
-11.5,-22.5,417.9189373060209
-11.5,-21.5,417.9197813928725
-11.5,-20.5,417.9175696156871
-11.5,-19.5,417.91015987933895
-11.5,-18.5,417.9016647012822
-11.5,-17.5,417.8943053212851
-11.5,-16.5,417.8898342209874
-11.5,-15.5,417.8830692252299
-11.5,-14.5,417.8763143122417
-11.5,-13.5,417.87135952835047
-11.5,-12.5,417.8664630594242
-11.5,-11.5,417.86065434770313
-11.5,-10.5,417.85730935065465
-11.5,-9.5,417.85612883641465
-11.5,-8.5,417.85684997893503
-11.5,-7.5,417.8572647213522
-11.5,-6.5,417.8580527792665
-11.5,-5.5,417.853875815604
-11.5,-4.5,417.8452449315208
-11.5,-3.5,417.8385116536972
-11.5,-2.5,417.8346002763229
-11.5,-1.5,417.8323755240305
-11.5,-0.5,417.8281830503814
-11.5,0.5,417.82328713095455
-11.5,1.5,417.8198971929278
-11.5,2.5,417.8145664751632
-11.5,3.5,417.8086717014539
-11.5,4.5,417.8020775342927
-11.5,5.5,417.795019714444
-11.5,6.5,417.7884910902815
-11.5,7.5,417.7761890880128
-11.5,8.5,417.76792765428513
-11.5,9.5,417.7650772629792
-11.5,10.5,417.7657424041067
-11.5,11.5,417.7671212732097
-11.5,12.5,417.7652949899381
-11.5,13.5,417.7743390081974
-11.5,14.5,417.6645956464341
-11.5,15.5,417.5657085571829
-11.5,16.5,417.5283004467548
-11.5,17.5,417.51289228165086
-11.5,18.5,417.3911555998559
-11.5,19.5,417.3297882793496
-11.5,20.5,417.3064905016347
-11.5,21.5,417.312945737354
-11.5,22.5,417.29448887229614
-11.5,23.5,417.33308535731095
-11.5,24.5,417.43347027779487
-11.5,25.5,417.57035554582666
-11.5,26.5,417.6781890776306
-11.5,27.5,417.76897336252256
-11.5,28.5,417.8453500126215
-11.5,29.5,417.88515304580585
-11.5,30.5,417.9061895501183
-11.5,31.5,417.933181098069
-11.5,32.5,418.0187738096587
-11.5,33.5,417.99140850383526
-11.5,34.5,418.1219785216084
-11.5,35.5,418.1908627352356
-11.5,36.5,418.1934847999549
-11.5,37.5,418.20977779859015
-11.5,38.5,418.1683436443376
-11.5,39.5,418.0613724887616
-11.5,40.5,418.0415835496736
-11.5,41.5,417.9965170133667
-11.5,42.5,417.9825410275773
-11.5,43.5,417.9547814349493
-11.5,44.5,417.9288830035245
-11.5,45.5,417.90582550167744
-11.5,46.5,417.8885332438041
-11.5,47.5,417.8632306490935
-11.5,48.5,417.8283392606558
-11.5,49.5,417.8059102849756
-11.5,50.5,417.7861966973617
-11.5,51.5,417.77394892531134
-11.5,52.5,417.7646504552061
-11.5,53.5,417.7577757986955
-11.5,54.5,417.7561835622864
-11.5,55.5,417.7521699999877
-11.5,56.5,417.74447335072153
-11.5,57.5,417.7456882681277
-11.5,58.5,417.7451046184012
-11.5,59.5,417.7439066385584
-11.5,60.5,417.7363834338192
-11.5,61.5,417.72502400016526
-11.5,62.5,417.7152857896331
-11.5,63.5,417.7069993859811
-11.5,64.5,417.70063600747295
-11.5,65.5,417.6987676466949
-11.5,66.5,417.7017463741315
-11.5,67.5,417.703925154342
-11.5,68.5,417.7046573329105
-11.5,69.5,417.70294899834033
-11.5,70.5,417.699694919022
-11.5,71.5,417.6981668400004
-11.5,72.5,417.7011413034293
-11.5,73.5,417.705559199752
-11.5,74.5,417.7085432444347
-11.5,75.5,417.7105562419296
-11.5,76.5,417.7132544336114
-11.5,77.5,417.7188771218185
-11.5,78.5,417.7239800026933
-11.5,79.5,417.73438977124687
-11.5,80.5,417.7438215765567
-11.5,81.5,417.7545887218055
-11.5,82.5,417.76010550488905
-11.5,83.5,417.7678871572488
-11.5,84.5,417.7743991424456
-11.5,85.5,417.7768715182855
-11.5,86.5,417.78519052007965
-11.5,87.5,417.7935071792047
-11.5,88.5,417.800328877988
-11.5,89.5,417.8082004592304
-11.5,90.5,417.81685592080817
-11.5,91.5,417.8237469060622
-11.5,92.5,417.8299675296672
-11.5,93.5,417.8336915668116
-11.5,94.5,417.8354730946539
-11.5,95.5,417.8406646939727
-11.5,96.5,417.8407802559265
-11.5,97.5,417.84667727799456
-11.5,98.5,417.8482401724997
-11.5,99.5,417.8486299285175
-11.5,100.5,417.845592455892
-11.5,101.5,417.8403046043287
-11.5,102.5,417.8351427926543
-11.5,103.5,417.83456131991727
-11.5,104.5,417.83644451068056
-11.5,105.5,417.83887406756304
-11.5,106.5,417.8406400636267
-11.5,107.5,417.8411732156386
-11.5,108.5,417.8391421495432
-11.5,109.5,417.8313924688314
-11.5,110.5,417.818939976107
-11.5,111.5,417.8044195672086
-11.5,112.5,417.7881365550487
-11.5,113.5,417.769690011783
-11.5,114.5,417.7507649262782
-11.5,115.5,417.7340437781161
-11.5,116.5,417.719243408711
-11.5,117.5,417.7088223556614
-11.5,118.5,417.7035508999728
-11.5,119.5,417.7055823775955
-11.5,120.5,417.7093299038452
-11.5,121.5,417.7096018658231
-11.5,122.5,417.70811153133866
-11.5,123.5,417.6982328547112
-11.5,124.5,417.6812460177465
-11.5,125.5,417.6618800032899
-11.5,126.5,417.64547071209296
-11.5,127.5,417.6339011596848
-11.5,128.5,417.62661741003456
-11.5,129.5,417.6238945117824
-11.5,130.5,417.6299845225686
-11.5,131.5,417.6403291982466
-11.5,132.5,417.6685409211046
-11.5,133.5,417.7021222543517
-11.5,134.5,417.7397217583037
-11.5,135.5,417.77647620069786
-11.5,136.5,417.80544714660175
-11.5,137.5,417.83260366124216
-11.5,138.5,417.86064237155057
-11.5,139.5,417.8875926032503
-11.5,140.5,417.911050897218
-11.5,141.5,417.9286612524186
-11.5,142.5,417.9443993917907
-11.5,143.5,417.9702226861589
-11.5,144.5,417.9874209765858
-11.5,145.5,418.00141526133336
-11.5,146.5,418.0138141384587
-11.5,147.5,418.0258380815026
-11.5,148.5,418.0371059800227
-11.5,149.5,418.03761733486897
-11.5,150.5,418.0295826525663
-11.5,151.5,418.0408621116294
-11.5,152.5,418.0470339936871
-11.5,153.5,418.0508780825803
-11.5,154.5,418.06547298370776
-11.5,155.5,418.0806118033678
-11.5,156.5,418.095478616034
-11.5,157.5,418.11516460490407
-11.5,158.5,418.12641444998457
-11.5,159.5,418.1383068148242
-11.5,160.5,418.14957193568
-11.5,161.5,418.1534935181768
-11.5,162.5,418.1529954798713
-11.5,163.5,418.1540060519518
-11.5,164.5,418.15856566703576
-11.5,165.5,418.1617766181103
-11.5,166.5,418.1749170788697
-11.5,167.5,418.1882624376173
-11.5,168.5,418.1958512676488
-11.5,169.5,418.2039318441721
-11.5,170.5,418.19292245174734
-11.5,171.5,418.1941397914876
-11.5,172.5,418.1836390814058
-11.5,173.5,418.1726688073793
-11.5,174.5,418.1623876670115
-11.5,175.5,418.15072643767286
-11.5,176.5,418.1089866601445
-11.5,177.5,418.1269193959094
-11.5,178.5,418.11856943994735
-11.5,179.5,418.11040532239406
-10.5,-179.5,418.1359486377096
-10.5,-178.5,418.1276319526893
-10.5,-177.5,418.12129707339216
-10.5,-176.5,418.1160217137325
-10.5,-175.5,418.1131199434779
-10.5,-174.5,418.1119643801866
-10.5,-173.5,418.1105645246753
-10.5,-172.5,418.10794714321867
-10.5,-171.5,418.10544559522873
-10.5,-170.5,418.1027260660866
-10.5,-169.5,418.0990382337744
-10.5,-168.5,418.095494146248
-10.5,-167.5,418.09288184774175
-10.5,-166.5,418.08991233503855
-10.5,-165.5,418.0864758717462
-10.5,-164.5,418.084400043552
-10.5,-163.5,418.0822554503281
-10.5,-162.5,418.0810610054918
-10.5,-161.5,418.08017454401966
-10.5,-160.5,418.07851906714654
-10.5,-159.5,418.0774537165119
-10.5,-158.5,418.07726870384096
-10.5,-157.5,418.0767065747246
-10.5,-156.5,418.0753018508031
-10.5,-155.5,418.0727554780776
-10.5,-154.5,418.0700909896604
-10.5,-153.5,418.0669644733522
-10.5,-152.5,418.0640956714881
-10.5,-151.5,418.0617366857096
-10.5,-150.5,418.0594635104349
-10.5,-149.5,418.0574314369852
-10.5,-148.5,418.0555916786237
-10.5,-147.5,418.05485105818457
-10.5,-146.5,418.05388917457134
-10.5,-145.5,418.0528576456927
-10.5,-144.5,418.050987039845
-10.5,-143.5,418.048616992521
-10.5,-142.5,418.04691384293113
-10.5,-141.5,418.045915236475
-10.5,-140.5,418.0439566435927
-10.5,-139.5,418.0422063168522
-10.5,-138.5,418.040162799855
-10.5,-137.5,418.0380227445413
-10.5,-136.5,418.0351116739288
-10.5,-135.5,418.0329466832112
-10.5,-134.5,418.0298234213332
-10.5,-133.5,418.0272461295956
-10.5,-132.5,418.0236615629941
-10.5,-131.5,418.0210747485098
-10.5,-130.5,418.0188456344338
-10.5,-129.5,418.0169398834248
-10.5,-128.5,418.0159800646188
-10.5,-127.5,418.0159211864293
-10.5,-126.5,418.0164403385592
-10.5,-125.5,418.0178996257763
-10.5,-124.5,418.0202493556883
-10.5,-123.5,418.0231571676424
-10.5,-122.5,418.0232784667764
-10.5,-121.5,418.02571170991024
-10.5,-120.5,418.0276049190153
-10.5,-119.5,418.02942649641307
-10.5,-118.5,418.0324527071141
-10.5,-117.5,418.0341046227644
-10.5,-116.5,418.0349187016544
-10.5,-115.5,418.0397833813831
-10.5,-114.5,418.0448717370542
-10.5,-113.5,418.0516231776425
-10.5,-112.5,418.059264805429
-10.5,-111.5,418.06688032518855
-10.5,-110.5,418.07523415278126
-10.5,-109.5,418.083392448465
-10.5,-108.5,418.09224984759214
-10.5,-107.5,418.1018229729129
-10.5,-106.5,418.1095264134949
-10.5,-105.5,418.1176179588401
-10.5,-104.5,418.1254170204534
-10.5,-103.5,418.13152747050367
-10.5,-102.5,418.13571736558384
-10.5,-101.5,418.13934897616855
-10.5,-100.5,418.14133211926
-10.5,-99.5,418.1444198904738
-10.5,-98.5,418.15134843837575
-10.5,-97.5,418.154835438564
-10.5,-96.5,418.1577908252956
-10.5,-95.5,418.1589835875918
-10.5,-94.5,418.15858728859007
-10.5,-93.5,418.1586583521153
-10.5,-92.5,418.1640850440665
-10.5,-91.5,418.16746554118606
-10.5,-90.5,418.1535048667052
-10.5,-89.5,418.1791020240355
-10.5,-88.5,418.18981825381513
-10.5,-87.5,418.20213966291885
-10.5,-86.5,418.2160720442953
-10.5,-85.5,418.2311603517444
-10.5,-84.5,418.2463930971112
-10.5,-83.5,418.2609612754753
-10.5,-82.5,418.27987259331655
-10.5,-81.5,418.2939395985868
-10.5,-80.5,418.3003274966858
-10.5,-79.5,418.3058112429917
-10.5,-78.5,418.3244272931311
-10.5,-77.5,418.29006706884405
-10.5,-76.5,418.0219063447346
-10.5,-75.5,418.2436152141879
-10.5,-74.5,418.303570126137
-10.5,-73.5,418.6148646527103
-10.5,-72.5,418.6135750084802
-10.5,-71.5,418.69566081780334
-10.5,-70.5,418.75923943604016
-10.5,-69.5,418.8365932889382
-10.5,-68.5,418.9120901388365
-10.5,-67.5,418.9265637224794
-10.5,-66.5,418.9331803763307
-10.5,-65.5,418.90772041097927
-10.5,-64.5,418.8749165084577
-10.5,-63.5,418.860779458094
-10.5,-62.5,418.8245591184859
-10.5,-61.5,418.80528063583967
-10.5,-60.5,418.8220980214691
-10.5,-59.5,418.8195741313488
-10.5,-58.5,418.8385131041711
-10.5,-57.5,418.8283713311303
-10.5,-56.5,418.7731944493544
-10.5,-55.5,418.8362913422737
-10.5,-54.5,418.8149397457904
-10.5,-53.5,418.9400170919852
-10.5,-52.5,418.9623519491037
-10.5,-51.5,418.93310312959056
-10.5,-50.5,418.9802954778695
-10.5,-49.5,418.9790151353351
-10.5,-48.5,418.9704713916805
-10.5,-47.5,418.93527279193137
-10.5,-46.5,418.8497316873987
-10.5,-45.5,418.748872434138
-10.5,-44.5,418.6990092102267
-10.5,-43.5,418.5917199326556
-10.5,-42.5,418.5193587031057
-10.5,-41.5,418.4218675373127
-10.5,-40.5,418.3675038344298
-10.5,-39.5,418.3091770783352
-10.5,-38.5,418.25288717597874
-10.5,-37.5,418.1853571716943
-10.5,-36.5,418.1008991475255
-10.5,-35.5,418.0014639020107
-10.5,-34.5,417.98859905762674
-10.5,-33.5,417.9826684076367
-10.5,-32.5,417.9783584285721
-10.5,-31.5,417.97416770688255
-10.5,-30.5,417.9743427116049
-10.5,-29.5,417.9774840491102
-10.5,-28.5,417.9815376598021
-10.5,-27.5,417.98371387229406
-10.5,-26.5,417.9828190612613
-10.5,-25.5,417.9799807670453
-10.5,-24.5,417.9765651086064
-10.5,-23.5,417.9733331789634
-10.5,-22.5,417.9717152023839
-10.5,-21.5,417.9738482402885
-10.5,-20.5,417.9724026471878
-10.5,-19.5,417.9656522038144
-10.5,-18.5,417.9572479827693
-10.5,-17.5,417.95128314544
-10.5,-16.5,417.9439353333572
-10.5,-15.5,417.9404093090661
-10.5,-14.5,417.9362794639306
-10.5,-13.5,417.9317117981721
-10.5,-12.5,417.9286923350893
-10.5,-11.5,417.9289851577568
-10.5,-10.5,417.92831781460114
-10.5,-9.5,417.9288725311877
-10.5,-8.5,417.9301011910432
-10.5,-7.5,417.9268918924694
-10.5,-6.5,417.9270842278119
-10.5,-5.5,417.9219968250915
-10.5,-4.5,417.91327697526657
-10.5,-3.5,417.9083544573356
-10.5,-2.5,417.9072315026843
-10.5,-1.5,417.9047389329105
-10.5,-0.5,417.8982841806756
-10.5,0.5,417.8911451898943
-10.5,1.5,417.8855639435324
-10.5,2.5,417.8784166319022
-10.5,3.5,417.87358429468776
-10.5,4.5,417.8679312149443
-10.5,5.5,417.86309213247216
-10.5,6.5,417.8606054623205
-10.5,7.5,417.8547950823718
-10.5,8.5,417.8481410666117
-10.5,9.5,417.8454695313608
-10.5,10.5,417.8423667090736
-10.5,11.5,417.82903217011074
-10.5,12.5,417.81504474765273
-10.5,13.5,417.8094559445672
-10.5,14.5,417.788420530791
-10.5,15.5,417.6582901321926
-10.5,16.5,417.6540929377337
-10.5,17.5,417.5412227504154
-10.5,18.5,417.4871560651294
-10.5,19.5,417.3789417639081
-10.5,20.5,417.3549527840803
-10.5,21.5,417.3189633386264
-10.5,22.5,417.3591009836375
-10.5,23.5,417.4035486142935
-10.5,24.5,417.51937025603104
-10.5,25.5,417.6348816521112
-10.5,26.5,417.7655443889687
-10.5,27.5,417.8638116119537
-10.5,28.5,417.9771741523563
-10.5,29.5,418.0396138173353
-10.5,30.5,418.0838890392391
-10.5,31.5,418.1209535603804
-10.5,32.5,418.1399273169337
-10.5,33.5,418.1139154684312
-10.5,34.5,418.2123375485607
-10.5,35.5,418.24200969487686
-10.5,36.5,418.2374965390496
-10.5,37.5,418.24938985679705
-10.5,38.5,418.17290635308586
-10.5,39.5,418.1118121173526
-10.5,40.5,418.0608201951772
-10.5,41.5,418.0444919217883
-10.5,42.5,418.0195429173007
-10.5,43.5,417.993570640644
-10.5,44.5,417.9627713362212
-10.5,45.5,417.9291451625717
-10.5,46.5,417.9008328373122
-10.5,47.5,417.8739266958629
-10.5,48.5,417.850227769608
-10.5,49.5,417.8324771825004
-10.5,50.5,417.8180551371965
-10.5,51.5,417.8075295597884
-10.5,52.5,417.8010570169982
-10.5,53.5,417.79532950557626
-10.5,54.5,417.7900573561872
-10.5,55.5,417.785509563608
-10.5,56.5,417.7775093550292
-10.5,57.5,417.78369387203134
-10.5,58.5,417.7781027786328
-10.5,59.5,417.7789117119975
-10.5,60.5,417.7706959721191
-10.5,61.5,417.7557933725016
-10.5,62.5,417.7507856027015
-10.5,63.5,417.7449592680604
-10.5,64.5,417.7403003761798
-10.5,65.5,417.7364990859833
-10.5,66.5,417.73875583988047
-10.5,67.5,417.74185292125753
-10.5,68.5,417.73973366822526
-10.5,69.5,417.7404723983216
-10.5,70.5,417.7366634041352
-10.5,71.5,417.7383686397717
-10.5,72.5,417.7416488467972
-10.5,73.5,417.7416338712403
-10.5,74.5,417.74475300401417
-10.5,75.5,417.7496665187732
-10.5,76.5,417.7507869289408
-10.5,77.5,417.75603378563113
-10.5,78.5,417.7627750905614
-10.5,79.5,417.7757052893557
-10.5,80.5,417.7889351586787
-10.5,81.5,417.8014430181556
-10.5,82.5,417.8099697801261
-10.5,83.5,417.8193415059017
-10.5,84.5,417.823845008127
-10.5,85.5,417.8307722963225
-10.5,86.5,417.8370134318705
-10.5,87.5,417.844325137526
-10.5,88.5,417.8487240913005
-10.5,89.5,417.8552469261282
-10.5,90.5,417.8636777598873
-10.5,91.5,417.8707913435248
-10.5,92.5,417.8790282626517
-10.5,93.5,417.885573189076
-10.5,94.5,417.8909667986288
-10.5,95.5,417.89654542787207
-10.5,96.5,417.9020363224256
-10.5,97.5,417.90851059860495
-10.5,98.5,417.9126425594023
-10.5,99.5,417.91327032617
-10.5,100.5,417.9083221540634
-10.5,101.5,417.906588390896
-10.5,102.5,417.90661817423495
-10.5,103.5,417.9094663571251
-10.5,104.5,417.9201225361791
-10.5,105.5,417.9263375947175
-10.5,106.5,417.9230954072023
-10.5,107.5,417.92902025287066
-10.5,108.5,417.92364036294055
-10.5,109.5,417.91359018242304
-10.5,110.5,417.8988627575101
-10.5,111.5,417.8837742687648
-10.5,112.5,417.8689237370544
-10.5,113.5,417.85546673083456
-10.5,114.5,417.8429167837339
-10.5,115.5,417.8319662804125
-10.5,116.5,417.8200741574761
-10.5,117.5,417.81506956412335
-10.5,118.5,417.8120089498096
-10.5,119.5,417.7948805992946
-10.5,120.5,417.8170799334487
-10.5,121.5,417.817879654266
-10.5,122.5,417.8213337697482
-10.5,123.5,417.81756870126816
-10.5,124.5,417.8030207113568
-10.5,125.5,417.7803427320532
-10.5,126.5,417.7636559257961
-10.5,127.5,417.7559621942276
-10.5,128.5,417.7583774714548
-10.5,129.5,417.761895281409
-10.5,130.5,417.7714484286085
-10.5,131.5,417.7904337660238
-10.5,132.5,417.821020965652
-10.5,133.5,417.8552768932973
-10.5,134.5,417.8879928204127
-10.5,135.5,417.9145528490882
-10.5,136.5,417.9407022808828
-10.5,137.5,417.96855500006586
-10.5,138.5,417.9980506760272
-10.5,139.5,418.024386188389
-10.5,140.5,418.0456941441467
-10.5,141.5,418.0618248796413
-10.5,142.5,418.0745721189952
-10.5,143.5,418.085072986339
-10.5,144.5,418.1030171063204
-10.5,145.5,418.11774475016216
-10.5,146.5,418.1363154514044
-10.5,147.5,418.1536687576895
-10.5,148.5,418.1677234818237
-10.5,149.5,418.114411116081
-10.5,150.5,418.1221755735171
-10.5,151.5,418.1265045150892
-10.5,152.5,418.13534569053286
-10.5,153.5,418.1481504048113
-10.5,154.5,418.1601020583847
-10.5,155.5,418.1717758053703
-10.5,156.5,418.1875743578345
-10.5,157.5,418.2022421633695
-10.5,158.5,418.2076357619562
-10.5,159.5,418.2147320028297
-10.5,160.5,418.22335819934574
-10.5,161.5,418.2125159666365
-10.5,162.5,418.2216996566066
-10.5,163.5,418.2241909695943
-10.5,164.5,418.2329130858415
-10.5,165.5,418.2396081282462
-10.5,166.5,418.2511656231119
-10.5,167.5,418.2571191686205
-10.5,168.5,418.2581802573107
-10.5,169.5,418.254670847598
-10.5,170.5,418.2466104642703
-10.5,171.5,418.23422577351903
-10.5,172.5,418.2212045978465
-10.5,173.5,418.2088170820565
-10.5,174.5,418.19670581289057
-10.5,175.5,418.1843579315975
-10.5,176.5,418.1715174096358
-10.5,177.5,418.1614531429775
-10.5,178.5,418.1533209942997
-10.5,179.5,418.1447746240399
-9.5,-179.5,418.1763466734974
-9.5,-178.5,418.1703693375693
-9.5,-177.5,418.1671950804082
-9.5,-176.5,418.16403166761006
-9.5,-175.5,418.1630398806688
-9.5,-174.5,418.1626271089818
-9.5,-173.5,418.1610077263973
-9.5,-172.5,418.1585509286813
-9.5,-171.5,418.1561924144892
-9.5,-170.5,418.1530493940624
-9.5,-169.5,418.1508223797261
-9.5,-168.5,418.1488267352137
-9.5,-167.5,418.1461300111778
-9.5,-166.5,418.1433068751403
-9.5,-165.5,418.1422859616733
-9.5,-164.5,418.1401396183888
-9.5,-163.5,418.1384715575893
-9.5,-162.5,418.137341243829
-9.5,-161.5,418.13595699666905
-9.5,-160.5,418.13439900557137
-9.5,-159.5,418.1335431078096
-9.5,-158.5,418.1338786480591
-9.5,-157.5,418.1326231422308
-9.5,-156.5,418.13017273444297
-9.5,-155.5,418.12608073760464
-9.5,-154.5,418.1225436903906
-9.5,-153.5,418.1198633823723
-9.5,-152.5,418.1179931333408
-9.5,-151.5,418.1166501639602
-9.5,-150.5,418.1156112336352
-9.5,-149.5,418.1142471173468
-9.5,-148.5,418.1129269871439
-9.5,-147.5,418.11217965651446
-9.5,-146.5,418.1111123717358
-9.5,-145.5,418.1094362047057
-9.5,-144.5,418.0915511861804
-9.5,-143.5,418.1061470781381
-9.5,-142.5,418.1046041581117
-9.5,-141.5,418.1042431266
-9.5,-140.5,418.10325426846015
-9.5,-139.5,418.1027261643359
-9.5,-138.5,418.0875255672696
-9.5,-137.5,418.1007083844172
-9.5,-136.5,418.0990488215021
-9.5,-135.5,418.0965938528246
-9.5,-134.5,418.094822201828
-9.5,-133.5,418.09404869030527
-9.5,-132.5,418.0941632761695
-9.5,-131.5,418.0949540711615
-9.5,-130.5,418.0957963448179
-9.5,-129.5,418.0970748848455
-9.5,-128.5,418.09654128936006
-9.5,-127.5,418.0994507951351
-9.5,-126.5,418.1025401562789
-9.5,-125.5,418.1051167589733
-9.5,-124.5,418.10794251012817
-9.5,-123.5,418.1121710515299
-9.5,-122.5,418.1170363980351
-9.5,-121.5,418.1181854853593
-9.5,-120.5,418.1203384818522
-9.5,-119.5,418.1204003535176
-9.5,-118.5,418.12162611230553
-9.5,-117.5,418.1233877498641
-9.5,-116.5,418.1272853703304
-9.5,-115.5,418.13109688548536
-9.5,-114.5,418.1357364826633
-9.5,-113.5,418.1414478766456
-9.5,-112.5,418.1475363642791
-9.5,-111.5,418.1545207460304
-9.5,-110.5,418.1613319226199
-9.5,-109.5,418.1671978529961
-9.5,-108.5,418.17457702316193
-9.5,-107.5,418.181965289563
-9.5,-106.5,418.1886335728316
-9.5,-105.5,418.19823432779424
-9.5,-104.5,418.2042652940336
-9.5,-103.5,418.2085264288529
-9.5,-102.5,418.2129363702251
-9.5,-101.5,418.2173339213636
-9.5,-100.5,418.22267695577233
-9.5,-99.5,418.2270718353023
-9.5,-98.5,418.2315294364267
-9.5,-97.5,418.23448319597424
-9.5,-96.5,418.2363156760005
-9.5,-95.5,418.2371049850194
-9.5,-94.5,418.2379143334999
-9.5,-93.5,418.244767873443
-9.5,-92.5,418.2476895296947
-9.5,-91.5,418.25043987146825
-9.5,-90.5,418.255971985685
-9.5,-89.5,418.264867636084
-9.5,-88.5,418.2752590595357
-9.5,-87.5,418.2879014309561
-9.5,-86.5,418.30754799191294
-9.5,-85.5,418.32330963126384
-9.5,-84.5,418.3389362231682
-9.5,-83.5,418.354661464267
-9.5,-82.5,418.3688389861262
-9.5,-81.5,418.3742372796335
-9.5,-80.5,418.3673905671011
-9.5,-79.5,418.3600539434056
-9.5,-78.5,418.34905338597713
-9.5,-77.5,418.0573792200079
-9.5,-76.5,418.1018170334316
-9.5,-75.5,418.2510871324306
-9.5,-74.5,418.7105060510472
-9.5,-73.5,418.7395191387009
-9.5,-72.5,418.8043191063695
-9.5,-71.5,418.85701471775366
-9.5,-70.5,418.9030239724653
-9.5,-69.5,418.940186982641
-9.5,-68.5,418.983405192647
-9.5,-67.5,419.03025052013095
-9.5,-66.5,419.04021214268937
-9.5,-65.5,419.03913548348805
-9.5,-64.5,419.05552239823794
-9.5,-63.5,419.0135158395644
-9.5,-62.5,418.9872044410533
-9.5,-61.5,418.9494741380623
-9.5,-60.5,418.96099154493214
-9.5,-59.5,418.944479554408
-9.5,-58.5,418.9660065830117
-9.5,-57.5,418.9571132322474
-9.5,-56.5,418.9473663096697
-9.5,-55.5,418.9322390473711
-9.5,-54.5,418.9220592281929
-9.5,-53.5,419.0379484356001
-9.5,-52.5,419.0256416925992
-9.5,-51.5,419.0868172758209
-9.5,-50.5,419.1166171330246
-9.5,-49.5,419.1211080236745
-9.5,-48.5,419.0847772274655
-9.5,-47.5,419.0589094398919
-9.5,-46.5,419.00535052684177
-9.5,-45.5,418.89864110792666
-9.5,-44.5,418.8093230412536
-9.5,-43.5,418.6570915870319
-9.5,-42.5,418.5940963907368
-9.5,-41.5,418.4911371911892
-9.5,-40.5,418.42812472494745
-9.5,-39.5,418.3610828743901
-9.5,-38.5,418.32546271433125
-9.5,-37.5,418.2797914236449
-9.5,-36.5,418.21207136043824
-9.5,-35.5,418.0597505482496
-9.5,-34.5,418.0346713617397
-9.5,-33.5,418.0289734517403
-9.5,-32.5,418.0268488919559
-9.5,-31.5,418.0296219732088
-9.5,-30.5,418.0363952399151
-9.5,-29.5,418.0419416829722
-9.5,-28.5,418.04389060284007
-9.5,-27.5,418.0432130542658
-9.5,-26.5,418.0411934814642
-9.5,-25.5,418.0389360193072
-9.5,-24.5,418.0358976570777
-9.5,-23.5,418.03343884229656
-9.5,-22.5,418.0342713358877
-9.5,-21.5,418.0363897895617
-9.5,-20.5,418.0314615253532
-9.5,-19.5,418.02650315906527
-9.5,-18.5,418.02138377712186
-9.5,-17.5,418.01585479865776
-9.5,-16.5,418.0108185864781
-9.5,-15.5,418.00722554442353
-9.5,-14.5,418.0111191672556
-9.5,-13.5,418.0103704948876
-9.5,-12.5,418.0097246835139
-9.5,-11.5,418.0088340409984
-9.5,-10.5,418.009610743742
-9.5,-9.5,418.0119285698346
-9.5,-8.5,418.0120527686929
-9.5,-7.5,418.01020407036606
-9.5,-6.5,418.0061871399527
-9.5,-5.5,418.0009633632026
-9.5,-4.5,417.9953579779185
-9.5,-3.5,417.9917654240226
-9.5,-2.5,417.9895312088999
-9.5,-1.5,417.9843121788157
-9.5,-0.5,417.97706533533307
-9.5,0.5,417.9686016515648
-9.5,1.5,417.9597100497776
-9.5,2.5,417.9540703655962
-9.5,3.5,417.95092940624033
-9.5,4.5,417.9480570714521
-9.5,5.5,417.94699822536137
-9.5,6.5,417.94976100103247
-9.5,7.5,417.95200634083017
-9.5,8.5,417.951462460128
-9.5,9.5,417.950663233985
-9.5,10.5,417.9460514807421
-9.5,11.5,417.94120393828086
-9.5,12.5,417.9349021058818
-9.5,13.5,417.9277418725368
-9.5,14.5,417.9037864483149
-9.5,15.5,417.8160446429281
-9.5,16.5,417.7840148157935
-9.5,17.5,417.7841679335312
-9.5,18.5,417.6488324461939
-9.5,19.5,417.508811171299
-9.5,20.5,417.4920846887914
-9.5,21.5,417.4843829825292
-9.5,22.5,417.5296228247056
-9.5,23.5,417.5980244296012
-9.5,24.5,417.6995472432218
-9.5,25.5,417.79022186130936
-9.5,26.5,417.88881954531774
-9.5,27.5,417.9705760140197
-9.5,28.5,418.15380252055553
-9.5,29.5,418.1980081350699
-9.5,30.5,418.1755477673869
-9.5,31.5,418.2166774686257
-9.5,32.5,418.2520676076065
-9.5,33.5,418.2272737381735
-9.5,34.5,418.2341815994129
-9.5,35.5,418.33022323834905
-9.5,36.5,418.38683906623294
-9.5,37.5,418.3466444445294
-9.5,38.5,418.2305182956882
-9.5,39.5,418.1437119240461
-9.5,40.5,418.1116898898368
-9.5,41.5,418.0886031633658
-9.5,42.5,418.0668331467793
-9.5,43.5,418.0379510746512
-9.5,44.5,418.00068709696575
-9.5,45.5,417.963927747547
-9.5,46.5,417.9342031500398
-9.5,47.5,417.9060184916312
-9.5,48.5,417.8878111965162
-9.5,49.5,417.8723650309597
-9.5,50.5,417.8620466864306
-9.5,51.5,417.8526169442383
-9.5,52.5,417.8445863582359
-9.5,53.5,417.8383870501239
-9.5,54.5,417.8334584801574
-9.5,55.5,417.8219767839063
-9.5,56.5,417.827453522387
-9.5,57.5,417.8266244052521
-9.5,58.5,417.831774881345
-9.5,59.5,417.8252512717288
-9.5,60.5,417.8170566866945
-9.5,61.5,417.8091489268793
-9.5,62.5,417.80228292627066
-9.5,63.5,417.7989523461721
-9.5,64.5,417.794990812611
-9.5,65.5,417.7939064204646
-9.5,66.5,417.7980343402063
-9.5,67.5,417.7963375771504
-9.5,68.5,417.8010438689767
-9.5,69.5,417.7971994099465
-9.5,70.5,417.7922668967783
-9.5,71.5,417.7866906974889
-9.5,72.5,417.795290918338
-9.5,73.5,417.7961897433845
-9.5,74.5,417.7949761747122
-9.5,75.5,417.7983759229588
-9.5,76.5,417.8043427658541
-9.5,77.5,417.80920665511024
-9.5,78.5,417.81998617531286
-9.5,79.5,417.8334387192494
-9.5,80.5,417.8475740789905
-9.5,81.5,417.8616634453781
-9.5,82.5,417.8732792638967
-9.5,83.5,417.88241393209705
-9.5,84.5,417.88927602676574
-9.5,85.5,417.8948626470476
-9.5,86.5,417.9014498660041
-9.5,87.5,417.9037355947437
-9.5,88.5,417.9085598459217
-9.5,89.5,417.91547367167374
-9.5,90.5,417.9185681749596
-9.5,91.5,417.93162618655504
-9.5,92.5,417.94203127910015
-9.5,93.5,417.9504508244946
-9.5,94.5,417.9586477568847
-9.5,95.5,417.9632678861991
-9.5,96.5,417.97844100189343
-9.5,97.5,417.98670862275344
-9.5,98.5,418.0008694149792
-9.5,99.5,418.00720842658353
-9.5,100.5,418.01158278219725
-9.5,101.5,418.0173482563872
-9.5,102.5,418.0233207955043
-9.5,103.5,418.0286562951595
-9.5,104.5,418.02843486784417
-9.5,105.5,418.04280882716927
-9.5,106.5,418.0430261236042
-9.5,107.5,418.0411190663276
-9.5,108.5,418.0369498655415
-9.5,109.5,418.0299157265567
-9.5,110.5,418.0236173278693
-9.5,111.5,418.0087424346648
-9.5,112.5,417.9909502357879
-9.5,113.5,417.9768594104322
-9.5,114.5,417.9686875541236
-9.5,115.5,417.96224224785055
-9.5,116.5,417.958197971496
-9.5,117.5,417.9521455660994
-9.5,118.5,417.94325843655673
-9.5,119.5,417.9343129082712
-9.5,120.5,417.9313205456407
-9.5,121.5,417.9384663645484
-9.5,122.5,417.9417460160778
-9.5,123.5,417.9534848376378
-9.5,124.5,417.9366316649569
-9.5,125.5,417.9020610915487
-9.5,126.5,417.8936914069495
-9.5,127.5,417.8929251799179
-9.5,128.5,417.9040395048596
-9.5,129.5,417.9182897874453
-9.5,130.5,417.9323665124094
-9.5,131.5,417.9532261057908
-9.5,132.5,417.9773896822613
-9.5,133.5,418.0036736444596
-9.5,134.5,418.03102226624935
-9.5,135.5,418.0591450225164
-9.5,136.5,418.0833342093285
-9.5,137.5,418.11048311375777
-9.5,138.5,418.13411853608784
-9.5,139.5,418.1548063927838
-9.5,140.5,418.1730009934303
-9.5,141.5,418.1872778068506
-9.5,142.5,418.19372673753634
-9.5,143.5,418.2037090937639
-9.5,144.5,418.2209502642428
-9.5,145.5,418.25311902556825
-9.5,146.5,418.2887519511284
-9.5,147.5,418.3003589431775
-9.5,148.5,418.16864072799007
-9.5,149.5,418.1815219475748
-9.5,150.5,418.22300027337866
-9.5,151.5,418.2254613028428
-9.5,152.5,418.2379662984058
-9.5,153.5,418.2422742645128
-9.5,154.5,418.2589248090889
-9.5,155.5,418.2702023233985
-9.5,156.5,418.2828574720847
-9.5,157.5,418.2927109228631
-9.5,158.5,418.2990471489929
-9.5,159.5,418.2898491372874
-9.5,160.5,418.2643316552198
-9.5,161.5,418.2866030770688
-9.5,162.5,418.2905212266165
-9.5,163.5,418.2957158646263
-9.5,164.5,418.2928773043421
-9.5,165.5,418.3111325987153
-9.5,166.5,418.3104738728133
-9.5,167.5,418.3077457093502
-9.5,168.5,418.3029768701029
-9.5,169.5,418.29437414706905
-9.5,170.5,418.28234963389616
-9.5,171.5,418.2681448553144
-9.5,172.5,418.253942458138
-9.5,173.5,418.241360242929
-9.5,174.5,418.2300964401092
-9.5,175.5,418.18820337367794
-9.5,176.5,418.2076707812481
-9.5,177.5,418.1991020759551
-9.5,178.5,418.1910310306136
-9.5,179.5,418.18345482011176
-8.5,-179.5,418.2249408049822
-8.5,-178.5,418.2210088021421
-8.5,-177.5,418.2184793894258
-8.5,-176.5,418.21646491797776
-8.5,-175.5,418.2152058184346
-8.5,-174.5,418.2142470543192
-8.5,-173.5,418.2123897747631
-8.5,-172.5,418.2101993504964
-8.5,-171.5,418.2083647953183
-8.5,-170.5,418.2063091294055
-8.5,-169.5,418.2050287261048
-8.5,-168.5,418.2035687703979
-8.5,-167.5,418.2028476333808
-8.5,-166.5,418.2013752248637
-8.5,-165.5,418.19979699250206
-8.5,-164.5,418.1982605981271
-8.5,-163.5,418.1963433577904
-8.5,-162.5,418.19423280570624
-8.5,-161.5,418.1928631477304
-8.5,-160.5,418.19084316145927
-8.5,-159.5,418.18938823749306
-8.5,-158.5,418.1882302994723
-8.5,-157.5,418.1867737055354
-8.5,-156.5,418.183877650167
-8.5,-155.5,418.1810308213666
-8.5,-154.5,418.1788263821596
-8.5,-153.5,418.1770067699884
-8.5,-152.5,418.17573047867984
-8.5,-151.5,418.1751066689209
-8.5,-150.5,418.179214457608
-8.5,-149.5,418.1755267091769
-8.5,-148.5,418.17392098388257
-8.5,-147.5,418.17223437447785
-8.5,-146.5,418.170048100506
-8.5,-145.5,418.16777693342976
-8.5,-144.5,418.1662558361448
-8.5,-143.5,418.1660288447066
-8.5,-142.5,418.1661022876126
-8.5,-141.5,418.1661785283842
-8.5,-140.5,418.1524349372103
-8.5,-139.5,418.1666615853609
-8.5,-138.5,418.1667428253044
-8.5,-137.5,418.167427801104
-8.5,-136.5,418.1662625106184
-8.5,-135.5,418.1660464019701
-8.5,-134.5,418.1660005394068
-8.5,-133.5,418.1666184510127
-8.5,-132.5,418.1688906442195
-8.5,-131.5,418.173408811735
-8.5,-130.5,418.1685967061773
-8.5,-129.5,418.1814603329331
-8.5,-128.5,418.1861249033364
-8.5,-127.5,418.190364209292
-8.5,-126.5,418.1937554633903
-8.5,-125.5,418.1946486167371
-8.5,-124.5,418.1975362540522
-8.5,-123.5,418.2023448955636
-8.5,-122.5,418.20631931025406
-8.5,-121.5,418.2096344879832
-8.5,-120.5,418.2103429269116
-8.5,-119.5,418.2107416030609
-8.5,-118.5,418.2127148528183
-8.5,-117.5,418.21560259071856
-8.5,-116.5,418.2197115038596
-8.5,-115.5,418.2214558556879
-8.5,-114.5,418.2267191978107
-8.5,-113.5,418.233156469173
-8.5,-112.5,418.2381451297724
-8.5,-111.5,418.2432012188352
-8.5,-110.5,418.24852044681126
-8.5,-109.5,418.2544475747069
-8.5,-108.5,418.2598599757655
-8.5,-107.5,418.2661640393856
-8.5,-106.5,418.2721377376223
-8.5,-105.5,418.2779906794666
-8.5,-104.5,418.2823078205693
-8.5,-103.5,418.2856489031696
-8.5,-102.5,418.2906536560403
-8.5,-101.5,418.2975898598512
-8.5,-100.5,418.3036572518897
-8.5,-99.5,418.3086900948792
-8.5,-98.5,418.3119207218478
-8.5,-97.5,418.314197027069
-8.5,-96.5,418.3167813595394
-8.5,-95.5,418.32062941037617
-8.5,-94.5,418.322807395022
-8.5,-93.5,418.325605240814
-8.5,-92.5,418.3289868897486
-8.5,-91.5,418.33393934016544
-8.5,-90.5,418.3413231233883
-8.5,-89.5,418.3539316161508
-8.5,-88.5,418.3661067597671
-8.5,-87.5,418.38143368891775
-8.5,-86.5,418.3990125765053
-8.5,-85.5,418.4147334849822
-8.5,-84.5,418.4299988207753
-8.5,-83.5,418.4460465725646
-8.5,-82.5,418.456198016406
-8.5,-81.5,418.4494056666953
-8.5,-80.5,418.43212829533815
-8.5,-79.5,418.426256875393
-8.5,-78.5,418.2496715649198
-8.5,-77.5,418.2202443010464
-8.5,-76.5,418.377429314602
-8.5,-75.5,418.6603657767164
-8.5,-74.5,418.86970494471393
-8.5,-73.5,418.76838940627874
-8.5,-72.5,418.9353666005208
-8.5,-71.5,418.9208903374898
-8.5,-70.5,418.96314081052265
-8.5,-69.5,419.006132144134
-8.5,-68.5,419.06661973643054
-8.5,-67.5,419.1265950426907
-8.5,-66.5,419.1298767393433
-8.5,-65.5,419.16821340946257
-8.5,-64.5,419.1560625767747
-8.5,-63.5,419.1715152300432
-8.5,-62.5,419.14358852985856
-8.5,-61.5,419.08119258108223
-8.5,-60.5,419.1062479783872
-8.5,-59.5,419.1032067762982
-8.5,-58.5,419.1161863952141
-8.5,-57.5,419.0836462030446
-8.5,-56.5,418.9953991017456
-8.5,-55.5,419.05395152409415
-8.5,-54.5,419.1164967870816
-8.5,-53.5,419.1420068317232
-8.5,-52.5,419.1859954500029
-8.5,-51.5,419.1394834000392
-8.5,-50.5,419.1320571774653
-8.5,-49.5,419.1987127941921
-8.5,-48.5,419.17204656951526
-8.5,-47.5,419.1578709493892
-8.5,-46.5,419.091382901804
-8.5,-45.5,419.0497413958853
-8.5,-44.5,418.97572585961854
-8.5,-43.5,418.8716884812814
-8.5,-42.5,418.7101859002689
-8.5,-41.5,418.5698481245808
-8.5,-40.5,418.5157035186957
-8.5,-39.5,418.464686346452
-8.5,-38.5,418.4241415020666
-8.5,-37.5,418.364211490296
-8.5,-36.5,418.2529722396343
-8.5,-35.5,418.20440415878886
-8.5,-34.5,418.0999986407844
-8.5,-33.5,418.097029318586
-8.5,-32.5,418.0981612605449
-8.5,-31.5,418.1031734989774
-8.5,-30.5,418.12282826796
-8.5,-29.5,418.1126613372804
-8.5,-28.5,418.11252649057457
-8.5,-27.5,418.1116003227905
-8.5,-26.5,418.1093295252397
-8.5,-25.5,418.1086450864543
-8.5,-24.5,418.10549812940513
-8.5,-23.5,418.1089258241287
-8.5,-22.5,418.1076655709147
-8.5,-21.5,418.1226193909736
-8.5,-20.5,418.10194209041
-8.5,-19.5,418.0994758268681
-8.5,-18.5,418.0977100210199
-8.5,-17.5,418.09688041080585
-8.5,-16.5,418.0961713825184
-8.5,-15.5,418.0967415472739
-8.5,-14.5,418.0982501166594
-8.5,-13.5,418.0980658499445
-8.5,-12.5,418.097623665128
-8.5,-11.5,418.0975657540961
-8.5,-10.5,418.1058778919277
-8.5,-9.5,418.10398905424336
-8.5,-8.5,418.1043784225661
-8.5,-7.5,418.1026087464964
-8.5,-6.5,418.0998546205647
-8.5,-5.5,418.09794135370186
-8.5,-4.5,418.09839694994
-8.5,-3.5,418.09514489729736
-8.5,-2.5,418.0896268880281
-8.5,-1.5,418.0809499486405
-8.5,-0.5,418.07235652294366
-8.5,0.5,418.06606880120336
-8.5,1.5,418.0611480319313
-8.5,2.5,418.0597070366223
-8.5,3.5,418.05801139496174
-8.5,4.5,418.0554329925695
-8.5,5.5,418.0588867492704
-8.5,6.5,418.0654653480576
-8.5,7.5,418.0690668143424
-8.5,8.5,418.0743668269892
-8.5,9.5,418.07654728947455
-8.5,10.5,418.0766410692301
-8.5,11.5,418.07418569442285
-8.5,12.5,418.0914284004653
-8.5,13.5,418.07942568227406
-8.5,14.5,418.0076713445752
-8.5,15.5,417.9709393850208
-8.5,16.5,418.0329505678197
-8.5,17.5,418.0996470344596
-8.5,18.5,417.7642851512573
-8.5,19.5,417.7308248948035
-8.5,20.5,417.6901418304985
-8.5,21.5,417.7799417129597
-8.5,22.5,417.7990361145728
-8.5,23.5,417.878893216201
-8.5,24.5,417.9119690550666
-8.5,25.5,417.9733553913671
-8.5,26.5,418.0901516803559
-8.5,27.5,418.0543059569658
-8.5,28.5,418.2170555526674
-8.5,29.5,418.3428829960281
-8.5,30.5,418.4470255803231
-8.5,31.5,418.3481549139459
-8.5,32.5,418.4316814949444
-8.5,33.5,418.3771399246249
-8.5,34.5,418.3797265212774
-8.5,35.5,418.3376461196494
-8.5,36.5,418.5225523171004
-8.5,37.5,418.4756776285452
-8.5,38.5,418.344737840871
-8.5,39.5,418.2307022023508
-8.5,40.5,418.1665763959472
-8.5,41.5,418.1406594886261
-8.5,42.5,418.1116553229394
-8.5,43.5,418.081230823326
-8.5,44.5,418.0432850621215
-8.5,45.5,418.0065043899312
-8.5,46.5,417.97707348968765
-8.5,47.5,417.9533131210711
-8.5,48.5,417.9398716575548
-8.5,49.5,417.9252442940499
-8.5,50.5,417.91172267120334
-8.5,51.5,417.9033058041284
-8.5,52.5,417.8976481948005
-8.5,53.5,417.8871050693728
-8.5,54.5,417.8917542329696
-8.5,55.5,417.8848598221665
-8.5,56.5,417.8860962539488
-8.5,57.5,417.8947418778237
-8.5,58.5,417.8909593462933
-8.5,59.5,417.8871259362761
-8.5,60.5,417.883281858162
-8.5,61.5,417.8728449397328
-8.5,62.5,417.8718974232263
-8.5,63.5,417.86891147613153
-8.5,64.5,417.8705613985936
-8.5,65.5,417.8733222606003
-8.5,66.5,417.8720274474916
-8.5,67.5,417.8729131936479
-8.5,68.5,417.87156358275575
-8.5,69.5,417.8703662781581
-8.5,70.5,417.8620305293229
-8.5,71.5,417.8598833339032
-8.5,72.5,417.86720402422094
-8.5,73.5,417.8689538182052
-8.5,74.5,417.86649888056576
-8.5,75.5,417.87227845654377
-8.5,76.5,417.873830026942
-8.5,77.5,417.8860132212024
-8.5,78.5,417.8976290740487
-8.5,79.5,417.9071124637048
-8.5,80.5,417.9193617883738
-8.5,81.5,417.9325576820154
-8.5,82.5,417.9455318701402
-8.5,83.5,417.95901796613856
-8.5,84.5,417.96495972862425
-8.5,85.5,417.9743850080425
-8.5,86.5,417.98299174947226
-8.5,87.5,417.9889388350818
-8.5,88.5,417.9942563104796
-8.5,89.5,417.99723287014064
-8.5,90.5,418.00127624619927
-8.5,91.5,418.01178349957047
-8.5,92.5,418.02366632207264
-8.5,93.5,418.0300811780789
-8.5,94.5,418.0487257364445
-8.5,95.5,418.0610887224099
-8.5,96.5,418.0742368494038
-8.5,97.5,418.09554246326
-8.5,98.5,418.1111482955464
-8.5,99.5,418.1181203225773
-8.5,100.5,418.13520763484905
-8.5,101.5,418.14119006037896
-8.5,102.5,418.1547076218382
-8.5,103.5,418.1771102962974
-8.5,104.5,418.1797596744766
-8.5,105.5,418.20195184037095
-8.5,106.5,418.2151341983056
-8.5,107.5,418.2170213619415
-8.5,108.5,418.21693151495407
-8.5,109.5,418.21720947313946
-8.5,110.5,418.1908679255615
-8.5,111.5,418.1873608453624
-8.5,112.5,418.1757496202496
-8.5,113.5,418.1525664981097
-8.5,114.5,418.15554564428646
-8.5,115.5,418.1363821312865
-8.5,116.5,418.1269879318703
-8.5,117.5,418.15999023571936
-8.5,118.5,418.08100282358185
-8.5,119.5,418.0792996773857
-8.5,120.5,418.0710096430263
-8.5,121.5,418.0721677939907
-8.5,122.5,418.0751594649595
-8.5,123.5,418.0771777443256
-8.5,124.5,418.0778227588285
-8.5,125.5,418.0452355184767
-8.5,126.5,418.0473371866003
-8.5,127.5,418.0539087867613
-8.5,128.5,418.0667015409171
-8.5,129.5,418.0807650985965
-8.5,130.5,418.0965299072556
-8.5,131.5,418.1159994866591
-8.5,132.5,418.13697078701176
-8.5,133.5,418.1589860436944
-8.5,134.5,418.18143655421215
-8.5,135.5,418.2086726859131
-8.5,136.5,418.2364456801719
-8.5,137.5,418.2623460431296
-8.5,138.5,418.2776605103594
-8.5,139.5,418.30144140099344
-8.5,140.5,418.3069710009584
-8.5,141.5,418.3170693994773
-8.5,142.5,418.3385829553655
-8.5,143.5,418.3400987204781
-8.5,144.5,418.3815475959311
-8.5,145.5,418.45906585703
-8.5,146.5,418.3383717228297
-8.5,147.5,418.2777768893248
-8.5,148.5,418.3412543559056
-8.5,149.5,418.3282027464966
-8.5,150.5,418.3309103742921
-8.5,151.5,418.3326641764574
-8.5,152.5,418.3410335445002
-8.5,153.5,418.3505160981298
-8.5,154.5,418.35852144059766
-8.5,155.5,418.36385131123785
-8.5,156.5,418.36692335738593
-8.5,157.5,418.3643749565709
-8.5,158.5,418.36250487479407
-8.5,159.5,418.3628464803443
-8.5,160.5,418.3614699565924
-8.5,161.5,418.3628735854188
-8.5,162.5,418.3614130736586
-8.5,163.5,418.3645810200905
-8.5,164.5,418.3664159365868
-8.5,165.5,418.3630471656063
-8.5,166.5,418.3571935378789
-8.5,167.5,418.3507541299813
-8.5,168.5,418.3422091668658
-8.5,169.5,418.3305633253454
-8.5,170.5,418.2959736444754
-8.5,171.5,418.3023712468916
-8.5,172.5,418.2882631599233
-8.5,173.5,418.2466842860898
-8.5,174.5,418.26629243311606
-8.5,175.5,418.2565108121505
-8.5,176.5,418.248903544972
-8.5,177.5,418.2430221747526
-8.5,178.5,418.2368480524177
-8.5,179.5,418.2302234033166
-7.5,-179.5,418.2755407830879
-7.5,-178.5,418.27232196599374
-7.5,-177.5,418.27085134423385
-7.5,-176.5,418.26953720261344
-7.5,-175.5,418.26866305499067
-7.5,-174.5,418.2240483985578
-7.5,-173.5,418.265992611357
-7.5,-172.5,418.2651496968319
-7.5,-171.5,418.221302371133
-7.5,-170.5,418.2618738051154
-7.5,-169.5,418.2605542590148
-7.5,-168.5,418.2598623998201
-7.5,-167.5,418.2591325785493
-7.5,-166.5,418.2204828529891
-7.5,-165.5,418.2579825298199
-7.5,-164.5,418.2575461525687
-7.5,-163.5,418.255077292044
-7.5,-162.5,418.2525426705391
-7.5,-161.5,418.2495861142966
-7.5,-160.5,418.21869198895007
-7.5,-159.5,418.24522380997655
-7.5,-158.5,418.244485013412
-7.5,-157.5,418.2433185749388
-7.5,-156.5,418.2418405361617
-7.5,-155.5,418.2404250499964
-7.5,-154.5,418.2406363119644
-7.5,-153.5,418.2393220654837
-7.5,-152.5,418.2183475129364
-7.5,-151.5,418.23810587761
-7.5,-150.5,418.2197805422257
-7.5,-149.5,418.2374210395513
-7.5,-148.5,418.2352643482196
-7.5,-147.5,418.2321093704265
-7.5,-146.5,418.22992107074657
-7.5,-145.5,418.2290478641155
-7.5,-144.5,418.2292282378099
-7.5,-143.5,418.21545518372017
-7.5,-142.5,418.2305230951824
-7.5,-141.5,418.23204712219314
-7.5,-140.5,418.2337668137068
-7.5,-139.5,418.2349774022701
-7.5,-138.5,418.2360348188264
-7.5,-137.5,418.2378497555186
-7.5,-136.5,418.2400822831469
-7.5,-135.5,418.24254475156897
-7.5,-134.5,418.2430986368617
-7.5,-133.5,418.24455224386617
-7.5,-132.5,418.24777585044455
-7.5,-131.5,418.25351233301
-7.5,-130.5,418.2596119757454
-7.5,-129.5,418.2650529071831
-7.5,-128.5,418.2705453055512
-7.5,-127.5,418.27566078861344
-7.5,-126.5,418.2797912897056
-7.5,-125.5,418.2844159753844
-7.5,-124.5,418.2890693358027
-7.5,-123.5,418.29067704932174
-7.5,-122.5,418.2928981343487
-7.5,-121.5,418.2955254075248
-7.5,-120.5,418.2978930540288
-7.5,-119.5,418.30085911867366
-7.5,-118.5,418.30550357866895
-7.5,-117.5,418.3109363303768
-7.5,-116.5,418.31604585054185
-7.5,-115.5,418.3189835244565
-7.5,-114.5,418.32186389171017
-7.5,-113.5,418.3264287029768
-7.5,-112.5,418.32944419619264
-7.5,-111.5,418.3322225163458
-7.5,-110.5,418.336212483776
-7.5,-109.5,418.3394632557356
-7.5,-108.5,418.3460601393476
-7.5,-107.5,418.3511129955286
-7.5,-106.5,418.3538722664846
-7.5,-105.5,418.3581450988978
-7.5,-104.5,418.3620188967515
-7.5,-103.5,418.3657096323871
-7.5,-102.5,418.3718119015262
-7.5,-101.5,418.3790383215589
-7.5,-100.5,418.38608014860125
-7.5,-99.5,418.3898423597466
-7.5,-98.5,418.3915438011789
-7.5,-97.5,418.39138080337307
-7.5,-96.5,418.3931170442436
-7.5,-95.5,418.397624857958
-7.5,-94.5,418.4008129049476
-7.5,-93.5,418.4049355690517
-7.5,-92.5,418.414986036506
-7.5,-91.5,418.42281986789845
-7.5,-90.5,418.43080687278905
-7.5,-89.5,418.44114130900897
-7.5,-88.5,418.4108325245304
-7.5,-87.5,418.4680824161072
-7.5,-86.5,418.4832981260337
-7.5,-85.5,418.499214153795
-7.5,-84.5,418.5156531024813
-7.5,-83.5,418.5304074333041
-7.5,-82.5,418.538303386736
-7.5,-81.5,418.5296170775291
-7.5,-80.5,418.5162443593951
-7.5,-79.5,418.5216887866482
-7.5,-78.5,418.3884882065112
-7.5,-77.5,418.31445780223424
-7.5,-76.5,418.5849227469628
-7.5,-75.5,418.8341243013408
-7.5,-74.5,418.8294971336944
-7.5,-73.5,418.9004515635928
-7.5,-72.5,418.9633994117461
-7.5,-71.5,419.00726072638855
-7.5,-70.5,419.0558816171128
-7.5,-69.5,419.09345707623504
-7.5,-68.5,419.1197507710167
-7.5,-67.5,419.18963346809
-7.5,-66.5,419.2183102663205
-7.5,-65.5,419.2420862645279
-7.5,-64.5,419.2662081671689
-7.5,-63.5,419.2787006106096
-7.5,-62.5,419.2731013597428
-7.5,-61.5,419.2734378637393
-7.5,-60.5,419.29468288984873
-7.5,-59.5,419.2377525165108
-7.5,-58.5,419.2485094235855
-7.5,-57.5,419.2245994999618
-7.5,-56.5,419.1365751776264
-7.5,-55.5,419.2443618528895
-7.5,-54.5,419.2472039242764
-7.5,-53.5,419.2693299702613
-7.5,-52.5,419.2738935889824
-7.5,-51.5,419.2664908483362
-7.5,-50.5,419.2086294439384
-7.5,-49.5,419.21686506301535
-7.5,-48.5,419.1967209229725
-7.5,-47.5,419.26866373531936
-7.5,-46.5,419.2322881632298
-7.5,-45.5,419.19976898161343
-7.5,-44.5,419.1368935690232
-7.5,-43.5,419.030607241195
-7.5,-42.5,418.8840611263706
-7.5,-41.5,418.748912375196
-7.5,-40.5,418.5821656186412
-7.5,-39.5,418.5884316133737
-7.5,-38.5,418.527334671725
-7.5,-37.5,418.4121862956141
-7.5,-36.5,418.32717825625184
-7.5,-35.5,418.3223934352294
-7.5,-34.5,418.1814266099335
-7.5,-33.5,418.1800798263532
-7.5,-32.5,418.18313382237255
-7.5,-31.5,418.18733087962977
-7.5,-30.5,418.1919019857934
-7.5,-29.5,418.1938378200274
-7.5,-28.5,418.195754863489
-7.5,-27.5,418.1942156343376
-7.5,-26.5,418.1918803135647
-7.5,-25.5,418.1891903167946
-7.5,-24.5,418.1867798332639
-7.5,-23.5,418.1838612312406
-7.5,-22.5,418.1815509939455
-7.5,-21.5,418.1802551128816
-7.5,-20.5,418.1804027107427
-7.5,-19.5,418.1813101732695
-7.5,-18.5,418.182945819046
-7.5,-17.5,418.185413022809
-7.5,-16.5,418.1913648907214
-7.5,-15.5,418.1903159745371
-7.5,-14.5,418.1923061462906
-7.5,-13.5,418.1944596291539
-7.5,-12.5,418.1956178268407
-7.5,-11.5,418.1964384677406
-7.5,-10.5,418.2020502025799
-7.5,-9.5,418.2016378850233
-7.5,-8.5,418.2040075752988
-7.5,-7.5,418.2038037858946
-7.5,-6.5,418.2019728913716
-7.5,-5.5,418.1983515822173
-7.5,-4.5,418.1935983976699
-7.5,-3.5,418.1908422799169
-7.5,-2.5,418.1879730361375
-7.5,-1.5,418.183911833756
-7.5,-0.5,418.1808404242717
-7.5,0.5,418.1813614863587
-7.5,1.5,418.18297372745775
-7.5,2.5,418.184766522004
-7.5,3.5,418.1856090881043
-7.5,4.5,418.1861665978504
-7.5,5.5,418.182160610569
-7.5,6.5,418.20087397795726
-7.5,7.5,418.2119240475599
-7.5,8.5,418.2225676351882
-7.5,9.5,418.23003282545056
-7.5,10.5,418.2348597854841
-7.5,11.5,418.2282521176037
-7.5,12.5,418.226323831028
-7.5,13.5,418.1713548080851
-7.5,14.5,418.16602480643394
-7.5,15.5,418.1485752836967
-7.5,16.5,418.2090125644143
-7.5,17.5,418.1602926606231
-7.5,18.5,418.0739238907503
-7.5,19.5,418.03715607374767
-7.5,20.5,418.01698052781154
-7.5,21.5,418.0295342475019
-7.5,22.5,418.0836747684357
-7.5,23.5,418.1088157304412
-7.5,24.5,418.1269364897797
-7.5,25.5,418.1815145142274
-7.5,26.5,418.216963334385
-7.5,27.5,418.3352849153289
-7.5,28.5,418.4192876587075
-7.5,29.5,418.4436256007233
-7.5,30.5,418.5713099229105
-7.5,31.5,418.5004682410069
-7.5,32.5,418.5610975783739
-7.5,33.5,418.477070780253
-7.5,34.5,418.5112907053284
-7.5,35.5,418.5493835330012
-7.5,36.5,418.490786947784
-7.5,37.5,418.5620285651744
-7.5,38.5,418.4243957654253
-7.5,39.5,418.2673330290385
-7.5,40.5,418.2228809350564
-7.5,41.5,418.191935289956
-7.5,42.5,418.1632130951272
-7.5,43.5,418.1333455735531
-7.5,44.5,418.1005173544057
-7.5,45.5,418.0714141030605
-7.5,46.5,418.0413547513392
-7.5,47.5,418.0191971486634
-7.5,48.5,418.0035298501074
-7.5,49.5,417.99109218816255
-7.5,50.5,417.9800797454152
-7.5,51.5,417.9727406487764
-7.5,52.5,417.9653669570964
-7.5,53.5,417.9637101022046
-7.5,54.5,417.97021737110896
-7.5,55.5,417.9727868309213
-7.5,56.5,417.9740804349125
-7.5,57.5,417.9748016976442
-7.5,58.5,417.9751706994478
-7.5,59.5,417.97448770006247
-7.5,60.5,417.9652703941399
-7.5,61.5,417.9608385146413
-7.5,62.5,417.9619945993576
-7.5,63.5,417.9614917210285
-7.5,64.5,417.96330925096754
-7.5,65.5,417.96499446835776
-7.5,66.5,417.9641822901419
-7.5,67.5,417.9638377227111
-7.5,68.5,417.9629283642397
-7.5,69.5,417.9605791414112
-7.5,70.5,417.9581616497774
-7.5,71.5,417.9568273875803
-7.5,72.5,417.95569348709546
-7.5,73.5,417.955345373378
-7.5,74.5,417.95664283580174
-7.5,75.5,417.9562645753634
-7.5,76.5,417.9680037338107
-7.5,77.5,417.9779916924272
-7.5,78.5,417.9900014857361
-7.5,79.5,418.0013389069085
-7.5,80.5,418.0114201742036
-7.5,81.5,418.0219298633948
-7.5,82.5,418.0337941501936
-7.5,83.5,418.0491456698123
-7.5,84.5,418.0635104174959
-7.5,85.5,418.0747503268313
-7.5,86.5,418.0831233550222
-7.5,87.5,418.0882527341397
-7.5,88.5,418.0897016514237
-7.5,89.5,418.0913222705794
-7.5,90.5,418.10095002658153
-7.5,91.5,418.1141037581838
-7.5,92.5,418.1273833392084
-7.5,93.5,418.14381880129673
-7.5,94.5,418.1633344447744
-7.5,95.5,418.1849422270559
-7.5,96.5,418.20798183248
-7.5,97.5,418.2301219032853
-7.5,98.5,418.243067848244
-7.5,99.5,418.2720960605424
-7.5,100.5,418.2935661381329
-7.5,101.5,418.3114069655536
-7.5,102.5,418.3375657571284
-7.5,103.5,418.36819820457663
-7.5,104.5,418.39917684848166
-7.5,105.5,418.4315155529799
-7.5,106.5,418.4484222126076
-7.5,107.5,418.545393925356
-7.5,108.5,418.5298901268949
-7.5,109.5,418.5334845608095
-7.5,110.5,418.50430825227465
-7.5,111.5,418.4541758806544
-7.5,112.5,418.5136998346262
-7.5,113.5,418.4841257842297
-7.5,114.5,418.3146946658601
-7.5,115.5,418.3129987212215
-7.5,116.5,418.30654822182896
-7.5,117.5,418.2756638414327
-7.5,118.5,418.2493584448845
-7.5,119.5,418.239349875958
-7.5,120.5,418.2311444611386
-7.5,121.5,418.2225313558144
-7.5,122.5,418.158278114031
-7.5,123.5,418.21500994568
-7.5,124.5,418.2123966704991
-7.5,125.5,418.2125853645267
-7.5,126.5,418.20810068833055
-7.5,127.5,418.2155969679328
-7.5,128.5,418.225921830974
-7.5,129.5,418.24013795265546
-7.5,130.5,418.2585777549264
-7.5,131.5,418.2777443140603
-7.5,132.5,418.2978797052616
-7.5,133.5,418.3267424039254
-7.5,134.5,418.351327755604
-7.5,135.5,418.3775067321407
-7.5,136.5,418.40724289649705
-7.5,137.5,418.4353313133343
-7.5,138.5,418.4589846002804
-7.5,139.5,418.4752008558639
-7.5,140.5,418.4660329728726
-7.5,141.5,418.4922447324224
-7.5,142.5,418.5186191535527
-7.5,143.5,418.5477930340813
-7.5,144.5,418.6025446779685
-7.5,145.5,418.6599587480022
-7.5,146.5,418.3875832567359
-7.5,147.5,418.3371953526522
-7.5,148.5,418.4225020434457
-7.5,149.5,418.4248582918568
-7.5,150.5,418.4255506880223
-7.5,151.5,418.42579926642327
-7.5,152.5,418.4326738439104
-7.5,153.5,418.4392289765802
-7.5,154.5,418.4428277960323
-7.5,155.5,418.4419560796326
-7.5,156.5,418.4350022780391
-7.5,157.5,418.4324790791588
-7.5,158.5,418.4314332299557
-7.5,159.5,418.4271944462244
-7.5,160.5,418.42660585565534
-7.5,161.5,418.4279750558307
-7.5,162.5,418.426722511544
-7.5,163.5,418.4237274102836
-7.5,164.5,418.4038979204077
-7.5,165.5,418.407835272186
-7.5,166.5,418.4000907649792
-7.5,167.5,418.3921081449493
-7.5,168.5,418.3824040581408
-7.5,169.5,418.36962994196745
-7.5,170.5,418.354756144895
-7.5,171.5,418.3412803015848
-7.5,172.5,418.3281030028814
-7.5,173.5,418.31635614361545
-7.5,174.5,418.3080409142974
-7.5,175.5,418.3010121012833
-7.5,176.5,418.2958927743259
-7.5,177.5,418.2912052602212
-7.5,178.5,418.28551508796033
-7.5,179.5,418.280182439894
-6.5,-179.5,418.3259986947753
-6.5,-178.5,418.3241423008868
-6.5,-177.5,418.3233902921198
-6.5,-176.5,418.32229497456416
-6.5,-175.5,418.3215359313844
-6.5,-174.5,418.3203756372922
-6.5,-173.5,418.3190925850183
-6.5,-172.5,418.3180787329815
-6.5,-171.5,418.3171936180422
-6.5,-170.5,418.3167032685511
-6.5,-169.5,418.316365165445
-6.5,-168.5,418.3172387519614
-6.5,-167.5,418.31678790390265
-6.5,-166.5,418.31617441689593
-6.5,-165.5,418.3151194160869
-6.5,-164.5,418.27806245369
-6.5,-163.5,418.3117028184821
-6.5,-162.5,418.309539449788
-6.5,-161.5,418.3067596366934
-6.5,-160.5,418.3046857695778
-6.5,-159.5,418.3039857197421
-6.5,-158.5,418.3052942460251
-6.5,-157.5,418.30563252534233
-6.5,-156.5,418.3056081570018
-6.5,-155.5,418.30486585791056
-6.5,-154.5,418.30422763450485
-6.5,-153.5,418.3032297481065
-6.5,-152.5,418.3024910549011
-6.5,-151.5,418.30161860574566
-6.5,-150.5,418.3002976032497
-6.5,-149.5,418.2995528204314
-6.5,-148.5,418.29839335409946
-6.5,-147.5,418.2971705889203
-6.5,-146.5,418.2967051431042
-6.5,-145.5,418.2973243005236
-6.5,-144.5,418.3001992915491
-6.5,-143.5,418.3009298624097
-6.5,-142.5,418.3010474286008
-6.5,-141.5,418.3039973238684
-6.5,-140.5,418.3068703254327
-6.5,-139.5,418.3089290634798
-6.5,-138.5,418.31084204589865
-6.5,-137.5,418.3128688167444
-6.5,-136.5,418.3158502175546
-6.5,-135.5,418.31823982156726
-6.5,-134.5,418.32137991364885
-6.5,-133.5,418.324084902659
-6.5,-132.5,418.3313412197504
-6.5,-131.5,418.3389958587193
-6.5,-130.5,418.3446584229388
-6.5,-129.5,418.3497615707559
-6.5,-128.5,418.35401433402393
-6.5,-127.5,418.358958566536
-6.5,-126.5,418.3645759909881
-6.5,-125.5,418.3699563593373
-6.5,-124.5,418.37551052045694
-6.5,-123.5,418.37740340436255
-6.5,-122.5,418.3809441391385
-6.5,-121.5,418.386324683636
-6.5,-120.5,418.39030607257945
-6.5,-119.5,418.3946292111715
-6.5,-118.5,418.3992882606475
-6.5,-117.5,418.40555715584367
-6.5,-116.5,418.4108149425716
-6.5,-115.5,418.41538971619866
-6.5,-114.5,418.41889235477424
-6.5,-113.5,418.419597088785
-6.5,-112.5,418.42017133622574
-6.5,-111.5,418.4131294160232
-6.5,-110.5,418.4223764214673
-6.5,-109.5,418.4249081718701
-6.5,-108.5,418.4281328802753
-6.5,-107.5,418.4309801638758
-6.5,-106.5,418.4340499026816
-6.5,-105.5,418.4372294264543
-6.5,-104.5,418.43198646445904
-6.5,-103.5,418.4349739942077
-6.5,-102.5,418.4506919322081
-6.5,-101.5,418.45663277420056
-6.5,-100.5,418.4629071052229
-6.5,-99.5,418.4663173623815
-6.5,-98.5,418.4687814250228
-6.5,-97.5,418.4697282986591
-6.5,-96.5,418.473920726027
-6.5,-95.5,418.4774048734384
-6.5,-94.5,418.48392366588246
-6.5,-93.5,418.49200717196777
-6.5,-92.5,418.4978036370233
-6.5,-91.5,418.50672829862657
-6.5,-90.5,418.5141290807909
-6.5,-89.5,418.5234875176392
-6.5,-88.5,418.5354798082493
-6.5,-87.5,418.5480043500192
-6.5,-86.5,418.56603005018746
-6.5,-85.5,418.5815840091961
-6.5,-84.5,418.5975315717999
-6.5,-83.5,418.6105463348495
-6.5,-82.5,418.6164538351529
-6.5,-81.5,418.6131454819075
-6.5,-80.5,418.6051724780871
-6.5,-79.5,418.51604180352336
-6.5,-78.5,418.4040151083651
-6.5,-77.5,418.5101573159582
-6.5,-76.5,418.7856039862276
-6.5,-75.5,418.8310693426496
-6.5,-74.5,418.9393875138618
-6.5,-73.5,418.9564200064379
-6.5,-72.5,419.0150668807934
-6.5,-71.5,419.074074763962
-6.5,-70.5,419.15070413940737
-6.5,-69.5,419.1184481406835
-6.5,-68.5,419.24004650492674
-6.5,-67.5,419.2511026004057
-6.5,-66.5,419.29039903958136
-6.5,-65.5,419.3206028701244
-6.5,-64.5,419.3393987124649
-6.5,-63.5,419.3672600317144
-6.5,-62.5,419.3834050791794
-6.5,-61.5,419.3936808432552
-6.5,-60.5,419.4178980456961
-6.5,-59.5,419.39620899799536
-6.5,-58.5,419.3798386510546
-6.5,-57.5,419.3988473531023
-6.5,-56.5,419.38028884261774
-6.5,-55.5,419.4085692213169
-6.5,-54.5,419.3945811121811
-6.5,-53.5,419.3791450067925
-6.5,-52.5,419.3772295641344
-6.5,-51.5,419.31940337498776
-6.5,-50.5,419.308479809621
-6.5,-49.5,419.2521022668385
-6.5,-48.5,419.2706604196672
-6.5,-47.5,419.2691521686293
-6.5,-46.5,419.19573850862713
-6.5,-45.5,419.1768239166022
-6.5,-44.5,419.12476792155
-6.5,-43.5,419.04826130424976
-6.5,-42.5,418.9716417939167
-6.5,-41.5,418.752713911386
-6.5,-40.5,418.6821000004345
-6.5,-39.5,418.6535544822373
-6.5,-38.5,418.56761996265016
-6.5,-37.5,418.46974325058807
-6.5,-36.5,418.3983786422267
-6.5,-35.5,418.3580558839199
-6.5,-34.5,418.2690863826516
-6.5,-33.5,418.2699627349581
-6.5,-32.5,418.2742640270436
-6.5,-31.5,418.2789052525934
-6.5,-30.5,418.28233181266273
-6.5,-29.5,418.2836375025966
-6.5,-28.5,418.28373622197216
-6.5,-27.5,418.2933154848316
-6.5,-26.5,418.2768501305766
-6.5,-25.5,418.2706537075714
-6.5,-24.5,418.2626970604757
-6.5,-23.5,418.25964279773
-6.5,-22.5,418.2578375217075
-6.5,-21.5,418.2749625810679
-6.5,-20.5,418.27732589946766
-6.5,-19.5,418.2651286115168
-6.5,-18.5,418.27095986530026
-6.5,-17.5,418.2770081401784
-6.5,-16.5,418.281584414202
-6.5,-15.5,418.28531336981774
-6.5,-14.5,418.2906673586156
-6.5,-13.5,418.2921020414851
-6.5,-12.5,418.2931389447163
-6.5,-11.5,418.2955768962523
-6.5,-10.5,418.29913050383
-6.5,-9.5,418.3023006562497
-6.5,-8.5,418.3039599665353
-6.5,-7.5,418.30400545971474
-6.5,-6.5,418.3075360857798
-6.5,-5.5,418.30564033080833
-6.5,-4.5,418.3026254647429
-6.5,-3.5,418.2987775458687
-6.5,-2.5,418.2999656791718
-6.5,-1.5,418.3027411205823
-6.5,-0.5,418.30935272351314
-6.5,0.5,418.3130029350664
-6.5,1.5,418.3164009605384
-6.5,2.5,418.3215287676813
-6.5,3.5,418.3279947309396
-6.5,4.5,418.33487819675736
-6.5,5.5,418.3448306157493
-6.5,6.5,418.3542930827328
-6.5,7.5,418.3683040445809
-6.5,8.5,418.38845277699016
-6.5,9.5,418.4013044673932
-6.5,10.5,418.4045323728911
-6.5,11.5,418.40873974024913
-6.5,12.5,418.4071337876786
-6.5,13.5,418.3842401909821
-6.5,14.5,418.3547017707603
-6.5,15.5,418.3621194833741
-6.5,16.5,418.46210636567525
-6.5,17.5,418.52837019044415
-6.5,18.5,418.54422033293935
-6.5,19.5,418.44532633394647
-6.5,20.5,418.3734849752494
-6.5,21.5,418.3912903244314
-6.5,22.5,418.3730026573995
-6.5,23.5,418.37348669500574
-6.5,24.5,418.3528969934551
-6.5,25.5,418.3902331871294
-6.5,26.5,418.46374684450086
-6.5,27.5,418.5304708536439
-6.5,28.5,418.54924393955423
-6.5,29.5,418.6560139203854
-6.5,30.5,418.699249292828
-6.5,31.5,418.6962084108856
-6.5,32.5,418.6837639573791
-6.5,33.5,418.6252463741846
-6.5,34.5,418.59681335202936
-6.5,35.5,418.6311923406965
-6.5,36.5,418.5469085209367
-6.5,37.5,418.5736361599038
-6.5,38.5,418.4967450627944
-6.5,39.5,418.3314113728287
-6.5,40.5,418.2841531699574
-6.5,41.5,418.252689213704
-6.5,42.5,418.2232537183141
-6.5,43.5,418.196528293947
-6.5,44.5,418.1682802977288
-6.5,45.5,418.14662103070566
-6.5,46.5,418.1174990396573
-6.5,47.5,418.0981928575193
-6.5,48.5,418.0858902023752
-6.5,49.5,418.0789110136499
-6.5,50.5,418.0713643424321
-6.5,51.5,418.0660888917501
-6.5,52.5,418.06464730918674
-6.5,53.5,418.06491637078994
-6.5,54.5,418.0673691903548
-6.5,55.5,418.0705734878964
-6.5,56.5,418.0668401359357
-6.5,57.5,418.07314879150096
-6.5,58.5,418.0704235360559
-6.5,59.5,418.0672540303964
-6.5,60.5,418.0652811706833
-6.5,61.5,418.0623762267593
-6.5,62.5,418.0618701531636
-6.5,63.5,418.06505909963295
-6.5,64.5,418.0681463752911
-6.5,65.5,418.0729208085874
-6.5,66.5,418.0717115381953
-6.5,67.5,418.0693645245443
-6.5,68.5,418.0718903198746
-6.5,69.5,418.0697241613943
-6.5,70.5,418.0677574599348
-6.5,71.5,418.0684244111888
-6.5,72.5,418.0598796400785
-6.5,73.5,418.06075550489146
-6.5,74.5,418.0615247977684
-6.5,75.5,418.0660156982879
-6.5,76.5,418.07408622717344
-6.5,77.5,418.0838657797903
-6.5,78.5,418.09621587074594
-6.5,79.5,418.1088339696729
-6.5,80.5,418.1217428945226
-6.5,81.5,418.1329288605324
-6.5,82.5,418.14398633672585
-6.5,83.5,418.1591135152385
-6.5,84.5,418.1765166454722
-6.5,85.5,418.1916154661049
-6.5,86.5,418.2023997100296
-6.5,87.5,418.202755982378
-6.5,88.5,418.2007509519868
-6.5,89.5,418.20491815644624
-6.5,90.5,418.217107949575
-6.5,91.5,418.2334773182956
-6.5,92.5,418.250977387594
-6.5,93.5,418.2582200419709
-6.5,94.5,418.2958633340229
-6.5,95.5,418.3235472089199
-6.5,96.5,418.3383236284907
-6.5,97.5,418.38109641433954
-6.5,98.5,418.4093559691613
-6.5,99.5,418.43770763325153
-6.5,100.5,418.4694778971791
-6.5,101.5,418.5083181277952
-6.5,102.5,418.5578820425984
-6.5,103.5,418.6204421380173
-6.5,104.5,418.71048757457663
-6.5,105.5,418.863754437323
-6.5,106.5,419.18888632676055
-6.5,107.5,419.5687751776773
-6.5,108.5,418.798866738596
-6.5,109.5,418.8404715214337
-6.5,110.5,418.91775826010337
-6.5,111.5,418.7765099765036
-6.5,112.5,418.648752394401
-6.5,113.5,418.5372086107389
-6.5,114.5,418.47204517812327
-6.5,115.5,418.4490016548337
-6.5,116.5,418.4344064975572
-6.5,117.5,418.4185865228817
-6.5,118.5,418.41228982882535
-6.5,119.5,418.4176605412956
-6.5,120.5,418.40681721353934
-6.5,121.5,418.39110202130354
-6.5,122.5,418.3796837253537
-6.5,123.5,418.3694523783734
-6.5,124.5,418.3629936229606
-6.5,125.5,418.35889662768864
-6.5,126.5,418.35849711062144
-6.5,127.5,418.36819301099575
-6.5,128.5,418.382165508264
-6.5,129.5,418.3977460234679
-6.5,130.5,418.4157699388187
-6.5,131.5,418.4366286219357
-6.5,132.5,418.4623270335857
-6.5,133.5,418.4914557249034
-6.5,134.5,418.5105879066842
-6.5,135.5,418.53615816233497
-6.5,136.5,418.57362581166944
-6.5,137.5,418.5998593203016
-6.5,138.5,418.6268538969848
-6.5,139.5,418.64586994796514
-6.5,140.5,418.6728767044911
-6.5,141.5,418.7079677636976
-6.5,142.5,418.7628392932468
-6.5,143.5,418.76224094188353
-6.5,144.5,418.5974426467864
-6.5,145.5,418.59291500515855
-6.5,146.5,418.564171465653
-6.5,147.5,418.5198075047987
-6.5,148.5,418.5139179504717
-6.5,149.5,418.5206367716867
-6.5,150.5,418.52488641137927
-6.5,151.5,418.5125126663564
-6.5,152.5,418.5109822535393
-6.5,153.5,418.5084978489072
-6.5,154.5,418.50930455097625
-6.5,155.5,418.48613650712656
-6.5,156.5,418.499057143525
-6.5,157.5,418.4942208740394
-6.5,158.5,418.4909052626605
-6.5,159.5,418.4871749189975
-6.5,160.5,418.4847694250413
-6.5,161.5,418.4828312905889
-6.5,162.5,418.4778245955097
-6.5,163.5,418.47040036400665
-6.5,164.5,418.4612218942144
-6.5,165.5,418.4509628059125
-6.5,166.5,418.4426652328276
-6.5,167.5,418.43440809762217
-6.5,168.5,418.4248313235972
-6.5,169.5,418.4120161279662
-6.5,170.5,418.3985060120791
-6.5,171.5,418.3852139663246
-6.5,172.5,418.3742428585946
-6.5,173.5,418.3657376878321
-6.5,174.5,418.3579807012569
-6.5,175.5,418.3511562569599
-6.5,176.5,418.3454166929205
-6.5,177.5,418.3400839720433
-6.5,178.5,418.33470021665016
-6.5,179.5,418.33004178511817
-5.5,-179.5,418.3779527065505
-5.5,-178.5,418.3766782082057
-5.5,-177.5,418.3758254708667
-5.5,-176.5,418.3745591889884
-5.5,-175.5,418.3730030966311
-5.5,-174.5,418.3724647645933
-5.5,-173.5,418.3708226050106
-5.5,-172.5,418.3702420608584
-5.5,-171.5,418.3705560136796
-5.5,-170.5,418.37118522463504
-5.5,-169.5,418.3721910822736
-5.5,-168.5,418.3733118908492
-5.5,-167.5,418.3735324572833
-5.5,-166.5,418.3734025342627
-5.5,-165.5,418.3721333540342
-5.5,-164.5,418.3704366252236
-5.5,-163.5,418.3693208703647
-5.5,-162.5,418.3681791893495
-5.5,-161.5,418.3684034226507
-5.5,-160.5,418.36752266196976
-5.5,-159.5,418.3671903905293
-5.5,-158.5,418.3673939056294
-5.5,-157.5,418.3410154360455
-5.5,-156.5,418.3690197427522
-5.5,-155.5,418.3693070699276
-5.5,-154.5,418.3695900676345
-5.5,-153.5,418.3697584393943
-5.5,-152.5,418.3692932550402
-5.5,-151.5,418.3682880508351
-5.5,-150.5,418.3696618688969
-5.5,-149.5,418.3701497633783
-5.5,-148.5,418.3707405640525
-5.5,-147.5,418.3718464932536
-5.5,-146.5,418.3731605377657
-5.5,-145.5,418.3745987428696
-5.5,-144.5,418.3763679013833
-5.5,-143.5,418.37763544487086
-5.5,-142.5,418.3799787482129
-5.5,-141.5,418.3834632115159
-5.5,-140.5,418.3879024683334
-5.5,-139.5,418.39159855364767
-5.5,-138.5,418.3948105504069
-5.5,-137.5,418.3970937296239
-5.5,-136.5,418.39682099434856
-5.5,-135.5,418.3996065517304
-5.5,-134.5,418.4041234634194
-5.5,-133.5,418.4094233489421
-5.5,-132.5,418.41584302504594
-5.5,-131.5,418.42283357414567
-5.5,-130.5,418.4293517542835
-5.5,-129.5,418.43366010016143
-5.5,-128.5,418.4402898833841
-5.5,-127.5,418.4461482481198
-5.5,-126.5,418.4516318908172
-5.5,-125.5,418.4557836494234
-5.5,-124.5,418.46068933109257
-5.5,-123.5,418.4652851959186
-5.5,-122.5,418.47080063941786
-5.5,-121.5,418.4762037851221
-5.5,-120.5,418.47973099331534
-5.5,-119.5,418.486763687846
-5.5,-118.5,418.4915251758588
-5.5,-117.5,418.497688052863
-5.5,-116.5,418.5025275390124
-5.5,-115.5,418.505746783976
-5.5,-114.5,418.5055220254571
-5.5,-113.5,418.5077125248566
-5.5,-112.5,418.5044492338118
-5.5,-111.5,418.50450643106944
-5.5,-110.5,418.5053268144353
-5.5,-109.5,418.5060070640696
-5.5,-108.5,418.5075342426286
-5.5,-107.5,418.4990439617762
-5.5,-106.5,418.51294914284057
-5.5,-105.5,418.5167789963949
-5.5,-104.5,418.5211418989998
-5.5,-103.5,418.5252544749333
-5.5,-102.5,418.5338972950645
-5.5,-101.5,418.5383447640807
-5.5,-100.5,418.5430822767267
-5.5,-99.5,418.54716031639225
-5.5,-98.5,418.5512647659676
-5.5,-97.5,418.5556487749155
-5.5,-96.5,418.5574208463575
-5.5,-95.5,418.56210179550175
-5.5,-94.5,418.5694839055016
-5.5,-93.5,418.576993175052
-5.5,-92.5,418.5831873125668
-5.5,-91.5,418.59009508524287
-5.5,-90.5,418.5977599410501
-5.5,-89.5,418.6119911152461
-5.5,-88.5,418.6215329792345
-5.5,-87.5,418.6347808070984
-5.5,-86.5,418.6477119169567
-5.5,-85.5,418.66031207905297
-5.5,-84.5,418.6753949508041
-5.5,-83.5,418.68841611915127
-5.5,-82.5,418.6937783276043
-5.5,-81.5,418.68980882482566
-5.5,-80.5,418.6813718183561
-5.5,-79.5,418.6424240047106
-5.5,-78.5,418.7006652506497
-5.5,-77.5,418.7466796209493
-5.5,-76.5,419.0066218374208
-5.5,-75.5,419.0013649971357
-5.5,-74.5,419.0322139000791
-5.5,-73.5,419.05586546202346
-5.5,-72.5,419.0870971829951
-5.5,-71.5,419.1500763651307
-5.5,-70.5,419.2043954321919
-5.5,-69.5,419.26114104045
-5.5,-68.5,419.29353272071353
-5.5,-67.5,419.3252852885204
-5.5,-66.5,419.3609118483283
-5.5,-65.5,419.40555814243913
-5.5,-64.5,419.4224967510738
-5.5,-63.5,419.4410436975634
-5.5,-62.5,419.4588792931332
-5.5,-61.5,419.4682573842719
-5.5,-60.5,419.4851062508775
-5.5,-59.5,419.49875926463847
-5.5,-58.5,419.5003698866212
-5.5,-57.5,419.4928833924539
-5.5,-56.5,419.4920605393263
-5.5,-55.5,419.4682743995778
-5.5,-54.5,419.460434111262
-5.5,-53.5,419.4264598204563
-5.5,-52.5,419.4192134157572
-5.5,-51.5,419.3737876357751
-5.5,-50.5,419.3740341332272
-5.5,-49.5,419.36536468816274
-5.5,-48.5,419.3212506195457
-5.5,-47.5,419.2693666371607
-5.5,-46.5,419.22488544935743
-5.5,-45.5,419.211191381606
-5.5,-44.5,419.2043271046654
-5.5,-43.5,419.1184254512185
-5.5,-42.5,419.0213136271319
-5.5,-41.5,418.8576349809716
-5.5,-40.5,418.7102741022943
-5.5,-39.5,418.6686223572552
-5.5,-38.5,418.5918029001746
-5.5,-37.5,418.5163622941769
-5.5,-36.5,418.4568311407341
-5.5,-35.5,418.433094106252
-5.5,-34.5,418.3539831053892
-5.5,-33.5,418.3637562877311
-5.5,-32.5,418.3697430362072
-5.5,-31.5,418.3750284331619
-5.5,-30.5,418.3757003729839
-5.5,-29.5,418.3776799471888
-5.5,-28.5,418.37675785577926
-5.5,-27.5,418.3728668197236
-5.5,-26.5,418.3784350749692
-5.5,-25.5,418.370620815834
-5.5,-24.5,418.35134974687605
-5.5,-23.5,418.3478211652927
-5.5,-22.5,418.3464758930307
-5.5,-21.5,418.3469896241558
-5.5,-20.5,418.3485312644877
-5.5,-19.5,418.3526870576279
-5.5,-18.5,418.35963447480447
-5.5,-17.5,418.3674139565156
-5.5,-16.5,418.3760529940092
-5.5,-15.5,418.382016422305
-5.5,-14.5,418.3859819079092
-5.5,-13.5,418.386818181394
-5.5,-12.5,418.38798084205234
-5.5,-11.5,418.390391384416
-5.5,-10.5,418.3931745086615
-5.5,-9.5,418.400928251308
-5.5,-8.5,418.4058122357731
-5.5,-7.5,418.4104587812944
-5.5,-6.5,418.42123728947456
-5.5,-5.5,418.4207656397701
-5.5,-4.5,418.4221901325581
-5.5,-3.5,418.4246081264761
-5.5,-2.5,418.4315053198952
-5.5,-1.5,418.4390157590648
-5.5,-0.5,418.4446767486331
-5.5,0.5,418.4513780758553
-5.5,1.5,418.46249763219447
-5.5,2.5,418.4752731552974
-5.5,3.5,418.4873489271373
-5.5,4.5,418.5003063405998
-5.5,5.5,418.51374233622994
-5.5,6.5,418.5276853369128
-5.5,7.5,418.5364705638031
-5.5,8.5,418.5555607238067
-5.5,9.5,418.5686592831088
-5.5,10.5,418.5708887848728
-5.5,11.5,418.57018429391405
-5.5,12.5,418.5678934876561
-5.5,13.5,418.58530507090086
-5.5,14.5,418.5931825254384
-5.5,15.5,418.5943966053523
-5.5,16.5,418.7303306349039
-5.5,17.5,418.942687332408
-5.5,18.5,418.82935400832906
-5.5,19.5,418.7512491051716
-5.5,20.5,418.6415457086586
-5.5,21.5,418.6083868377372
-5.5,22.5,418.5973728519608
-5.5,23.5,418.5714289382679
-5.5,24.5,418.55654969454
-5.5,25.5,418.6274607871801
-5.5,26.5,418.6682291459957
-5.5,27.5,418.7522401411085
-5.5,28.5,418.80849794442753
-5.5,29.5,418.846377481157
-5.5,30.5,418.8902952662105
-5.5,31.5,418.8887450632247
-5.5,32.5,418.82888082204886
-5.5,33.5,418.75891712583694
-5.5,34.5,418.7327613206305
-5.5,35.5,418.7002235615109
-5.5,36.5,418.59835194619205
-5.5,37.5,418.57630928338045
-5.5,38.5,418.55290423665855
-5.5,39.5,418.400580359173
-5.5,40.5,418.3464759865095
-5.5,41.5,418.3186881861437
-5.5,42.5,418.2879446406972
-5.5,43.5,418.26346464782057
-5.5,44.5,418.2380707892432
-5.5,45.5,418.21719930372296
-5.5,46.5,418.19704885072383
-5.5,47.5,418.1820037260968
-5.5,48.5,418.1757438596965
-5.5,49.5,418.1682579390585
-5.5,50.5,418.1702859939404
-5.5,51.5,418.17086417098585
-5.5,52.5,418.17147366262265
-5.5,53.5,418.1657483906461
-5.5,54.5,418.1755935092018
-5.5,55.5,418.1657293728532
-5.5,56.5,418.1665505876084
-5.5,57.5,418.177129156832
-5.5,58.5,418.1652286899034
-5.5,59.5,418.1707727897289
-5.5,60.5,418.16870438969545
-5.5,61.5,418.1679128014535
-5.5,62.5,418.1653826582824
-5.5,63.5,418.1718436581049
-5.5,64.5,418.1785993683261
-5.5,65.5,418.1859030849322
-5.5,66.5,418.1854375635921
-5.5,67.5,418.1850999482565
-5.5,68.5,418.188809462592
-5.5,69.5,418.1903602732819
-5.5,70.5,418.19299820750535
-5.5,71.5,418.194654136456
-5.5,72.5,418.1958642633235
-5.5,73.5,418.1968421682584
-5.5,74.5,418.1995490784821
-5.5,75.5,418.2039473975519
-5.5,76.5,418.20958745691394
-5.5,77.5,418.2166495785903
-5.5,78.5,418.2257961235586
-5.5,79.5,418.2369397218206
-5.5,80.5,418.2475902491254
-5.5,81.5,418.2481804907548
-5.5,82.5,418.27140981218696
-5.5,83.5,418.2887048961656
-5.5,84.5,418.3054799098758
-5.5,85.5,418.3237449334042
-5.5,86.5,418.33866546131657
-5.5,87.5,418.34589602201896
-5.5,88.5,418.3451862626162
-5.5,89.5,418.3477716560046
-5.5,90.5,418.3584446617407
-5.5,91.5,418.3801402403133
-5.5,92.5,418.4043229675119
-5.5,93.5,418.4303026589761
-5.5,94.5,418.4583053216886
-5.5,95.5,418.4913581341368
-5.5,96.5,418.5241023023345
-5.5,97.5,418.5514497708647
-5.5,98.5,418.58498417969474
-5.5,99.5,418.62284159417845
-5.5,100.5,418.6438403621896
-5.5,101.5,418.7165219497031
-5.5,102.5,418.8017638018346
-5.5,103.5,418.8536028120434
-5.5,104.5,418.9365294042788
-5.5,105.5,419.5091675622985
-5.5,106.5,419.1568056109592
-5.5,107.5,418.9970181660931
-5.5,108.5,418.9483988601405
-5.5,109.5,418.91352162574026
-5.5,110.5,418.8429255682006
-5.5,111.5,418.761084074137
-5.5,112.5,418.6732182370052
-5.5,113.5,418.6282304505287
-5.5,114.5,418.6032364116946
-5.5,115.5,418.58853126810976
-5.5,116.5,418.5838645805435
-5.5,117.5,418.5861940022627
-5.5,118.5,418.5906915564167
-5.5,119.5,418.6043454816469
-5.5,120.5,418.57287813619376
-5.5,121.5,418.5575276310951
-5.5,122.5,418.539431510406
-5.5,123.5,418.5251504470188
-5.5,124.5,418.51394712967215
-5.5,125.5,418.5034403507077
-5.5,126.5,418.504635496821
-5.5,127.5,418.5141375256932
-5.5,128.5,418.5313230464112
-5.5,129.5,418.5481551511572
-5.5,130.5,418.5682009873893
-5.5,131.5,418.5916216656309
-5.5,132.5,418.6171187899846
-5.5,133.5,418.6500394166452
-5.5,134.5,418.67054384323296
-5.5,135.5,418.6975331493181
-5.5,136.5,418.73237710262896
-5.5,137.5,418.7703869568746
-5.5,138.5,418.7977254225195
-5.5,139.5,418.8817259721736
-5.5,140.5,418.8408102136048
-5.5,141.5,418.8114467200577
-5.5,142.5,418.9045877082041
-5.5,143.5,418.93366801059017
-5.5,144.5,418.71300157173937
-5.5,145.5,418.7638407343949
-5.5,146.5,418.66424960719166
-5.5,147.5,418.61807506429534
-5.5,148.5,418.6083030619605
-5.5,149.5,418.6118876326982
-5.5,150.5,418.606429976052
-5.5,151.5,418.57323274413375
-5.5,152.5,418.58028162781096
-5.5,153.5,418.5750727517832
-5.5,154.5,418.5666718297044
-5.5,155.5,418.5399554989007
-5.5,156.5,418.565024169021
-5.5,157.5,418.55427248151307
-5.5,158.5,418.54939067808607
-5.5,159.5,418.5344021051554
-5.5,160.5,418.54193408339273
-5.5,161.5,418.5359845850904
-5.5,162.5,418.5254851026005
-5.5,163.5,418.51453687696784
-5.5,164.5,418.5039598832555
-5.5,165.5,418.49376993410857
-5.5,166.5,418.4853555017149
-5.5,167.5,418.47710753355045
-5.5,168.5,418.4682117452051
-5.5,169.5,418.4565149256839
-5.5,170.5,418.4446025335506
-5.5,171.5,418.43300552531576
-5.5,172.5,418.4232995518756
-5.5,173.5,418.415101168302
-5.5,174.5,418.4077514658212
-5.5,175.5,418.3565851844374
-5.5,176.5,418.39464236382935
-5.5,177.5,418.38930372153305
-5.5,178.5,418.3843869482614
-5.5,179.5,418.3365178882296
-4.5,-179.5,418.4297289328161
-4.5,-178.5,418.4284689798845
-4.5,-177.5,418.4272711439557
-4.5,-176.5,418.4259545456995
-4.5,-175.5,418.4241258206336
-4.5,-174.5,418.4225828646878
-4.5,-173.5,418.4225132211577
-4.5,-172.5,418.4228367216653
-4.5,-171.5,418.42369894223225
-4.5,-170.5,418.4256568810596
-4.5,-169.5,418.3894572017508
-4.5,-168.5,418.4294850730466
-4.5,-167.5,418.4306816624706
-4.5,-166.5,418.43149525702654
-4.5,-165.5,418.4315487355943
-4.5,-164.5,418.4307382931546
-4.5,-163.5,418.4301979028423
-4.5,-162.5,418.4298211192401
-4.5,-161.5,418.429599304464
-4.5,-160.5,418.4299242435396
-4.5,-159.5,418.4306005509615
-4.5,-158.5,418.431119820958
-4.5,-157.5,418.4319184458081
-4.5,-156.5,418.4335267126273
-4.5,-155.5,418.43480704309394
-4.5,-154.5,418.4380902758151
-4.5,-153.5,418.44016953649617
-4.5,-152.5,418.4415830768439
-4.5,-151.5,418.4426497672991
-4.5,-150.5,418.44393999780215
-4.5,-149.5,418.4455928473083
-4.5,-148.5,418.44774029954834
-4.5,-147.5,418.4494778588645
-4.5,-146.5,418.4513417622671
-4.5,-145.5,418.453478478595
-4.5,-144.5,418.4557903632767
-4.5,-143.5,418.4585733918684
-4.5,-142.5,418.4623379527097
-4.5,-141.5,418.4669761711185
-4.5,-140.5,418.4725883994243
-4.5,-139.5,418.47770636868
-4.5,-138.5,418.4822545084348
-4.5,-137.5,418.47656277531496
-4.5,-136.5,418.4902040883032
-4.5,-135.5,418.4954807164383
-4.5,-134.5,418.4999467184781
-4.5,-133.5,418.5056975211536
-4.5,-132.5,418.5085553827349
-4.5,-131.5,418.51354012422206
-4.5,-130.5,418.51789701601865
-4.5,-129.5,418.5235989250237
-4.5,-128.5,418.5308902613287
-4.5,-127.5,418.5362541280774
-4.5,-126.5,418.54222367942174
-4.5,-125.5,418.5478439641002
-4.5,-124.5,418.5520735176316
-4.5,-123.5,418.55547366656816
-4.5,-122.5,418.5607772854741
-4.5,-121.5,418.5636110058677
-4.5,-120.5,418.5679301766878
-4.5,-119.5,418.5726369256226
-4.5,-118.5,418.5772157112261
-4.5,-117.5,418.5805005602799
-4.5,-116.5,418.5825447543584
-4.5,-115.5,418.5833661498087
-4.5,-114.5,418.5829375692882
-4.5,-113.5,418.5825541802576
-4.5,-112.5,418.5821679795432
-4.5,-111.5,418.5764867896147
-4.5,-110.5,418.584652306606
-4.5,-109.5,418.58655641365806
-4.5,-108.5,418.5768104741181
-4.5,-107.5,418.5911711382336
-4.5,-106.5,418.5951142520959
-4.5,-105.5,418.5999406359499
-4.5,-104.5,418.6048563203779
-4.5,-103.5,418.61027007027
-4.5,-102.5,418.6194921081013
-4.5,-101.5,418.62663518003467
-4.5,-100.5,418.6341560171263
-4.5,-99.5,418.63823996132174
-4.5,-98.5,418.6430743048329
-4.5,-97.5,418.6474978395808
-4.5,-96.5,418.6509836133307
-4.5,-95.5,418.6552900239777
-4.5,-94.5,418.66111606118767
-4.5,-93.5,418.6718034299789
-4.5,-92.5,418.6756953247365
-4.5,-91.5,418.6821188526501
-4.5,-90.5,418.6886442671171
-4.5,-89.5,418.695235101678
-4.5,-88.5,418.7043115232393
-4.5,-87.5,418.7160744630445
-4.5,-86.5,418.72733898454703
-4.5,-85.5,418.7389561636215
-4.5,-84.5,418.7515542405157
-4.5,-83.5,418.76350635480895
-4.5,-82.5,418.769037526446
-4.5,-81.5,418.7621966611071
-4.5,-80.5,418.7484776744228
-4.5,-79.5,418.70734993740007
-4.5,-78.5,418.7250392438978
-4.5,-77.5,419.03624429093975
-4.5,-76.5,419.0926177414998
-4.5,-75.5,419.05179490210696
-4.5,-74.5,419.0632284179582
-4.5,-73.5,419.1174229894381
-4.5,-72.5,419.1499056716093
-4.5,-71.5,419.2443848514605
-4.5,-70.5,419.2810617333005
-4.5,-69.5,419.3295583794269
-4.5,-68.5,419.3612561014143
-4.5,-67.5,419.4128730239182
-4.5,-66.5,419.4323657452466
-4.5,-65.5,419.4720488175627
-4.5,-64.5,419.4916575121473
-4.5,-63.5,419.4937112721798
-4.5,-62.5,419.5081458965855
-4.5,-61.5,419.5210562878891
-4.5,-60.5,419.524702371551
-4.5,-59.5,419.5212187708223
-4.5,-58.5,419.5480747925769
-4.5,-57.5,419.56055732091073
-4.5,-56.5,419.5447194665603
-4.5,-55.5,419.5393913346466
-4.5,-54.5,419.5161921907656
-4.5,-53.5,419.5021744548451
-4.5,-52.5,419.4827246364605
-4.5,-51.5,419.4581590959247
-4.5,-50.5,419.4111145128858
-4.5,-49.5,419.3805197383568
-4.5,-48.5,419.32998019259753
-4.5,-47.5,419.252805688044
-4.5,-46.5,419.23654469900623
-4.5,-45.5,419.21917862938665
-4.5,-44.5,419.182877386026
-4.5,-43.5,419.1251183202836
-4.5,-42.5,419.0352034895504
-4.5,-41.5,418.91752667621375
-4.5,-40.5,418.76195117739246
-4.5,-39.5,418.6737880875156
-4.5,-38.5,418.5968459049245
-4.5,-37.5,418.513926185222
-4.5,-36.5,418.48401883576975
-4.5,-35.5,418.4622145013149
-4.5,-34.5,418.46218115469
-4.5,-33.5,418.4687975408656
-4.5,-32.5,418.4753750301367
-4.5,-31.5,418.47934669785536
-4.5,-30.5,418.4795457423658
-4.5,-29.5,418.4785937084149
-4.5,-28.5,418.4765112568163
-4.5,-27.5,418.47279456081617
-4.5,-26.5,418.467567556824
-4.5,-25.5,418.4604979247125
-4.5,-24.5,418.4539093469274
-4.5,-23.5,418.4503486766719
-4.5,-22.5,418.4487347854762
-4.5,-21.5,418.4493534718186
-4.5,-20.5,418.46657913092105
-4.5,-19.5,418.4542385069105
-4.5,-18.5,418.45793999712345
-4.5,-17.5,418.4620691656216
-4.5,-16.5,418.4674895345614
-4.5,-15.5,418.4750105529205
-4.5,-14.5,418.4816532995849
-4.5,-13.5,418.4859800796663
-4.5,-12.5,418.489749845996
-4.5,-11.5,418.4943842933016
-4.5,-10.5,418.5010201685855
-4.5,-9.5,418.5086555570157
-4.5,-8.5,418.51782425118176
-4.5,-7.5,418.5433811934199
-4.5,-6.5,418.5402883063399
-4.5,-5.5,418.5440041462392
-4.5,-4.5,418.54807615194574
-4.5,-3.5,418.5518210944925
-4.5,-2.5,418.5608624380432
-4.5,-1.5,418.5674137105731
-4.5,-0.5,418.5775663592677
-4.5,0.5,418.5883512964513
-4.5,1.5,418.6017077480194
-4.5,2.5,418.6177110012714
-4.5,3.5,418.63469668492894
-4.5,4.5,418.6495652422931
-4.5,5.5,418.6648402584394
-4.5,6.5,418.6780732406208
-4.5,7.5,418.6943209285637
-4.5,8.5,418.70961277125855
-4.5,9.5,418.7181897492795
-4.5,10.5,418.71789107686175
-4.5,11.5,418.7136888996756
-4.5,12.5,418.7312843695174
-4.5,13.5,418.73851960460223
-4.5,14.5,418.7629088219695
-4.5,15.5,418.8121539505115
-4.5,16.5,418.8325552215459
-4.5,17.5,419.0786851692975
-4.5,18.5,419.02925671153935
-4.5,19.5,418.9595145095972
-4.5,20.5,418.8593213406401
-4.5,21.5,418.7922568444979
-4.5,22.5,418.7540530378566
-4.5,23.5,418.73782177627606
-4.5,24.5,418.750024986361
-4.5,25.5,418.8092518146745
-4.5,26.5,418.9240313030005
-4.5,27.5,418.9711278491614
-4.5,28.5,418.85215333713774
-4.5,29.5,419.0884610666329
-4.5,30.5,419.0400892952455
-4.5,31.5,419.09018406082527
-4.5,32.5,419.0439809871931
-4.5,33.5,419.00812374180026
-4.5,34.5,418.87072104064544
-4.5,35.5,418.7409172134738
-4.5,36.5,418.6757435071762
-4.5,37.5,418.6541809189852
-4.5,38.5,418.5836572399788
-4.5,39.5,418.5040960139398
-4.5,40.5,418.4085069100677
-4.5,41.5,418.3810266694962
-4.5,42.5,418.3545751419233
-4.5,43.5,418.3336706710778
-4.5,44.5,418.3138281725456
-4.5,45.5,418.2980734189049
-4.5,46.5,418.28076033348566
-4.5,47.5,418.2774245333158
-4.5,48.5,418.2720596892614
-4.5,49.5,418.2602955874505
-4.5,50.5,418.26329690266846
-4.5,51.5,418.2778692125555
-4.5,52.5,418.2795498492462
-4.5,53.5,418.2783433977044
-4.5,54.5,418.2769185461712
-4.5,55.5,418.2605214337321
-4.5,56.5,418.2793594620871
-4.5,57.5,418.2803752487735
-4.5,58.5,418.2810661510564
-4.5,59.5,418.2847250926424
-4.5,60.5,418.28625785068107
-4.5,61.5,418.2922915570251
-4.5,62.5,418.2948886576637
-4.5,63.5,418.2982525157452
-4.5,64.5,418.3033277847454
-4.5,65.5,418.2972679757222
-4.5,66.5,418.2996929672946
-4.5,67.5,418.3013616601996
-4.5,68.5,418.3121208885798
-4.5,69.5,418.3161831660245
-4.5,70.5,418.32212020322186
-4.5,71.5,418.32928593525816
-4.5,72.5,418.3251455379061
-4.5,73.5,418.34209986912623
-4.5,74.5,418.3458872474761
-4.5,75.5,418.3491237179978
-4.5,76.5,418.3563292498927
-4.5,77.5,418.36201784904927
-4.5,78.5,418.3691789284216
-4.5,79.5,418.38117293918185
-4.5,80.5,418.3886357696292
-4.5,81.5,418.4003136207503
-4.5,82.5,418.4135077014335
-4.5,83.5,418.42887120049465
-4.5,84.5,418.4460865599045
-4.5,85.5,418.4652894053404
-4.5,86.5,418.4865187207483
-4.5,87.5,418.5000661593332
-4.5,88.5,418.5099713738381
-4.5,89.5,418.5185486034027
-4.5,90.5,418.53495012243104
-4.5,91.5,418.5582962042849
-4.5,92.5,418.5852721279885
-4.5,93.5,418.6164681938823
-4.5,94.5,418.6454168758923
-4.5,95.5,418.6775007629048
-4.5,96.5,418.7116117257168
-4.5,97.5,418.7455827754929
-4.5,98.5,418.7829870107554
-4.5,99.5,418.82546217185467
-4.5,100.5,418.87647311874304
-4.5,101.5,418.8987224859395
-4.5,102.5,418.9829988337482
-4.5,103.5,418.958009699308
-4.5,104.5,419.100985741677
-4.5,105.5,419.1189498687205
-4.5,106.5,419.1002995654389
-4.5,107.5,419.0722675079842
-4.5,108.5,419.02328705704497
-4.5,109.5,418.962804322262
-4.5,110.5,418.8996055528942
-4.5,111.5,418.8483550672725
-4.5,112.5,418.815250438336
-4.5,113.5,418.78543604278855
-4.5,114.5,418.77848263291554
-4.5,115.5,418.7677529514543
-4.5,116.5,418.7638189725847
-4.5,117.5,418.7764917564653
-4.5,118.5,418.7894784379723
-4.5,119.5,418.8093551412418
-4.5,120.5,418.7778106263767
-4.5,121.5,418.7246880654298
-4.5,122.5,418.7684346808768
-4.5,123.5,418.6658978249582
-4.5,124.5,418.6610693157458
-4.5,125.5,418.6554436963584
-4.5,126.5,418.6531438330306
-4.5,127.5,418.6540418739651
-4.5,128.5,418.6709567019352
-4.5,129.5,418.6930876270668
-4.5,130.5,418.7155076068271
-4.5,131.5,418.7350224339
-4.5,132.5,418.7603352217502
-4.5,133.5,418.8217620482625
-4.5,134.5,418.8559803689958
-4.5,135.5,418.8652844081971
-4.5,136.5,418.8994554379756
-4.5,137.5,418.8890847954942
-4.5,138.5,418.9602962325116
-4.5,139.5,418.9986816546753
-4.5,140.5,418.9195060261872
-4.5,141.5,418.8975385454541
-4.5,142.5,418.8717527064405
-4.5,143.5,418.86185626946514
-4.5,144.5,418.8690876703338
-4.5,145.5,418.825288202182
-4.5,146.5,418.736408581818
-4.5,147.5,418.7072024882655
-4.5,148.5,418.7050391526973
-4.5,149.5,418.69394813696033
-4.5,150.5,418.6822005729298
-4.5,151.5,418.6527305813143
-4.5,152.5,418.6202542005688
-4.5,153.5,418.6352281795483
-4.5,154.5,418.6357814110101
-4.5,155.5,418.6277207835731
-4.5,156.5,418.6191641653941
-4.5,157.5,418.613078253521
-4.5,158.5,418.6071058591016
-4.5,159.5,418.6019652578721
-4.5,160.5,418.5948685653965
-4.5,161.5,418.5689091759599
-4.5,162.5,418.5725660679668
-4.5,163.5,418.5601044215176
-4.5,164.5,418.5485424076415
-4.5,165.5,418.5371116635488
-4.5,166.5,418.527592821369
-4.5,167.5,418.519486304724
-4.5,168.5,418.5106721036114
-4.5,169.5,418.4680484058421
-4.5,170.5,418.4903148944274
-4.5,171.5,418.4808093545504
-4.5,172.5,418.47190577112906
-4.5,173.5,418.4645033631722
-4.5,174.5,418.4573596789576
-4.5,175.5,418.4510699390642
-4.5,176.5,418.44489433627706
-4.5,177.5,418.3992293474085
-4.5,178.5,418.4349281777355
-4.5,179.5,418.4319388823084
-3.5,-179.5,418.4815509798197
-3.5,-178.5,418.4802949490367
-3.5,-177.5,418.4441711910309
-3.5,-176.5,418.47801027453073
-3.5,-175.5,418.4767850048456
-3.5,-174.5,418.4761636048184
-3.5,-173.5,418.47652604969255
-3.5,-172.5,418.4776030286291
-3.5,-171.5,418.4788461611814
-3.5,-170.5,418.48058841391673
-3.5,-169.5,418.4833740200015
-3.5,-168.5,418.4856041238997
-3.5,-167.5,418.4876578764309
-3.5,-166.5,418.48917224489566
-3.5,-165.5,418.4904542280377
-3.5,-164.5,418.4901641612674
-3.5,-163.5,418.4902888300588
-3.5,-162.5,418.4907335073289
-3.5,-161.5,418.4643590436107
-3.5,-160.5,418.49245552927147
-3.5,-159.5,418.4941549582214
-3.5,-158.5,418.4982156630808
-3.5,-157.5,418.5000331474843
-3.5,-156.5,418.50192683086857
-3.5,-155.5,418.5036309621549
-3.5,-154.5,418.5064623925198
-3.5,-153.5,418.5099455899232
-3.5,-152.5,418.5137174026789
-3.5,-151.5,418.51661181945474
-3.5,-150.5,418.51957269668304
-3.5,-149.5,418.5222426472397
-3.5,-148.5,418.5248185967321
-3.5,-147.5,418.5272912214051
-3.5,-146.5,418.53025200356
-3.5,-145.5,418.53341507638186
-3.5,-144.5,418.5399869126029
-3.5,-143.5,418.5449464941994
-3.5,-142.5,418.5477200473204
-3.5,-141.5,418.5522725827964
-3.5,-140.5,418.5574812075037
-3.5,-139.5,418.5623975311557
-3.5,-138.5,418.56752131831087
-3.5,-137.5,418.5720667943135
-3.5,-136.5,418.5772733185168
-3.5,-135.5,418.582580799597
-3.5,-134.5,418.5877926302073
-3.5,-133.5,418.5929746740624
-3.5,-132.5,418.59887619588176
-3.5,-131.5,418.6047170326311
-3.5,-130.5,418.6104897847818
-3.5,-129.5,418.6164790564877
-3.5,-128.5,418.61920627816784
-3.5,-127.5,418.6240863207653
-3.5,-126.5,418.6282609004368
-3.5,-125.5,418.6322043338608
-3.5,-124.5,418.6361003775854
-3.5,-123.5,418.64004370654754
-3.5,-122.5,418.6465631246717
-3.5,-121.5,418.64796189352114
-3.5,-120.5,418.65122569017046
-3.5,-119.5,418.6539631807847
-3.5,-118.5,418.6550194139382
-3.5,-117.5,418.6525765601808
-3.5,-116.5,418.6520203385292
-3.5,-115.5,418.6528392021531
-3.5,-114.5,418.6530384576444
-3.5,-113.5,418.653212534066
-3.5,-112.5,418.6498565165701
-3.5,-111.5,418.6502097466412
-3.5,-110.5,418.65901040781625
-3.5,-109.5,418.660876725838
-3.5,-108.5,418.66335889131767
-3.5,-107.5,418.66817320897655
-3.5,-106.5,418.6733774938836
-3.5,-105.5,418.6787124238651
-3.5,-104.5,418.6856441405262
-3.5,-103.5,418.6942871206535
-3.5,-102.5,418.7050581651805
-3.5,-101.5,418.6836128866731
-3.5,-100.5,418.7240866651921
-3.5,-99.5,418.6922940747467
-3.5,-98.5,418.73478003992574
-3.5,-97.5,418.7453626914478
-3.5,-96.5,418.74789673029386
-3.5,-95.5,418.7077525943202
-3.5,-94.5,418.7550099527191
-3.5,-93.5,418.7584294559855
-3.5,-92.5,418.7230763372564
-3.5,-91.5,418.7663876344184
-3.5,-90.5,418.771958296645
-3.5,-89.5,418.7779684978565
-3.5,-88.5,418.7852750739031
-3.5,-87.5,418.7930954297712
-3.5,-86.5,418.8039217296394
-3.5,-85.5,418.8160517051364
-3.5,-84.5,418.82752613020415
-3.5,-83.5,418.8333416061535
-3.5,-82.5,418.8357814815611
-3.5,-81.5,418.83309066340377
-3.5,-80.5,418.8326724929397
-3.5,-79.5,418.7275740030194
-3.5,-78.5,418.8712587272042
-3.5,-77.5,419.0560610475159
-3.5,-76.5,419.1240333149131
-3.5,-75.5,419.1302423663596
-3.5,-74.5,419.1326181948826
-3.5,-73.5,419.1654383995146
-3.5,-72.5,419.21218264006376
-3.5,-71.5,419.2723456030536
-3.5,-70.5,419.2924939593692
-3.5,-69.5,419.3718952644185
-3.5,-68.5,419.41043366611706
-3.5,-67.5,419.4734614684357
-3.5,-66.5,419.49860968337504
-3.5,-65.5,419.5474408344512
-3.5,-64.5,419.5405488925616
-3.5,-63.5,419.5338253281168
-3.5,-62.5,419.55130904659416
-3.5,-61.5,419.56634412788605
-3.5,-60.5,419.5567435592023
-3.5,-59.5,419.5488779451255
-3.5,-58.5,419.544168265842
-3.5,-57.5,419.5405034951
-3.5,-56.5,419.5649140560603
-3.5,-55.5,419.5694476565734
-3.5,-54.5,419.5595789909125
-3.5,-53.5,419.5316808498548
-3.5,-52.5,419.5055581767566
-3.5,-51.5,419.5154839552079
-3.5,-50.5,419.4969982417501
-3.5,-49.5,419.4263742357836
-3.5,-48.5,419.3627241995808
-3.5,-47.5,419.2724498307458
-3.5,-46.5,419.2069792227605
-3.5,-45.5,419.1594272960855
-3.5,-44.5,419.129579805396
-3.5,-43.5,419.06186918293474
-3.5,-42.5,418.9523267483364
-3.5,-41.5,418.85927703947306
-3.5,-40.5,418.7822458191814
-3.5,-39.5,418.7153976397871
-3.5,-38.5,418.62478690790033
-3.5,-37.5,418.5900508909881
-3.5,-36.5,418.5808453841915
-3.5,-35.5,418.5813706645921
-3.5,-34.5,418.58698014275694
-3.5,-33.5,418.590425481029
-3.5,-32.5,418.5937622188481
-3.5,-31.5,418.5949383109512
-3.5,-30.5,418.5934257451045
-3.5,-29.5,418.5901203740125
-3.5,-28.5,418.5863762028693
-3.5,-27.5,418.5819742884302
-3.5,-26.5,418.57730372653566
-3.5,-25.5,418.5720675906763
-3.5,-24.5,418.5661141737464
-3.5,-23.5,418.5636091489949
-3.5,-22.5,418.5630875415008
-3.5,-21.5,418.5620282269152
-3.5,-20.5,418.5617237509665
-3.5,-19.5,418.56225129758326
-3.5,-18.5,418.5637283820768
-3.5,-17.5,418.5656144536737
-3.5,-16.5,418.5689830645268
-3.5,-15.5,418.5737703051892
-3.5,-14.5,418.58203316829895
-3.5,-13.5,418.5906382289669
-3.5,-12.5,418.5991048848175
-3.5,-11.5,418.6077423548378
-3.5,-10.5,418.61596544500486
-3.5,-9.5,418.6230728386128
-3.5,-8.5,418.6366436174859
-3.5,-7.5,418.65034637902056
-3.5,-6.5,418.66191821990685
-3.5,-5.5,418.67336636696
-3.5,-4.5,418.6809362372163
-3.5,-3.5,418.6850179501493
-3.5,-2.5,418.69172189039296
-3.5,-1.5,418.7002722779605
-3.5,-0.5,418.71466180909925
-3.5,0.5,418.7245242687498
-3.5,1.5,418.73506782710086
-3.5,2.5,418.7550317064087
-3.5,3.5,418.7739354447336
-3.5,4.5,418.7907680261201
-3.5,5.5,418.80642145072966
-3.5,6.5,418.8211420650416
-3.5,7.5,418.839686976558
-3.5,8.5,418.853624278202
-3.5,9.5,418.86153508842807
-3.5,10.5,418.8581885462016
-3.5,11.5,418.8596961304141
-3.5,12.5,418.8680564601977
-3.5,13.5,418.8538159383918
-3.5,14.5,418.8763324883658
-3.5,15.5,418.74754789005954
-3.5,16.5,418.792639050074
-3.5,17.5,418.8220021777371
-3.5,18.5,419.05403657864224
-3.5,19.5,418.9913799445539
-3.5,20.5,418.9227129103023
-3.5,21.5,418.8743397956347
-3.5,22.5,418.8795114733109
-3.5,23.5,418.9190073797972
-3.5,24.5,418.9266394856812
-3.5,25.5,419.0316855858014
-3.5,26.5,419.0587822616432
-3.5,27.5,419.1920201711815
-3.5,28.5,419.02490229850486
-3.5,29.5,419.1767353824324
-3.5,30.5,419.26592196296014
-3.5,31.5,419.280830912548
-3.5,32.5,419.2165456104616
-3.5,33.5,419.1743043599944
-3.5,34.5,419.0116897343923
-3.5,35.5,418.8459546570826
-3.5,36.5,418.7974090420749
-3.5,37.5,418.730598153684
-3.5,38.5,418.6713531273873
-3.5,39.5,418.62690736805325
-3.5,40.5,418.4784271234506
-3.5,41.5,418.4483849338548
-3.5,42.5,418.4205970242707
-3.5,43.5,418.4034825635276
-3.5,44.5,418.3831537690873
-3.5,45.5,418.3770732740983
-3.5,46.5,418.3696386040496
-3.5,47.5,418.35715432566826
-3.5,48.5,418.3634242847563
-3.5,49.5,418.3654362429761
-3.5,50.5,418.367866907172
-3.5,51.5,418.3702107421269
-3.5,52.5,418.372310589068
-3.5,53.5,418.3728200554284
-3.5,54.5,418.3728916079036
-3.5,55.5,418.3735252968941
-3.5,56.5,418.37497510166247
-3.5,57.5,418.3795891828893
-3.5,58.5,418.384563425131
-3.5,59.5,418.39037740407616
-3.5,60.5,418.3989592011421
-3.5,61.5,418.4059589992324
-3.5,62.5,418.41172009717553
-3.5,63.5,418.4157527263896
-3.5,64.5,418.4190178723644
-3.5,65.5,418.4217882006485
-3.5,66.5,418.4262370852969
-3.5,67.5,418.4320325479487
-3.5,68.5,418.420793057945
-3.5,69.5,418.4456414659626
-3.5,70.5,418.4564370233584
-3.5,71.5,418.4715629237984
-3.5,72.5,418.4814652289341
-3.5,73.5,418.4875195249604
-3.5,74.5,418.4927689794047
-3.5,75.5,418.4962420929647
-3.5,76.5,418.5026233692216
-3.5,77.5,418.5081583821572
-3.5,78.5,418.51420294404335
-3.5,79.5,418.5232138868821
-3.5,80.5,418.5346482882695
-3.5,81.5,418.5489107942352
-3.5,82.5,418.5640629810324
-3.5,83.5,418.5821134909162
-3.5,84.5,418.6014251848533
-3.5,85.5,418.6220095678273
-3.5,86.5,418.6430059742601
-3.5,87.5,418.6598712411409
-3.5,88.5,418.6784251118173
-3.5,89.5,418.6953837340218
-3.5,90.5,418.71412724447487
-3.5,91.5,418.7374662109145
-3.5,92.5,418.7656167925192
-3.5,93.5,418.79608918406353
-3.5,94.5,418.8325668424128
-3.5,95.5,418.8697985766863
-3.5,96.5,418.9059593647383
-3.5,97.5,418.9423495279583
-3.5,98.5,418.9768934710724
-3.5,99.5,419.0267366930799
-3.5,100.5,419.08225763370086
-3.5,101.5,419.1517066486407
-3.5,102.5,419.1577615666368
-3.5,103.5,419.2602662489349
-3.5,104.5,419.35140877714815
-3.5,105.5,419.365942475358
-3.5,106.5,419.2344049557638
-3.5,107.5,419.1756997797848
-3.5,108.5,419.12621111066375
-3.5,109.5,419.0889619130581
-3.5,110.5,419.0630588576248
-3.5,111.5,419.03891844929217
-3.5,112.5,419.0186084567725
-3.5,113.5,419.0054714056729
-3.5,114.5,419.00190634466657
-3.5,115.5,418.9953120899502
-3.5,116.5,418.95413198150527
-3.5,117.5,418.9666453514944
-3.5,118.5,419.0038914990874
-3.5,119.5,418.9703206604869
-3.5,120.5,418.9456287501203
-3.5,121.5,418.8975818514774
-3.5,122.5,418.8119425794351
-3.5,123.5,418.7895153759556
-3.5,124.5,418.7932867454858
-3.5,125.5,418.80197664770856
-3.5,126.5,418.7790903853533
-3.5,127.5,418.7919830882173
-3.5,128.5,418.8076603534318
-3.5,129.5,418.82680337238486
-3.5,130.5,418.8746915351157
-3.5,131.5,418.8702290746836
-3.5,132.5,418.8878476178271
-3.5,133.5,419.0005924864067
-3.5,134.5,418.9518510371087
-3.5,135.5,418.87993046458126
-3.5,136.5,419.1255299608137
-3.5,137.5,419.3158372454666
-3.5,138.5,419.3286473726664
-3.5,139.5,419.0134876835796
-3.5,140.5,419.073397993372
-3.5,141.5,419.1145691060228
-3.5,142.5,419.01594739014905
-3.5,143.5,418.8889017159762
-3.5,144.5,418.8488993600501
-3.5,145.5,418.81987710485566
-3.5,146.5,418.79650589658337
-3.5,147.5,418.7872140397748
-3.5,148.5,418.78021716207417
-3.5,149.5,418.76710821220615
-3.5,150.5,418.74546440206205
-3.5,151.5,418.7357978085088
-3.5,152.5,418.70973205659135
-3.5,153.5,418.7091170931792
-3.5,154.5,418.7001449039893
-3.5,155.5,418.6908207441173
-3.5,156.5,418.6808527352502
-3.5,157.5,418.6717364347336
-3.5,158.5,418.6647140375093
-3.5,159.5,418.6560528877438
-3.5,160.5,418.6459475265507
-3.5,161.5,418.6333695838688
-3.5,162.5,418.6203644405411
-3.5,163.5,418.6071901060091
-3.5,164.5,418.5942234045893
-3.5,165.5,418.5814530873831
-3.5,166.5,418.5714412701863
-3.5,167.5,418.5624163950224
-3.5,168.5,418.5541002527472
-3.5,169.5,418.5460493824757
-3.5,170.5,418.5369714598242
-3.5,171.5,418.5284946103386
-3.5,172.5,418.5207849129168
-3.5,173.5,418.5143590013394
-3.5,174.5,418.5083162645836
-3.5,175.5,418.50150952612864
-3.5,176.5,418.495341707664
-3.5,177.5,418.4899530459487
-3.5,178.5,418.4858754717921
-3.5,179.5,418.4830967153124
-2.5,-179.5,418.5388564121884
-2.5,-178.5,418.53752177511706
-2.5,-177.5,418.5365235904368
-2.5,-176.5,418.5359849859076
-2.5,-175.5,418.5367646262679
-2.5,-174.5,418.5372713126487
-2.5,-173.5,418.5380097967609
-2.5,-172.5,418.53874126619536
-2.5,-171.5,418.5394639508692
-2.5,-170.5,418.540167415765
-2.5,-169.5,418.5140276853413
-2.5,-168.5,418.5431078033073
-2.5,-167.5,418.545083997338
-2.5,-166.5,418.54685315680587
-2.5,-165.5,418.5491297855493
-2.5,-164.5,418.55019408703726
-2.5,-163.5,418.551241935905
-2.5,-162.5,418.5543210555642
-2.5,-161.5,418.5574535467183
-2.5,-160.5,418.5600426022846
-2.5,-159.5,418.5627677798951
-2.5,-158.5,418.5657086208717
-2.5,-157.5,418.5679138592555
-2.5,-156.5,418.5701557755379
-2.5,-155.5,418.5493038600955
-2.5,-154.5,418.5761909521359
-2.5,-153.5,418.58103246769736
-2.5,-152.5,418.5860355929477
-2.5,-151.5,418.5904507077677
-2.5,-150.5,418.5955917518562
-2.5,-149.5,418.59879775575945
-2.5,-148.5,418.60132194999056
-2.5,-147.5,418.6055285037585
-2.5,-146.5,418.6107186085365
-2.5,-145.5,418.6154531360817
-2.5,-144.5,418.62039741586784
-2.5,-143.5,418.6256231127348
-2.5,-142.5,418.6302130989756
-2.5,-141.5,418.6243322916021
-2.5,-140.5,418.6403389580013
-2.5,-139.5,418.6458591513624
-2.5,-138.5,418.6505100171775
-2.5,-137.5,418.6553912970966
-2.5,-136.5,418.6591196778182
-2.5,-135.5,418.6647267588728
-2.5,-134.5,418.67032272529104
-2.5,-133.5,418.6763163920947
-2.5,-132.5,418.6811276088408
-2.5,-131.5,418.6877589856682
-2.5,-130.5,418.6937006653503
-2.5,-129.5,418.6978950477787
-2.5,-128.5,418.7011443314535
-2.5,-127.5,418.7048360487354
-2.5,-126.5,418.708571760017
-2.5,-125.5,418.7121329374851
-2.5,-124.5,418.7134469260796
-2.5,-123.5,418.7169753656154
-2.5,-122.5,418.71982758563
-2.5,-121.5,418.7222035218719
-2.5,-120.5,418.72449549706056
-2.5,-119.5,418.72621526904027
-2.5,-118.5,418.7259852520801
-2.5,-117.5,418.72547266621103
-2.5,-116.5,418.72429329284125
-2.5,-115.5,418.72415894981646
-2.5,-114.5,418.726525897422
-2.5,-113.5,418.72725504458265
-2.5,-112.5,418.7283869569053
-2.5,-111.5,418.7273623096204
-2.5,-110.5,418.7299760135605
-2.5,-109.5,418.7314201443343
-2.5,-108.5,418.7345677133398
-2.5,-107.5,418.74136096553264
-2.5,-106.5,418.7472376922954
-2.5,-105.5,418.7538598701448
-2.5,-104.5,418.76158163086205
-2.5,-103.5,418.7752176231455
-2.5,-102.5,418.7544829491568
-2.5,-101.5,418.761634132454
-2.5,-100.5,418.81276657198936
-2.5,-99.5,418.7694625483599
-2.5,-98.5,418.8216115144664
-2.5,-97.5,418.8205377916256
-2.5,-96.5,418.82257438945726
-2.5,-95.5,418.8259087577703
-2.5,-94.5,418.8306450903122
-2.5,-93.5,418.8332746757565
-2.5,-92.5,418.83581452689816
-2.5,-91.5,418.84165620041193
-2.5,-90.5,418.8535409894026
-2.5,-89.5,418.8610337560268
-2.5,-88.5,418.8676568660398
-2.5,-87.5,418.8753388372182
-2.5,-86.5,418.8815301678336
-2.5,-85.5,418.8904889946109
-2.5,-84.5,418.8976513214054
-2.5,-83.5,418.8989357560961
-2.5,-82.5,418.8950279314708
-2.5,-81.5,418.8888706961084
-2.5,-80.5,418.9088579486793
-2.5,-79.5,418.9336376923227
-2.5,-78.5,418.7059884289219
-2.5,-77.5,419.0273885207668
-2.5,-76.5,419.1670791581282
-2.5,-75.5,419.1922961573343
-2.5,-74.5,419.1694237957023
-2.5,-73.5,419.1947977102452
-2.5,-72.5,419.2136094545976
-2.5,-71.5,419.28170925666825
-2.5,-70.5,419.3474058434298
-2.5,-69.5,419.4050169624354
-2.5,-68.5,419.4835258457797
-2.5,-67.5,419.5421812289547
-2.5,-66.5,419.5885155280966
-2.5,-65.5,419.5997925457073
-2.5,-64.5,419.6270509560805
-2.5,-63.5,419.6414742030816
-2.5,-62.5,419.643476429681
-2.5,-61.5,419.64735061189737
-2.5,-60.5,419.5316191523307
-2.5,-59.5,419.62276611676015
-2.5,-58.5,419.58955937362833
-2.5,-57.5,419.546216969151
-2.5,-56.5,419.525282023772
-2.5,-55.5,419.5185286319584
-2.5,-54.5,419.5054525264276
-2.5,-53.5,419.5033128218286
-2.5,-52.5,419.4834167704692
-2.5,-51.5,419.4289920060534
-2.5,-50.5,419.43750785670784
-2.5,-49.5,419.4140213592388
-2.5,-48.5,419.35378918488937
-2.5,-47.5,419.2745457452156
-2.5,-46.5,419.2246744434115
-2.5,-45.5,419.0810564301694
-2.5,-44.5,418.96117326885735
-2.5,-43.5,418.9084798659967
-2.5,-42.5,418.861240347831
-2.5,-41.5,418.8098348736398
-2.5,-40.5,418.76868485282426
-2.5,-39.5,418.7373734246982
-2.5,-38.5,418.7197572272929
-2.5,-37.5,418.7138696434381
-2.5,-36.5,418.71149105722907
-2.5,-35.5,418.71581601669
-2.5,-34.5,418.71981259356346
-2.5,-33.5,418.7215295772024
-2.5,-32.5,418.72090736883854
-2.5,-31.5,418.7323730877384
-2.5,-30.5,418.71417975963146
-2.5,-29.5,418.709002047222
-2.5,-28.5,418.7042069371627
-2.5,-27.5,418.6977832734041
-2.5,-26.5,418.6915753286354
-2.5,-25.5,418.68594923652046
-2.5,-24.5,418.6801439619691
-2.5,-23.5,418.6779257671652
-2.5,-22.5,418.6950515367558
-2.5,-21.5,418.6769609763224
-2.5,-20.5,418.6754968636952
-2.5,-19.5,418.6761307441324
-2.5,-18.5,418.6797741472666
-2.5,-17.5,418.6986254851873
-2.5,-16.5,418.6856506060652
-2.5,-15.5,418.691477500773
-2.5,-14.5,418.6999702165191
-2.5,-13.5,418.7083995790932
-2.5,-12.5,418.71764626125656
-2.5,-11.5,418.7269581772025
-2.5,-10.5,418.7364858717421
-2.5,-9.5,418.7442680027444
-2.5,-8.5,418.7556237457084
-2.5,-7.5,418.7681871117204
-2.5,-6.5,418.78364589933176
-2.5,-5.5,418.79621303678863
-2.5,-4.5,418.8079363483487
-2.5,-3.5,418.8145263489341
-2.5,-2.5,418.8231273273265
-2.5,-1.5,418.8326382172723
-2.5,-0.5,418.84359657845096
-2.5,0.5,418.8534912302303
-2.5,1.5,418.86890735859055
-2.5,2.5,418.8876500966245
-2.5,3.5,418.9077874397189
-2.5,4.5,418.92736475062
-2.5,5.5,418.9460466870993
-2.5,6.5,418.965567460866
-2.5,7.5,418.97861613849466
-2.5,8.5,418.99337299877817
-2.5,9.5,418.9956076526837
-2.5,10.5,419.0326837534955
-2.5,11.5,419.0125765669835
-2.5,12.5,418.9980443872998
-2.5,13.5,418.98148178467846
-2.5,14.5,418.9879236691508
-2.5,15.5,419.0574045090504
-2.5,16.5,419.1638739866852
-2.5,17.5,419.1368924507907
-2.5,18.5,419.09983196136994
-2.5,19.5,419.0436922567951
-2.5,20.5,419.00380041740885
-2.5,21.5,418.93868992765147
-2.5,22.5,418.9847050216632
-2.5,23.5,419.008735823937
-2.5,24.5,419.0497722535971
-2.5,25.5,419.1320020120703
-2.5,26.5,419.1770352122326
-2.5,27.5,419.3303747945965
-2.5,28.5,419.2941086388765
-2.5,29.5,419.34145666405016
-2.5,30.5,419.4362421532657
-2.5,31.5,419.433329551363
-2.5,32.5,419.343545965012
-2.5,33.5,419.2773609821327
-2.5,34.5,419.0742333937114
-2.5,35.5,418.8988318051007
-2.5,36.5,418.8435780130176
-2.5,37.5,418.7231938675839
-2.5,38.5,418.710088278177
-2.5,39.5,418.6815231419753
-2.5,40.5,418.5922065724607
-2.5,41.5,418.51186306513375
-2.5,42.5,418.49605582015215
-2.5,43.5,418.4743339483796
-2.5,44.5,418.4593151222103
-2.5,45.5,418.4491531906987
-2.5,46.5,418.446675075699
-2.5,47.5,418.4351926482434
-2.5,48.5,418.4437707377898
-2.5,49.5,418.4484280702282
-2.5,50.5,418.44118787915465
-2.5,51.5,418.45603682598266
-2.5,52.5,418.45748655875735
-2.5,53.5,418.4643728460151
-2.5,54.5,418.4679768576406
-2.5,55.5,418.4691397165111
-2.5,56.5,418.4696820334358
-2.5,57.5,418.4750063668861
-2.5,58.5,418.48326522211664
-2.5,59.5,418.4938336374117
-2.5,60.5,418.5033527924064
-2.5,61.5,418.5116016324333
-2.5,62.5,418.5203360515527
-2.5,63.5,418.5271177387073
-2.5,64.5,418.5310527050339
-2.5,65.5,418.5362842895174
-2.5,66.5,418.5429204859883
-2.5,67.5,418.553011706725
-2.5,68.5,418.5648195664144
-2.5,69.5,418.5786373282127
-2.5,70.5,418.5933146899967
-2.5,71.5,418.6054515162692
-2.5,72.5,418.6156485140768
-2.5,73.5,418.6229988808194
-2.5,74.5,418.631211669514
-2.5,75.5,418.6402298665513
-2.5,76.5,418.6472966206098
-2.5,77.5,418.6539465273375
-2.5,78.5,418.660636853956
-2.5,79.5,418.6673952086633
-2.5,80.5,418.6819839668667
-2.5,81.5,418.7021980309822
-2.5,82.5,418.72154673238674
-2.5,83.5,418.73777826008
-2.5,84.5,418.75678590359337
-2.5,85.5,418.7782532589396
-2.5,86.5,418.7968290392637
-2.5,87.5,418.8135869589382
-2.5,88.5,418.8325168533864
-2.5,89.5,418.85515504283
-2.5,90.5,418.8785824720045
-2.5,91.5,418.90433663327474
-2.5,92.5,418.9335172729506
-2.5,93.5,418.9636474911389
-2.5,94.5,418.9976759578496
-2.5,95.5,419.0344809523186
-2.5,96.5,419.00682750553375
-2.5,97.5,419.1137366033453
-2.5,98.5,419.1626164327578
-2.5,99.5,419.21266237836295
-2.5,100.5,419.3035112035722
-2.5,101.5,419.2873364836741
-2.5,102.5,419.4426999224166
-2.5,103.5,419.4813888922817
-2.5,104.5,419.58929846227807
-2.5,105.5,419.4432484967213
-2.5,106.5,419.3511273231303
-2.5,107.5,419.3122982221012
-2.5,108.5,419.2793690127688
-2.5,109.5,419.26979493352377
-2.5,110.5,419.2722956934518
-2.5,111.5,419.3172134664753
-2.5,112.5,419.3341960238192
-2.5,113.5,419.4154406922092
-2.5,114.5,419.395059516838
-2.5,115.5,419.30943551005487
-2.5,116.5,419.1878576807515
-2.5,117.5,419.1521384454916
-2.5,118.5,419.2074979187785
-2.5,119.5,419.26302027001566
-2.5,120.5,419.0164227169548
-2.5,121.5,419.03528086475785
-2.5,122.5,418.9335455453014
-2.5,123.5,418.9034841586053
-2.5,124.5,418.9088004476495
-2.5,125.5,418.9191157911345
-2.5,126.5,418.92467707157255
-2.5,127.5,418.92447181371466
-2.5,128.5,418.9355402740992
-2.5,129.5,418.9537658686396
-2.5,130.5,418.9679913265187
-2.5,131.5,418.9778915726593
-2.5,132.5,419.0305045380535
-2.5,133.5,419.1159638030072
-2.5,134.5,419.0579792852296
-2.5,135.5,419.083919093152
-2.5,136.5,419.1035169574419
-2.5,137.5,419.18672447223486
-2.5,138.5,419.1563076878863
-2.5,139.5,419.1497657118291
-2.5,140.5,419.0104044894064
-2.5,141.5,418.9805705017061
-2.5,142.5,418.94789740571247
-2.5,143.5,418.9136445193762
-2.5,144.5,418.8877272936125
-2.5,145.5,418.8714382962797
-2.5,146.5,418.8566526347182
-2.5,147.5,418.8494542743308
-2.5,148.5,418.84205452931866
-2.5,149.5,418.8292792738402
-2.5,150.5,418.8105250381083
-2.5,151.5,418.7861566369668
-2.5,152.5,418.779902808927
-2.5,153.5,418.7672255757834
-2.5,154.5,418.757110643541
-2.5,155.5,418.7458830231686
-2.5,156.5,418.73597129557487
-2.5,157.5,418.7264522764881
-2.5,158.5,418.7188781370888
-2.5,159.5,418.7111080166373
-2.5,160.5,418.7000727573269
-2.5,161.5,418.6870502796527
-2.5,162.5,418.6736383303744
-2.5,163.5,418.63973300054255
-2.5,164.5,418.64455937217525
-2.5,165.5,418.6310395950387
-2.5,166.5,418.61866407797646
-2.5,167.5,418.609668873218
-2.5,168.5,418.6026267735427
-2.5,169.5,418.5960744508103
-2.5,170.5,418.5890762935328
-2.5,171.5,418.5822941928309
-2.5,172.5,418.5757438732599
-2.5,173.5,418.56941022141024
-2.5,174.5,418.5630834069795
-2.5,175.5,418.5574204804815
-2.5,176.5,418.5505372348224
-2.5,177.5,418.5459709218064
-2.5,178.5,418.54274447457215
-2.5,179.5,418.5404558711571
-1.5,-179.5,418.6038644365482
-1.5,-178.5,418.6016697252641
-1.5,-177.5,418.6005379142965
-1.5,-176.5,418.6011365880753
-1.5,-175.5,418.6017201722097
-1.5,-174.5,418.60225794236624
-1.5,-173.5,418.6023051671479
-1.5,-172.5,418.6018366080264
-1.5,-171.5,418.60178355013
-1.5,-170.5,418.6022939212808
-1.5,-169.5,418.6034439521116
-1.5,-168.5,418.6049780017756
-1.5,-167.5,418.58638687263584
-1.5,-166.5,418.6103819883942
-1.5,-165.5,418.6130417213742
-1.5,-164.5,418.6153452925352
-1.5,-163.5,418.6179568760344
-1.5,-162.5,418.621202267469
-1.5,-161.5,418.624712653057
-1.5,-160.5,418.6275064235347
-1.5,-159.5,418.6303542993069
-1.5,-158.5,418.63307017610623
-1.5,-157.5,418.636403323407
-1.5,-156.5,418.6402660111272
-1.5,-155.5,418.6452528270442
-1.5,-154.5,418.6500265134719
-1.5,-153.5,418.65547437206953
-1.5,-152.5,418.6608339223557
-1.5,-151.5,418.6660515924358
-1.5,-150.5,418.6701240530171
-1.5,-149.5,418.6731491226016
-1.5,-148.5,418.6767943382829
-1.5,-147.5,418.68134298568833
-1.5,-146.5,418.6860402701715
-1.5,-145.5,418.691077054491
-1.5,-144.5,418.69631470478384
-1.5,-143.5,418.7018250295435
-1.5,-142.5,418.6982937022749
-1.5,-141.5,418.7046343340001
-1.5,-140.5,418.71809194110455
-1.5,-139.5,418.7233180562043
-1.5,-138.5,418.728343725698
-1.5,-137.5,418.7338655413084
-1.5,-136.5,418.7388780377863
-1.5,-135.5,418.7438905402997
-1.5,-134.5,418.75007446107855
-1.5,-133.5,418.7567446980466
-1.5,-132.5,418.76252166234286
-1.5,-131.5,418.7653601068626
-1.5,-130.5,418.7691557691634
-1.5,-129.5,418.7719296518017
-1.5,-128.5,418.77425319279945
-1.5,-127.5,418.776440224221
-1.5,-126.5,418.77822011045976
-1.5,-125.5,418.7801034155083
-1.5,-124.5,418.7825549328373
-1.5,-123.5,418.7849908232108
-1.5,-122.5,418.7867580878087
-1.5,-121.5,418.789204744136
-1.5,-120.5,418.78921382755976
-1.5,-119.5,418.7904448568415
-1.5,-118.5,418.7912632715622
-1.5,-117.5,418.79102638948814
-1.5,-116.5,418.7903322319665
-1.5,-115.5,418.7908959941242
-1.5,-114.5,418.7929029260807
-1.5,-113.5,418.79462164518094
-1.5,-112.5,418.7968027825651
-1.5,-111.5,418.808044471775
-1.5,-110.5,418.80133778795937
-1.5,-109.5,418.8057467215484
-1.5,-108.5,418.8101456712509
-1.5,-107.5,418.813801029734
-1.5,-106.5,418.8191161283344
-1.5,-105.5,418.82621202653496
-1.5,-104.5,418.83458488122926
-1.5,-103.5,418.8451834660192
-1.5,-102.5,418.8178085228126
-1.5,-101.5,418.87471889573584
-1.5,-100.5,418.8834980399022
-1.5,-99.5,418.8283254026264
-1.5,-98.5,418.8877818849608
-1.5,-97.5,418.885084625246
-1.5,-96.5,418.8387024083235
-1.5,-95.5,418.8896842424125
-1.5,-94.5,418.899497592185
-1.5,-93.5,418.9065276687213
-1.5,-92.5,418.9099883546745
-1.5,-91.5,418.9124289490047
-1.5,-90.5,418.91816632129854
-1.5,-89.5,418.93308716318
-1.5,-88.5,418.9446892708696
-1.5,-87.5,418.9563853861372
-1.5,-86.5,418.9646280545951
-1.5,-85.5,418.9710642890561
-1.5,-84.5,418.97357529289616
-1.5,-83.5,418.9782512094197
-1.5,-82.5,418.9696993801529
-1.5,-81.5,418.9493859085945
-1.5,-80.5,418.935655680708
-1.5,-79.5,419.06502951845744
-1.5,-78.5,418.7834695546499
-1.5,-77.5,418.9214769612068
-1.5,-76.5,419.19780159547736
-1.5,-75.5,419.24930091938063
-1.5,-74.5,419.2564227005782
-1.5,-73.5,419.2657110109544
-1.5,-72.5,419.279978405767
-1.5,-71.5,419.209318249014
-1.5,-70.5,419.38951819469446
-1.5,-69.5,419.4383703846562
-1.5,-68.5,419.51004168743214
-1.5,-67.5,419.6026020436543
-1.5,-66.5,419.6768196622913
-1.5,-65.5,419.7214520152676
-1.5,-64.5,419.7448430292634
-1.5,-63.5,419.744505968204
-1.5,-62.5,419.7130591802016
-1.5,-61.5,419.7074540048295
-1.5,-60.5,419.6733000635068
-1.5,-59.5,419.6368718790757
-1.5,-58.5,419.6322006693563
-1.5,-57.5,419.60205100982
-1.5,-56.5,419.56315361444246
-1.5,-55.5,419.52195111355184
-1.5,-54.5,419.4836001999994
-1.5,-53.5,419.4270975895848
-1.5,-52.5,419.3679212528697
-1.5,-51.5,419.32288079638033
-1.5,-50.5,419.2945085879591
-1.5,-49.5,419.2762129924408
-1.5,-48.5,419.2973529448263
-1.5,-47.5,419.212484672772
-1.5,-46.5,419.1632221197652
-1.5,-45.5,419.0320668147809
-1.5,-44.5,418.9753605690042
-1.5,-43.5,418.94530650250647
-1.5,-42.5,418.91672102197487
-1.5,-41.5,418.8903098357868
-1.5,-40.5,418.8692166916662
-1.5,-39.5,418.8579687196328
-1.5,-38.5,418.8520773180645
-1.5,-37.5,418.8484492754421
-1.5,-36.5,418.8486051316908
-1.5,-35.5,418.8499794245602
-1.5,-34.5,418.8519067582184
-1.5,-33.5,418.85129204532825
-1.5,-32.5,418.84895803826265
-1.5,-31.5,418.8458462889752
-1.5,-30.5,418.8387189527629
-1.5,-29.5,418.8326402779845
-1.5,-28.5,418.8259627766831
-1.5,-27.5,418.8174369166617
-1.5,-26.5,418.8099385399311
-1.5,-25.5,418.8024487680965
-1.5,-24.5,418.79490555352726
-1.5,-23.5,418.79094419845416
-1.5,-22.5,418.790465610074
-1.5,-21.5,418.7908884309946
-1.5,-20.5,418.7911461180055
-1.5,-19.5,418.79213310280096
-1.5,-18.5,418.7942079154933
-1.5,-17.5,418.7994636075263
-1.5,-16.5,418.8051900760939
-1.5,-15.5,418.8128831813665
-1.5,-14.5,418.820031721071
-1.5,-13.5,418.8268123073585
-1.5,-12.5,418.8348078822662
-1.5,-11.5,418.8456822897618
-1.5,-10.5,418.8566925300539
-1.5,-9.5,418.8681052172345
-1.5,-8.5,418.9160738434381
-1.5,-7.5,418.893229515992
-1.5,-6.5,418.9064892234886
-1.5,-5.5,418.9184602682616
-1.5,-4.5,418.92794292441744
-1.5,-3.5,418.9362797176824
-1.5,-2.5,418.9453943694019
-1.5,-1.5,418.9551565459553
-1.5,-0.5,418.9666833437584
-1.5,0.5,418.9821427445549
-1.5,1.5,418.9978773911144
-1.5,2.5,419.01621349252207
-1.5,3.5,419.0345324063413
-1.5,4.5,419.0534397895071
-1.5,5.5,419.0758209214615
-1.5,6.5,419.0972277411754
-1.5,7.5,419.1140869961333
-1.5,8.5,419.1360169958512
-1.5,9.5,419.2033386781122
-1.5,10.5,419.1895119502384
-1.5,11.5,419.15349676681393
-1.5,12.5,419.1390392880515
-1.5,13.5,419.236177079388
-1.5,14.5,419.1867431688615
-1.5,15.5,419.21926368374
-1.5,16.5,419.2507057668224
-1.5,17.5,419.1979043601477
-1.5,18.5,419.1320871851815
-1.5,19.5,419.1043405901585
-1.5,20.5,419.0879216356345
-1.5,21.5,419.0951800270338
-1.5,22.5,419.1036130981271
-1.5,23.5,419.1452724432548
-1.5,24.5,419.17905194167145
-1.5,25.5,419.2460890286744
-1.5,26.5,419.23028679771375
-1.5,27.5,419.36861905092985
-1.5,28.5,419.5445218271653
-1.5,29.5,419.3780601207128
-1.5,30.5,419.40017585448186
-1.5,31.5,419.45374179480666
-1.5,32.5,419.326859919132
-1.5,33.5,419.2834490584365
-1.5,34.5,419.21752414861567
-1.5,35.5,418.9807633390956
-1.5,36.5,418.8620518206753
-1.5,37.5,418.74922408509167
-1.5,38.5,418.7411385530912
-1.5,39.5,418.7000163452794
-1.5,40.5,418.6522392719306
-1.5,41.5,418.5762122968111
-1.5,42.5,418.5626019960959
-1.5,43.5,418.5502046784222
-1.5,44.5,418.5378854228918
-1.5,45.5,418.527252023932
-1.5,46.5,418.5132072619476
-1.5,47.5,418.5156125497327
-1.5,48.5,418.5143476746264
-1.5,49.5,418.518677604008
-1.5,50.5,418.5262206535165
-1.5,51.5,418.5351453435799
-1.5,52.5,418.5449684570535
-1.5,53.5,418.5529713243471
-1.5,54.5,418.5576123749392
-1.5,55.5,418.5619842973703
-1.5,56.5,418.5657792269088
-1.5,57.5,418.5724159421949
-1.5,58.5,418.5828667999392
-1.5,59.5,418.5920172156966
-1.5,60.5,418.6007385578968
-1.5,61.5,418.610484879874
-1.5,62.5,418.6223136972069
-1.5,63.5,418.6304173825141
-1.5,64.5,418.63774758481
-1.5,65.5,418.6474482978704
-1.5,66.5,418.6576142302068
-1.5,67.5,418.6693845512056
-1.5,68.5,418.6854703793357
-1.5,69.5,418.70204704025775
-1.5,70.5,418.7171940748272
-1.5,71.5,418.7299189037033
-1.5,72.5,418.74168603162485
-1.5,73.5,418.7520280459521
-1.5,74.5,418.7635677832975
-1.5,75.5,418.776428462509
-1.5,76.5,418.7875813151708
-1.5,77.5,418.79650981054607
-1.5,78.5,418.805437990795
-1.5,79.5,418.8187883568239
-1.5,80.5,418.8092042211702
-1.5,81.5,418.8548248179493
-1.5,82.5,418.8740271514165
-1.5,83.5,418.890818004212
-1.5,84.5,418.903659226881
-1.5,85.5,418.9201449294678
-1.5,86.5,418.9365170218331
-1.5,87.5,418.9500073518972
-1.5,88.5,418.9666547150365
-1.5,89.5,418.98806637123374
-1.5,90.5,419.0133381952893
-1.5,91.5,419.0409768155477
-1.5,92.5,419.0719471715991
-1.5,93.5,419.10819453365815
-1.5,94.5,419.1454814184889
-1.5,95.5,419.17974591143405
-1.5,96.5,419.22001335185263
-1.5,97.5,419.2651119524805
-1.5,98.5,419.31802120034496
-1.5,99.5,419.3830916210541
-1.5,100.5,419.46824704073305
-1.5,101.5,419.4448308352149
-1.5,102.5,419.5867289823773
-1.5,103.5,419.6434240025021
-1.5,104.5,419.6037456955702
-1.5,105.5,419.5376550710576
-1.5,106.5,419.4987964966022
-1.5,107.5,419.4799347486058
-1.5,108.5,419.47586373137136
-1.5,109.5,419.4979887846209
-1.5,110.5,419.5898666343488
-1.5,111.5,419.5030800768784
-1.5,112.5,419.57307066767777
-1.5,113.5,419.6427551759565
-1.5,114.5,419.6049698916614
-1.5,115.5,419.4356522784658
-1.5,116.5,419.3227949135556
-1.5,117.5,419.28314845488137
-1.5,118.5,419.2856115604338
-1.5,119.5,419.42336344952736
-1.5,120.5,419.22786415384405
-1.5,121.5,419.0730155147772
-1.5,122.5,419.0471949296536
-1.5,123.5,418.99896330473257
-1.5,124.5,419.0099055703495
-1.5,125.5,419.0194137878072
-1.5,126.5,419.0194477860756
-1.5,127.5,419.0127579643664
-1.5,128.5,419.0316592838461
-1.5,129.5,419.03607314028864
-1.5,130.5,419.0412956374488
-1.5,131.5,419.06591230416313
-1.5,132.5,419.0617149339621
-1.5,133.5,419.1247752837049
-1.5,134.5,419.092877859462
-1.5,135.5,419.0835193306425
-1.5,136.5,419.0765737365087
-1.5,137.5,419.0965559763996
-1.5,138.5,419.08317152381846
-1.5,139.5,419.04696337851993
-1.5,140.5,419.01616242792056
-1.5,141.5,418.9904422444944
-1.5,142.5,418.96983606453057
-1.5,143.5,418.9508764614574
-1.5,144.5,418.9363210226893
-1.5,145.5,418.92569063037166
-1.5,146.5,418.9138214531649
-1.5,147.5,418.9050427740761
-1.5,148.5,418.8952304050033
-1.5,149.5,418.8771930980019
-1.5,150.5,418.8647585763508
-1.5,151.5,418.8493960425457
-1.5,152.5,418.8331769174696
-1.5,153.5,418.8169269126051
-1.5,154.5,418.8056739724291
-1.5,155.5,418.7966709984985
-1.5,156.5,418.78719894233393
-1.5,157.5,418.7792860509672
-1.5,158.5,418.7712576785325
-1.5,159.5,418.7626615072707
-1.5,160.5,418.75213135489565
-1.5,161.5,418.7399674237188
-1.5,162.5,418.7262293337727
-1.5,163.5,418.7128581038727
-1.5,164.5,418.6987474195702
-1.5,165.5,418.6851773515785
-1.5,166.5,418.6723715698299
-1.5,167.5,418.6623527331951
-1.5,168.5,418.657079240938
-1.5,169.5,418.6525501009456
-1.5,170.5,418.6479544325418
-1.5,171.5,418.6424779163085
-1.5,172.5,418.6360993090145
-1.5,173.5,418.6300213639574
-1.5,174.5,418.624581825208
-1.5,175.5,418.6198197061461
-1.5,176.5,418.61514966794687
-1.5,177.5,418.61169090523737
-1.5,178.5,418.6089430385182
-1.5,179.5,418.6063854115531
-0.5,-179.5,418.6727849009845
-0.5,-178.5,418.6700339389112
-0.5,-177.5,418.6687065560115
-0.5,-176.5,418.6687715326683
-0.5,-175.5,418.6688595485059
-0.5,-174.5,418.66887934855487
-0.5,-173.5,418.6684688878367
-0.5,-172.5,418.6677960441797
-0.5,-171.5,418.6692658890515
-0.5,-170.5,418.6707056250573
-0.5,-169.5,418.6729263668654
-0.5,-168.5,418.6755971310335
-0.5,-167.5,418.6782339436795
-0.5,-166.5,418.6803411382094
-0.5,-165.5,418.682677797438
-0.5,-164.5,418.6852935898542
-0.5,-163.5,418.68785581909054
-0.5,-162.5,418.6907219615418
-0.5,-161.5,418.6932724618234
-0.5,-160.5,418.6963288847452
-0.5,-159.5,418.7007401729831
-0.5,-158.5,418.70400931490747
-0.5,-157.5,418.70787999694073
-0.5,-156.5,418.71272473136014
-0.5,-155.5,418.7182392581782
-0.5,-154.5,418.7236266727089
-0.5,-153.5,418.7290633808207
-0.5,-152.5,418.73411322673405
-0.5,-151.5,418.7393843192249
-0.5,-150.5,418.7440455302827
-0.5,-149.5,418.7471515064297
-0.5,-148.5,418.75098306011296
-0.5,-147.5,418.74596439490784
-0.5,-146.5,418.7596227770621
-0.5,-145.5,418.7657932944143
-0.5,-144.5,418.77098390086206
-0.5,-143.5,418.77696132767255
-0.5,-142.5,418.7831322763146
-0.5,-141.5,418.787484618623
-0.5,-140.5,418.792219589256
-0.5,-139.5,418.7965080831826
-0.5,-138.5,418.8013036662554
-0.5,-137.5,418.8062692720538
-0.5,-136.5,418.8116279555506
-0.5,-135.5,418.8162213511328
-0.5,-134.5,418.82278433789946
-0.5,-133.5,418.82878980377023
-0.5,-132.5,418.8360828151437
-0.5,-131.5,418.8369401612113
-0.5,-130.5,418.8412416384645
-0.5,-129.5,418.839270230064
-0.5,-128.5,418.8407220873806
-0.5,-127.5,418.8401715999101
-0.5,-126.5,418.8422939148759
-0.5,-125.5,418.8416840199564
-0.5,-124.5,418.8430110199801
-0.5,-123.5,418.8444123317738
-0.5,-122.5,418.8455362377296
-0.5,-121.5,418.8479268159045
-0.5,-120.5,418.8496185557634
-0.5,-119.5,418.8513374132782
-0.5,-118.5,418.8528050188058
-0.5,-117.5,418.8537460531988
-0.5,-116.5,418.8546353891864
-0.5,-115.5,418.8536073023076
-0.5,-114.5,418.85454214283766
-0.5,-113.5,418.85561297211854
-0.5,-112.5,418.8573549634541
-0.5,-111.5,418.859921001343
-0.5,-110.5,418.8631035807343
-0.5,-109.5,418.8672405546352
-0.5,-108.5,418.8738816668369
-0.5,-107.5,418.87952052966745
-0.5,-106.5,418.886084699695
-0.5,-105.5,418.893885008254
-0.5,-104.5,418.9035474796476
-0.5,-103.5,418.8743976864881
-0.5,-102.5,418.8771624044476
-0.5,-101.5,418.9399669314905
-0.5,-100.5,418.8825129635164
-0.5,-99.5,418.95367572503307
-0.5,-98.5,418.8960959228394
-0.5,-97.5,418.9004318279936
-0.5,-96.5,418.9048571938057
-0.5,-95.5,418.9586808173977
-0.5,-94.5,418.9137059135844
-0.5,-93.5,418.9725783981018
-0.5,-92.5,418.97838825509945
-0.5,-91.5,418.9979325071757
-0.5,-90.5,418.972253435728
-0.5,-89.5,418.990647525718
-0.5,-88.5,419.00851447383695
-0.5,-87.5,419.0234732906
-0.5,-86.5,419.037138833754
-0.5,-85.5,419.0461635719518
-0.5,-84.5,419.0545036813804
-0.5,-83.5,419.0566089056463
-0.5,-82.5,419.0525968258861
-0.5,-81.5,419.0316819608607
-0.5,-80.5,418.996211538608
-0.5,-79.5,419.06698452962297
-0.5,-78.5,418.845021950474
-0.5,-77.5,419.0625405123832
-0.5,-76.5,419.2528146576108
-0.5,-75.5,419.322781250472
-0.5,-74.5,419.3477358759467
-0.5,-73.5,419.30801873729575
-0.5,-72.5,419.3296956988231
-0.5,-71.5,419.38335015558647
-0.5,-70.5,419.40512769085575
-0.5,-69.5,419.4734248832355
-0.5,-68.5,419.5266221437995
-0.5,-67.5,419.6442503803597
-0.5,-66.5,419.723496336851
-0.5,-65.5,419.7973763650191
-0.5,-64.5,419.826666755002
-0.5,-63.5,419.8282490166063
-0.5,-62.5,419.8381042530872
-0.5,-61.5,419.8132105445117
-0.5,-60.5,419.7505257903363
-0.5,-59.5,419.748719111118
-0.5,-58.5,419.7539885678035
-0.5,-57.5,419.6877738357944
-0.5,-56.5,419.6196427733012
-0.5,-55.5,419.5391139706034
-0.5,-54.5,419.45368881380335
-0.5,-53.5,419.4024948712077
-0.5,-52.5,419.3394201649176
-0.5,-51.5,419.3032175917238
-0.5,-50.5,419.2212719338265
-0.5,-49.5,419.17636865380143
-0.5,-48.5,419.13776946532624
-0.5,-47.5,419.10720354629495
-0.5,-46.5,419.0804679089658
-0.5,-45.5,419.0599133745336
-0.5,-44.5,419.04103788176536
-0.5,-43.5,419.0237069321496
-0.5,-42.5,419.0090308430752
-0.5,-41.5,418.99741771507337
-0.5,-40.5,418.990071716125
-0.5,-39.5,418.9846814082223
-0.5,-38.5,418.9803932492577
-0.5,-37.5,418.97656461243326
-0.5,-36.5,418.9739480969089
-0.5,-35.5,418.9724829448887
-0.5,-34.5,418.9713460848385
-0.5,-33.5,418.9692470953296
-0.5,-32.5,418.9667243095573
-0.5,-31.5,418.9624011379154
-0.5,-30.5,418.9560046873928
-0.5,-29.5,418.9493711830947
-0.5,-28.5,418.94125074122337
-0.5,-27.5,418.93333934587474
-0.5,-26.5,418.9245538799002
-0.5,-25.5,418.9432004139544
-0.5,-24.5,418.9078430575231
-0.5,-23.5,418.90240855517015
-0.5,-22.5,418.899672742471
-0.5,-21.5,418.90093554176326
-0.5,-20.5,418.90177498977386
-0.5,-19.5,418.90181066353256
-0.5,-18.5,418.9057623183486
-0.5,-17.5,418.91351602370975
-0.5,-16.5,418.92056768487816
-0.5,-15.5,418.9287970916481
-0.5,-14.5,418.9353959513823
-0.5,-13.5,418.94204265516606
-0.5,-12.5,418.9499991741016
-0.5,-11.5,418.960175173952
-0.5,-10.5,419.0097454904236
-0.5,-9.5,418.98457568292594
-0.5,-8.5,418.9987755176138
-0.5,-7.5,419.0123120135735
-0.5,-6.5,419.026305697832
-0.5,-5.5,419.03945855329096
-0.5,-4.5,419.0491614422168
-0.5,-3.5,419.055915174278
-0.5,-2.5,419.0629885376047
-0.5,-1.5,419.0738048250869
-0.5,-0.5,419.0893157362024
-0.5,0.5,419.1055226620613
-0.5,1.5,419.12474436010575
-0.5,2.5,419.19427703577486
-0.5,3.5,419.16238967177145
-0.5,4.5,419.1804825585568
-0.5,5.5,419.2034559491103
-0.5,6.5,419.2266870899911
-0.5,7.5,419.2438619796248
-0.5,8.5,419.268852930125
-0.5,9.5,419.3692381365887
-0.5,10.5,419.3577360176983
-0.5,11.5,419.3895440642892
-0.5,12.5,419.420213297273
-0.5,13.5,419.35753939908784
-0.5,14.5,419.3030978708306
-0.5,15.5,419.2879304476349
-0.5,16.5,419.24501746807135
-0.5,17.5,419.29506587772295
-0.5,18.5,419.24364358933656
-0.5,19.5,419.2117395430493
-0.5,20.5,419.1993208031737
-0.5,21.5,419.2067058536329
-0.5,22.5,419.2242108327037
-0.5,23.5,419.2543959488132
-0.5,24.5,419.1201949856765
-0.5,25.5,419.3150468485811
-0.5,26.5,419.3732173567476
-0.5,27.5,419.4121100202541
-0.5,28.5,419.43625293514015
-0.5,29.5,419.655946381609
-0.5,30.5,419.50046935869824
-0.5,31.5,419.5503603859154
-0.5,32.5,419.3677993447657
-0.5,33.5,419.3037627726974
-0.5,34.5,419.3194685320454
-0.5,35.5,419.1517325157208
-0.5,36.5,418.8428649206336
-0.5,37.5,418.8235020183411
-0.5,38.5,418.8019929287897
-0.5,39.5,418.7478067550115
-0.5,40.5,418.7006284963567
-0.5,41.5,418.65778881404646
-0.5,42.5,418.6263557231901
-0.5,43.5,418.6186738183603
-0.5,44.5,418.6047782212081
-0.5,45.5,418.600065509889
-0.5,46.5,418.5939739653471
-0.5,47.5,418.5908022497864
-0.5,48.5,418.5904395267514
-0.5,49.5,418.59508331914486
-0.5,50.5,418.60541491729714
-0.5,51.5,418.606306110907
-0.5,52.5,418.6279526613772
-0.5,53.5,418.6368134219504
-0.5,54.5,418.64323465287055
-0.5,55.5,418.6504130809896
-0.5,56.5,418.6576848604692
-0.5,57.5,418.64442402830144
-0.5,58.5,418.67505805314
-0.5,59.5,418.6836278937264
-0.5,60.5,418.6935679776224
-0.5,61.5,418.7031018272079
-0.5,62.5,418.71665631773067
-0.5,63.5,418.7276182312932
-0.5,64.5,418.739717528957
-0.5,65.5,418.7532880901159
-0.5,66.5,418.7681470502653
-0.5,67.5,418.782927891428
-0.5,68.5,418.8007037590735
-0.5,69.5,418.81974546606295
-0.5,70.5,418.83704972891735
-0.5,71.5,418.851424823472
-0.5,72.5,418.8649037286816
-0.5,73.5,418.8801793466697
-0.5,74.5,418.895308316025
-0.5,75.5,418.9111024979076
-0.5,76.5,418.925142715259
-0.5,77.5,418.9371306027257
-0.5,78.5,418.9480682231427
-0.5,79.5,418.96121070251024
-0.5,80.5,418.9765207846264
-0.5,81.5,418.9918710216006
-0.5,82.5,419.00572344351656
-0.5,83.5,419.02049927942994
-0.5,84.5,419.0329829721501
-0.5,85.5,419.0446876321155
-0.5,86.5,419.0594088679982
-0.5,87.5,419.07346147306487
-0.5,88.5,419.0858929274319
-0.5,89.5,419.1053871144508
-0.5,90.5,419.1280862209669
-0.5,91.5,419.15407144257335
-0.5,92.5,419.18395156720845
-0.5,93.5,419.21876236802814
-0.5,94.5,419.25946602304
-0.5,95.5,419.3003128813104
-0.5,96.5,419.34505427620473
-0.5,97.5,419.3960977766198
-0.5,98.5,419.4529919264899
-0.5,99.5,419.5446198427884
-0.5,100.5,419.6599999967735
-0.5,101.5,419.7256401102424
-0.5,102.5,419.713627633757
-0.5,103.5,419.7690024152023
-0.5,104.5,419.7202202732576
-0.5,105.5,419.6496557805396
-0.5,106.5,419.6308159340106
-0.5,107.5,419.63828417096687
-0.5,108.5,419.6753816715104
-0.5,109.5,419.76549414149935
-0.5,110.5,419.79055253688745
-0.5,111.5,419.7961880121048
-0.5,112.5,419.6928343675592
-0.5,113.5,419.7283535367388
-0.5,114.5,419.7613041786063
-0.5,115.5,419.7472478833407
-0.5,116.5,419.6307920218367
-0.5,117.5,419.4690556433704
-0.5,118.5,419.3220248916959
-0.5,119.5,419.2729755297019
-0.5,120.5,419.2067031782941
-0.5,121.5,419.17191650767074
-0.5,122.5,419.1293796016786
-0.5,123.5,419.0963554351326
-0.5,124.5,419.0994427228613
-0.5,125.5,419.1038458496926
-0.5,126.5,419.10482482952233
-0.5,127.5,419.09774844728366
-0.5,128.5,419.1175969182988
-0.5,129.5,419.1100863148746
-0.5,130.5,419.1011432021665
-0.5,131.5,419.1084348729436
-0.5,132.5,419.0939024954422
-0.5,133.5,419.10164498985074
-0.5,134.5,419.1267278535734
-0.5,135.5,419.1012963073322
-0.5,136.5,419.0937550072744
-0.5,137.5,419.0834417516869
-0.5,138.5,419.0694160745575
-0.5,139.5,419.0529060673085
-0.5,140.5,419.0375463327296
-0.5,141.5,419.0215935224095
-0.5,142.5,419.0061827354029
-0.5,143.5,418.99173544999707
-0.5,144.5,418.9806549266037
-0.5,145.5,418.9710314568465
-0.5,146.5,418.9629185963174
-0.5,147.5,418.9567768133077
-0.5,148.5,418.9435921843976
-0.5,149.5,418.9281192458951
-0.5,150.5,418.9118481503143
-0.5,151.5,418.8967456431632
-0.5,152.5,418.879681177812
-0.5,153.5,418.8615917852685
-0.5,154.5,418.8537092334301
-0.5,155.5,418.84606007283526
-0.5,156.5,418.8389172343557
-0.5,157.5,418.827094633191
-0.5,158.5,418.82191687105234
-0.5,159.5,418.80791216250327
-0.5,160.5,418.8027155236325
-0.5,161.5,418.791376326777
-0.5,162.5,418.77939836682407
-0.5,163.5,418.76675742375386
-0.5,164.5,418.75410684496944
-0.5,165.5,418.74198449073015
-0.5,166.5,418.73113128085504
-0.5,167.5,418.72291342441935
-0.5,168.5,418.71879314844216
-0.5,169.5,418.7168683419772
-0.5,170.5,418.714627642665
-0.5,171.5,418.7099053442668
-0.5,172.5,418.7015032832644
-0.5,173.5,418.696077030978
-0.5,174.5,418.6914257844319
-0.5,175.5,418.6874170023017
-0.5,176.5,418.6837941652635
-0.5,177.5,418.66612501829593
-0.5,178.5,418.6789346042008
-0.5,179.5,418.67652752680834
0.5,-179.5,418.74595264000425
0.5,-178.5,418.74369059501583
0.5,-177.5,418.7439967290786
0.5,-176.5,418.7425759563063
0.5,-175.5,418.7417866093398
0.5,-174.5,418.7414633788546
0.5,-173.5,418.74191575750655
0.5,-172.5,418.7423826743452
0.5,-171.5,418.7431163639727
0.5,-170.5,418.74448079424775
0.5,-169.5,418.7465723091557
0.5,-168.5,418.7489689055666
0.5,-167.5,418.7519841262412
0.5,-166.5,418.7548341167116
0.5,-165.5,418.7576861761676
0.5,-164.5,418.7602074210992
0.5,-163.5,418.7646115469425
0.5,-162.5,418.7665204354474
0.5,-161.5,418.7685604173713
0.5,-160.5,418.7708335429461
0.5,-159.5,418.7732263075793
0.5,-158.5,418.7763740234264
0.5,-157.5,418.7811287616722
0.5,-156.5,418.7863070371341
0.5,-155.5,418.7912634492225
0.5,-154.5,418.796346422184
0.5,-153.5,418.80132426804914
0.5,-152.5,418.8063014459867
0.5,-151.5,418.8132451508096
0.5,-150.5,418.8190305492072
0.5,-149.5,418.8238427056542
0.5,-148.5,418.8280224433478
0.5,-147.5,418.8321663649721
0.5,-146.5,418.8359748569668
0.5,-145.5,418.84008546128666
0.5,-144.5,418.84463847039945
0.5,-143.5,418.8499975862961
0.5,-142.5,418.85505255293697
0.5,-141.5,418.85982945426144
0.5,-140.5,418.86350924852326
0.5,-139.5,418.8669440937975
0.5,-138.5,418.8703725088413
0.5,-137.5,418.8737192579819
0.5,-136.5,418.87851019128425
0.5,-135.5,418.883401651831
0.5,-134.5,418.88872576034527
0.5,-133.5,418.8937602277196
0.5,-132.5,418.8965009171559
0.5,-131.5,418.8979782917622
0.5,-130.5,418.8986498548786
0.5,-129.5,418.8979523841642
0.5,-128.5,418.8984727870998
0.5,-127.5,418.89841176582894
0.5,-126.5,418.8991071897378
0.5,-125.5,418.8992539663523
0.5,-124.5,418.8995626440425
0.5,-123.5,418.898208430834
0.5,-122.5,418.89863608902994
0.5,-121.5,418.8992624378518
0.5,-120.5,418.9003633322262
0.5,-119.5,418.9027859438374
0.5,-118.5,418.9055445856214
0.5,-117.5,418.9082404929103
0.5,-116.5,418.909835673851
0.5,-115.5,418.9101428756956
0.5,-114.5,418.910442011378
0.5,-113.5,418.911775961669
0.5,-112.5,418.9140300418639
0.5,-111.5,418.9176927793965
0.5,-110.5,418.923192756048
0.5,-109.5,418.9288596181448
0.5,-108.5,418.9378026002608
0.5,-107.5,418.9461976383113
0.5,-106.5,418.9187062966872
0.5,-105.5,418.9635872597704
0.5,-104.5,418.97387852524025
0.5,-103.5,418.9871692849704
0.5,-102.5,418.92740175461984
0.5,-101.5,419.0032659903645
0.5,-100.5,418.9306404969674
0.5,-99.5,418.9363280327094
0.5,-98.5,418.9416323449896
0.5,-97.5,419.0150407991224
0.5,-96.5,419.01707309908176
0.5,-95.5,419.0163127930664
0.5,-94.5,419.02033136322086
0.5,-93.5,419.0284939892408
0.5,-92.5,418.9757383149476
0.5,-91.5,419.0356455567034
0.5,-90.5,419.0365959814174
0.5,-89.5,419.01482963235816
0.5,-88.5,419.05760116625424
0.5,-87.5,419.0727810115751
0.5,-86.5,419.0902011545103
0.5,-85.5,419.0813761459964
0.5,-84.5,419.11995394907706
0.5,-83.5,419.12575677625233
0.5,-82.5,419.0883128579493
0.5,-81.5,419.1079343729771
0.5,-80.5,419.0999919366669
0.5,-79.5,419.1480333600381
0.5,-78.5,419.11280409468566
0.5,-77.5,418.9314699852002
0.5,-76.5,419.2874280011355
0.5,-75.5,419.3858169463799
0.5,-74.5,419.3608953394617
0.5,-73.5,419.32174869055103
0.5,-72.5,419.3464562239709
0.5,-71.5,419.40028551946006
0.5,-70.5,419.3401461204242
0.5,-69.5,419.5058802321729
0.5,-68.5,419.4694420444966
0.5,-67.5,419.6337199881764
0.5,-66.5,419.6430632043341
0.5,-65.5,419.5707652244756
0.5,-64.5,419.7973203131377
0.5,-63.5,419.89192581284846
0.5,-62.5,419.89018878966266
0.5,-61.5,419.9129963537863
0.5,-60.5,419.89188918354125
0.5,-59.5,419.83865897582905
0.5,-58.5,419.8239171949898
0.5,-57.5,419.773255634889
0.5,-56.5,419.68216540347805
0.5,-55.5,419.5388565276119
0.5,-54.5,419.4649668356276
0.5,-53.5,419.4072896463469
0.5,-52.5,419.3710122140041
0.5,-51.5,419.30320064737566
0.5,-50.5,419.20453181491314
0.5,-49.5,419.16806174225735
0.5,-48.5,419.1605099363723
0.5,-47.5,419.1508811500652
0.5,-46.5,419.1416500623167
0.5,-45.5,419.1205175413601
0.5,-44.5,419.1218802948405
0.5,-43.5,419.11406365513545
0.5,-42.5,419.10770878232665
0.5,-41.5,419.10283132297934
0.5,-40.5,419.1006867106304
0.5,-39.5,419.099612326252
0.5,-38.5,419.0973551773191
0.5,-37.5,419.0931942051942
0.5,-36.5,419.0894777509596
0.5,-35.5,419.0848606750202
0.5,-34.5,419.0804080458912
0.5,-33.5,419.0757729080632
0.5,-32.5,419.070638981264
0.5,-31.5,419.06569432010406
0.5,-30.5,419.0602613002966
0.5,-29.5,419.0513618801421
0.5,-28.5,419.0433907625659
0.5,-27.5,419.0338566858619
0.5,-26.5,419.02627324379074
0.5,-25.5,419.01742709663534
0.5,-24.5,419.0079915305569
0.5,-23.5,419.0050298464832
0.5,-22.5,419.0045128638401
0.5,-21.5,419.0068582425353
0.5,-20.5,419.0078621868736
0.5,-19.5,419.00732638188015
0.5,-18.5,419.0100427085696
0.5,-17.5,419.0171147387458
0.5,-16.5,419.0245525495492
0.5,-15.5,419.065606835459
0.5,-14.5,419.0392113560416
0.5,-13.5,419.0471358996885
0.5,-12.5,419.0564190794508
0.5,-11.5,419.0673767461639
0.5,-10.5,419.0810485647614
0.5,-9.5,419.0944921239003
0.5,-8.5,419.10807387579337
0.5,-7.5,419.1213945014145
0.5,-6.5,419.13590823513545
0.5,-5.5,419.1539110752527
0.5,-4.5,419.168241251829
0.5,-3.5,419.1776938459882
0.5,-2.5,419.18551072975526
0.5,-1.5,419.1960288745573
0.5,-0.5,419.2108559359071
0.5,0.5,419.2284943722085
0.5,1.5,419.247457472825
0.5,2.5,419.2693368462036
0.5,3.5,419.29219751580905
0.5,4.5,419.3148559824237
0.5,5.5,419.33880210036233
0.5,6.5,419.360212049417
0.5,7.5,419.42732512910027
0.5,8.5,419.39628785067447
0.5,9.5,419.5205119885565
0.5,10.5,419.48570036959296
0.5,11.5,419.4659969867391
0.5,12.5,419.4969287873736
0.5,13.5,419.48143846762247
0.5,14.5,419.4769136641999
0.5,15.5,419.5277383858093
0.5,16.5,419.5038957419243
0.5,17.5,419.44810257186094
0.5,18.5,419.387887541518
0.5,19.5,419.3281370036277
0.5,20.5,419.1231494693228
0.5,21.5,419.2942804189301
0.5,22.5,419.3112425361792
0.5,23.5,419.3400601007128
0.5,24.5,419.3704896335065
0.5,25.5,419.2470442518048
0.5,26.5,419.3840422399266
0.5,27.5,419.2795172601861
0.5,28.5,419.6016510825241
0.5,29.5,419.5169280563777
0.5,30.5,419.6097323531712
0.5,31.5,419.5471390379911
0.5,32.5,419.4992092165321
0.5,33.5,419.440066385419
0.5,34.5,419.4178814478095
0.5,35.5,418.98474748996495
0.5,36.5,418.8330060341475
0.5,37.5,418.78987516758986
0.5,38.5,418.8669005503057
0.5,39.5,418.8016980185737
0.5,40.5,418.7488653618286
0.5,41.5,418.70879523988185
0.5,42.5,418.6928927646758
0.5,43.5,418.6802544424908
0.5,44.5,418.6630961053448
0.5,45.5,418.66267325734015
0.5,46.5,418.65649943028296
0.5,47.5,418.66522021164616
0.5,48.5,418.6677869471451
0.5,49.5,418.67381169288217
0.5,50.5,418.6838298725036
0.5,51.5,418.6965078511881
0.5,52.5,418.7083730870147
0.5,53.5,418.7140974023031
0.5,54.5,418.7202061301487
0.5,55.5,418.7273654827298
0.5,56.5,418.7369920954846
0.5,57.5,418.75012067621134
0.5,58.5,418.7643742069152
0.5,59.5,418.77648517000887
0.5,60.5,418.7715014321779
0.5,61.5,418.8017414186418
0.5,62.5,418.8127455088719
0.5,63.5,418.82322034944406
0.5,64.5,418.8376499136741
0.5,65.5,418.85397131256974
0.5,66.5,418.87229242500814
0.5,67.5,418.8916563373275
0.5,68.5,418.91084466376674
0.5,69.5,418.9297535836095
0.5,70.5,418.9469908595533
0.5,71.5,418.9631508203454
0.5,72.5,418.98282083952006
0.5,73.5,419.00365142733233
0.5,74.5,419.0236979347658
0.5,75.5,419.04229417084366
0.5,76.5,419.0608486359971
0.5,77.5,419.0768863651742
0.5,78.5,419.0894965164924
0.5,79.5,419.10143913680383
0.5,80.5,419.1106985710316
0.5,81.5,419.1211156530332
0.5,82.5,419.1306545835559
0.5,83.5,419.1415826444659
0.5,84.5,419.1522737189571
0.5,85.5,419.1598792108271
0.5,86.5,419.1691186211149
0.5,87.5,419.1820366557789
0.5,88.5,419.1961071411007
0.5,89.5,419.2116707247228
0.5,90.5,419.2307785739965
0.5,91.5,419.2545842706652
0.5,92.5,419.28366615738565
0.5,93.5,419.31643648263656
0.5,94.5,419.3510018531415
0.5,95.5,419.3920069399025
0.5,96.5,419.4437144867068
0.5,97.5,419.502690321754
0.5,98.5,419.5693958692554
0.5,99.5,419.5849623050896
0.5,100.5,419.80917683817694
0.5,101.5,419.8944073919319
0.5,102.5,419.90433916597135
0.5,103.5,419.8979632338387
0.5,104.5,419.810411292562
0.5,105.5,419.7493772366197
0.5,106.5,419.7475362681229
0.5,107.5,419.7703944823567
0.5,108.5,419.81760549476144
0.5,109.5,419.9654362075681
0.5,110.5,419.9565638057674
0.5,111.5,420.0065307119131
0.5,112.5,420.1285841399216
0.5,113.5,419.956570299708
0.5,114.5,419.885035675464
0.5,115.5,419.8029277938562
0.5,116.5,419.7010900239079
0.5,117.5,419.5018954870546
0.5,118.5,419.38881020796487
0.5,119.5,419.3226797024996
0.5,120.5,419.2483383777734
0.5,121.5,419.2300727847818
0.5,122.5,419.1587711445597
0.5,123.5,419.1634430637208
0.5,124.5,419.1816122540792
0.5,125.5,419.1780931333843
0.5,126.5,419.17199006788695
0.5,127.5,419.1659557790707
0.5,128.5,419.2015827870349
0.5,129.5,419.1763515952922
0.5,130.5,419.1684132714335
0.5,131.5,419.1720745477292
0.5,132.5,419.179088151653
0.5,133.5,419.1709868184477
0.5,134.5,419.1574770467652
0.5,135.5,419.1421486957757
0.5,136.5,419.1322806766694
0.5,137.5,419.12068634453647
0.5,138.5,419.1065558323884
0.5,139.5,419.0911457154753
0.5,140.5,419.0742980243565
0.5,141.5,419.05829395274446
0.5,142.5,419.0442014519909
0.5,143.5,419.031924923305
0.5,144.5,419.02267069060895
0.5,145.5,419.0150958265506
0.5,146.5,419.00910691041713
0.5,147.5,419.001949319427
0.5,148.5,418.9903347848427
0.5,149.5,418.9744306260887
0.5,150.5,418.9557385812794
0.5,151.5,418.9379699037439
0.5,152.5,418.9224429781115
0.5,153.5,418.910869545859
0.5,154.5,418.9019022308437
0.5,155.5,418.8951357063164
0.5,156.5,418.8882417476201
0.5,157.5,418.8804834451046
0.5,158.5,418.8712554798441
0.5,159.5,418.862008736802
0.5,160.5,418.8531547829691
0.5,161.5,418.8446567238111
0.5,162.5,418.8346944758837
0.5,163.5,418.8238843487847
0.5,164.5,418.8118436347871
0.5,165.5,418.80231515571535
0.5,166.5,418.7943745158996
0.5,167.5,418.7870410327865
0.5,168.5,418.7829825844101
0.5,169.5,418.78201648964375
0.5,170.5,418.7817838701964
0.5,171.5,418.7780186663565
0.5,172.5,418.7734901538416
0.5,173.5,418.7691090117856
0.5,174.5,418.7643336331626
0.5,175.5,418.7601429286797
0.5,176.5,418.7568909362725
0.5,177.5,418.7545923790698
0.5,178.5,418.7506527572114
0.5,179.5,418.7485682546144
1.5,-179.5,418.8272308367239
1.5,-178.5,418.8257489376023
1.5,-177.5,418.82419327090366
1.5,-176.5,418.823320382153
1.5,-175.5,418.82227871042494
1.5,-174.5,418.82187276258657
1.5,-173.5,418.8224136772515
1.5,-172.5,418.82277539284047
1.5,-171.5,418.82263551044224
1.5,-170.5,418.8227656192074
1.5,-169.5,418.824020366289
1.5,-168.5,418.8260945954434
1.5,-167.5,418.831108882891
1.5,-166.5,418.8337791260183
1.5,-165.5,418.83682070731385
1.5,-164.5,418.83963681052353
1.5,-163.5,418.84178439034974
1.5,-162.5,418.84395642390297
1.5,-161.5,418.8459015833739
1.5,-160.5,418.8477255624852
1.5,-159.5,418.8502914387336
1.5,-158.5,418.85326642287225
1.5,-157.5,418.85755250929
1.5,-156.5,418.858012540224
1.5,-155.5,418.8698620492706
1.5,-154.5,418.8752512120639
1.5,-153.5,418.879868579893
1.5,-152.5,418.8834856804311
1.5,-151.5,418.888489085531
1.5,-150.5,418.8945037281662
1.5,-149.5,418.9001366595355
1.5,-148.5,418.90402238435377
1.5,-147.5,418.9080585443161
1.5,-146.5,418.9114854348898
1.5,-145.5,418.9139465946904
1.5,-144.5,418.91671932933394
1.5,-143.5,418.9199847837956
1.5,-142.5,418.9236283517606
1.5,-141.5,418.9270423328769
1.5,-140.5,418.93027561831536
1.5,-139.5,418.9334022820718
1.5,-138.5,418.9367211445236
1.5,-137.5,418.9397829455212
1.5,-136.5,418.94352043730856
1.5,-135.5,418.948696420847
1.5,-134.5,418.95313175759554
1.5,-133.5,418.9559057133856
1.5,-132.5,418.95721363705314
1.5,-131.5,418.9575380151548
1.5,-130.5,418.9554402803972
1.5,-129.5,418.9541001137325
1.5,-128.5,418.9522445509575
1.5,-127.5,418.95030661020417
1.5,-126.5,418.9488091639806
1.5,-125.5,418.9472659981848
1.5,-124.5,418.9462133956489
1.5,-123.5,418.94600336098176
1.5,-122.5,418.9459290634889
1.5,-121.5,418.9462991591887
1.5,-120.5,418.9474064879767
1.5,-119.5,418.9410370598088
1.5,-118.5,418.9526207840413
1.5,-117.5,418.9557489224856
1.5,-116.5,418.9568098019175
1.5,-115.5,418.956737901396
1.5,-114.5,418.95666415834086
1.5,-113.5,418.9578046515268
1.5,-112.5,418.960987858385
1.5,-111.5,418.9659349913515
1.5,-110.5,418.9727247074359
1.5,-109.5,418.95461689116354
1.5,-108.5,418.9554199389258
1.5,-107.5,419.006838080674
1.5,-106.5,418.9603885874443
1.5,-105.5,419.0268332724399
1.5,-104.5,418.9633169329091
1.5,-103.5,419.0478950598301
1.5,-102.5,419.0535508639153
1.5,-101.5,418.9636207908422
1.5,-100.5,418.9661587704307
1.5,-99.5,418.9705647796425
1.5,-98.5,419.059576317705
1.5,-97.5,419.0632650699471
1.5,-96.5,419.0620118133627
1.5,-95.5,419.0599434601063
1.5,-94.5,419.0627545926879
1.5,-93.5,419.069488024862
1.5,-92.5,419.07595095584907
1.5,-91.5,419.08073829468447
1.5,-90.5,419.0831043729814
1.5,-89.5,419.0855625131914
1.5,-88.5,419.0645993439861
1.5,-87.5,419.10796449633074
1.5,-86.5,419.126319813053
1.5,-85.5,419.1435669831232
1.5,-84.5,419.1634177836543
1.5,-83.5,419.1772586109216
1.5,-82.5,419.1814077533618
1.5,-81.5,419.1775009591316
1.5,-80.5,419.166788447052
1.5,-79.5,419.1633388667727
1.5,-78.5,419.1857841498062
1.5,-77.5,419.0799179217723
1.5,-76.5,419.08293682701816
1.5,-75.5,419.3841373132437
1.5,-74.5,419.38887792625405
1.5,-73.5,419.3689572620845
1.5,-72.5,419.3799922829903
1.5,-71.5,419.32550433358665
1.5,-70.5,419.4623271281741
1.5,-69.5,419.5560653881545
1.5,-68.5,419.6248023230458
1.5,-67.5,419.66090638430353
1.5,-66.5,419.71792920687136
1.5,-65.5,419.4715906530813
1.5,-64.5,419.6651214050149
1.5,-63.5,419.8691697752568
1.5,-62.5,419.8882589494917
1.5,-61.5,419.86193824154896
1.5,-60.5,419.8669520693728
1.5,-59.5,419.8131099610813
1.5,-58.5,419.820312394946
1.5,-57.5,419.7919366510528
1.5,-56.5,419.7105502945504
1.5,-55.5,419.6168666973351
1.5,-54.5,419.5051275753641
1.5,-53.5,419.4413527937574
1.5,-52.5,419.3705093678583
1.5,-51.5,419.32490506426507
1.5,-50.5,419.24947268440496
1.5,-49.5,419.2102946983704
1.5,-48.5,419.2100657571625
1.5,-47.5,419.2078684551236
1.5,-46.5,419.2051833437735
1.5,-45.5,419.2033322404532
1.5,-44.5,419.2015403796521
1.5,-43.5,419.2008124239528
1.5,-42.5,419.2004063558669
1.5,-41.5,419.20009840869926
1.5,-40.5,419.2006761736434
1.5,-39.5,419.20118789437936
1.5,-38.5,419.1990491123455
1.5,-37.5,419.1950011505786
1.5,-36.5,419.1899821437813
1.5,-35.5,419.1856691955059
1.5,-34.5,419.1812219877495
1.5,-33.5,419.1754540614239
1.5,-32.5,419.1707725971765
1.5,-31.5,419.1669255539298
1.5,-30.5,419.1594426207729
1.5,-29.5,419.1513836378441
1.5,-28.5,419.1426519695932
1.5,-27.5,419.1331954089928
1.5,-26.5,419.12638918411903
1.5,-25.5,419.1189082502814
1.5,-24.5,419.1084119120188
1.5,-23.5,419.1037031142377
1.5,-22.5,419.103759111505
1.5,-21.5,419.1080792787537
1.5,-20.5,419.1096717521946
1.5,-19.5,419.1075417771583
1.5,-18.5,419.1099703542625
1.5,-17.5,419.11853573894894
1.5,-16.5,419.1241819092636
1.5,-15.5,419.13027503121856
1.5,-14.5,419.1384311631206
1.5,-13.5,419.1490043803765
1.5,-12.5,419.161454743696
1.5,-11.5,419.1706582840262
1.5,-10.5,419.1825790344659
1.5,-9.5,419.1968030065816
1.5,-8.5,419.209625090687
1.5,-7.5,419.2224071023575
1.5,-6.5,419.2385730820245
1.5,-5.5,419.2566458412272
1.5,-4.5,419.2771428587006
1.5,-3.5,419.2930254408759
1.5,-2.5,419.30809326074046
1.5,-1.5,419.3214178188582
1.5,-0.5,419.3369499444468
1.5,0.5,419.3511900242853
1.5,1.5,419.3688823317349
1.5,2.5,419.38945833055993
1.5,3.5,419.4166565493263
1.5,4.5,419.44497906308186
1.5,5.5,419.4675726772927
1.5,6.5,419.485907150299
1.5,7.5,419.49938238456576
1.5,8.5,419.5142020957279
1.5,9.5,419.5554707705151
1.5,10.5,419.5848588333869
1.5,11.5,419.6255468982413
1.5,12.5,419.7264516703902
1.5,13.5,419.70012538322
1.5,14.5,419.6755638793812
1.5,15.5,419.6848418489584
1.5,16.5,419.7120815654519
1.5,17.5,419.6416722639437
1.5,18.5,419.5671867395861
1.5,19.5,419.5004063650734
1.5,20.5,419.4413138528684
1.5,21.5,419.413699823022
1.5,22.5,419.4104482237991
1.5,23.5,419.4122133998581
1.5,24.5,419.4001250826221
1.5,25.5,419.23681122592376
1.5,26.5,419.4175296074033
1.5,27.5,419.49939043966543
1.5,28.5,419.5098370865941
1.5,29.5,419.5387100643941
1.5,30.5,419.47086106283047
1.5,31.5,419.4491673098616
1.5,32.5,419.4657954652326
1.5,33.5,419.4172714812524
1.5,34.5,419.081282290296
1.5,35.5,419.0221039236307
1.5,36.5,418.9771739099824
1.5,37.5,418.9031407489245
1.5,38.5,418.8966909997586
1.5,39.5,418.84777413714886
1.5,40.5,418.7909666095089
1.5,41.5,418.7601579010143
1.5,42.5,418.7410596005583
1.5,43.5,418.7212848517941
1.5,44.5,418.7030639513572
1.5,45.5,418.7162538831829
1.5,46.5,418.7224723038535
1.5,47.5,418.7308017501019
1.5,48.5,418.73746451585833
1.5,49.5,418.74520745621606
1.5,50.5,418.7553773383445
1.5,51.5,418.7665609432528
1.5,52.5,418.77693628431183
1.5,53.5,418.7826836976104
1.5,54.5,418.7893678524673
1.5,55.5,418.7977042306964
1.5,56.5,418.8099594422419
1.5,57.5,418.8244009928931
1.5,58.5,418.83949539015214
1.5,59.5,418.85521021763776
1.5,60.5,418.86968149417976
1.5,61.5,418.8844612254706
1.5,62.5,418.8991232000723
1.5,63.5,418.91267710536033
1.5,64.5,418.9275618945011
1.5,65.5,418.945757851963
1.5,66.5,418.9669020970211
1.5,67.5,418.9895800772362
1.5,68.5,419.0119196714537
1.5,69.5,419.0327885238413
1.5,70.5,419.0518986787972
1.5,71.5,419.0720783443636
1.5,72.5,419.0945965439897
1.5,73.5,419.119154329656
1.5,74.5,419.1423199812443
1.5,75.5,419.162381204409
1.5,76.5,419.1837113170019
1.5,77.5,419.2031301347876
1.5,78.5,419.2189387083381
1.5,79.5,419.2332051438803
1.5,80.5,419.2446855124209
1.5,81.5,419.2544531321416
1.5,82.5,419.2613325017402
1.5,83.5,419.2665196961729
1.5,84.5,419.2712743485524
1.5,85.5,419.2737530667856
1.5,86.5,419.2804316278626
1.5,87.5,419.29252482896817
1.5,88.5,419.30399140188575
1.5,89.5,419.31461801862895
1.5,90.5,419.3270306649082
1.5,91.5,419.3456761631779
1.5,92.5,419.3706667987989
1.5,93.5,419.3995750434899
1.5,94.5,419.429778579506
1.5,95.5,419.47070336509535
1.5,96.5,419.5288161377206
1.5,97.5,419.5980596557391
1.5,98.5,419.72107279297074
1.5,99.5,419.7588514147377
1.5,100.5,420.0260404291113
1.5,101.5,420.36834554713744
1.5,102.5,419.99287312205263
1.5,103.5,420.4607467738578
1.5,104.5,419.91396069156485
1.5,105.5,419.8246443044344
1.5,106.5,419.8142839763348
1.5,107.5,419.8351466517155
1.5,108.5,419.87781161307765
1.5,109.5,420.0020105531081
1.5,110.5,419.7887546411703
1.5,111.5,420.1657846963702
1.5,112.5,419.7287643570345
1.5,113.5,420.1647017132883
1.5,114.5,420.0046337153118
1.5,115.5,419.89456069028864
1.5,116.5,419.75158110447495
1.5,117.5,419.6474288712834
1.5,118.5,419.5657167960262
1.5,119.5,419.4238340585667
1.5,120.5,419.3923574744136
1.5,121.5,419.35496418159534
1.5,122.5,419.29463797152806
1.5,123.5,419.2737726302093
1.5,124.5,419.2695572128769
1.5,125.5,419.2411720643523
1.5,126.5,419.24013044373976
1.5,127.5,419.2885575518964
1.5,128.5,419.2220049380393
1.5,129.5,419.2234616907656
1.5,130.5,419.2187797965543
1.5,131.5,419.2164430736899
1.5,132.5,419.2130398733897
1.5,133.5,419.2062077460448
1.5,134.5,419.1963371729937
1.5,135.5,419.1851266558913
1.5,136.5,419.17600783038506
1.5,137.5,419.1645463156962
1.5,138.5,419.14861893196746
1.5,139.5,419.1301698411936
1.5,140.5,419.1131349782757
1.5,141.5,419.0985562942069
1.5,142.5,419.0866622269225
1.5,143.5,419.07731569138673
1.5,144.5,419.0706020403636
1.5,145.5,419.0643473277207
1.5,146.5,419.0570630468889
1.5,147.5,419.04750561698864
1.5,148.5,419.0342939353399
1.5,149.5,419.0172070224973
1.5,150.5,418.9989245910813
1.5,151.5,418.9821139626039
1.5,152.5,418.9697725956997
1.5,153.5,418.9594578190146
1.5,154.5,418.95067120497066
1.5,155.5,418.9442413806234
1.5,156.5,418.9380351857325
1.5,157.5,418.9343743297263
1.5,158.5,418.9229745125945
1.5,159.5,418.9150773999245
1.5,160.5,418.90751277071655
1.5,161.5,418.8998787673757
1.5,162.5,418.88944979748334
1.5,163.5,418.8793848525795
1.5,164.5,418.8717150730836
1.5,165.5,418.86571218796536
1.5,166.5,418.8588285896437
1.5,167.5,418.8555985644777
1.5,168.5,418.8508088761464
1.5,169.5,418.8504692562457
1.5,170.5,418.8498827717573
1.5,171.5,418.8471055747135
1.5,172.5,418.844292139284
1.5,173.5,418.8411964183375
1.5,174.5,418.8374250228966
1.5,175.5,418.8341243606558
1.5,176.5,418.8319261022167
1.5,177.5,418.8305430855468
1.5,178.5,418.8293120440737
1.5,179.5,418.8280449571764
2.5,-179.5,418.90997119883593
2.5,-178.5,418.9088951762071
2.5,-177.5,418.9086271756678
2.5,-176.5,418.9088434066816
2.5,-175.5,418.90861565664375
2.5,-174.5,418.90818883681095
2.5,-173.5,418.9080160178471
2.5,-172.5,418.9097978720642
2.5,-171.5,418.9082130267569
2.5,-170.5,418.90719406749946
2.5,-169.5,418.90851002406566
2.5,-168.5,418.9106001242201
2.5,-167.5,418.9127837204685
2.5,-166.5,418.9143796628338
2.5,-165.5,418.9166279942575
2.5,-164.5,418.9194272525268
2.5,-163.5,418.922427350544
2.5,-162.5,418.9248943169192
2.5,-161.5,418.9267853652475
2.5,-160.5,418.9321165457428
2.5,-159.5,418.9345919797947
2.5,-158.5,418.93654598493686
2.5,-157.5,418.93988274633006
2.5,-156.5,418.9444698988421
2.5,-155.5,418.9484235901864
2.5,-154.5,418.9534069950847
2.5,-153.5,418.95740418470825
2.5,-152.5,418.9612237004641
2.5,-151.5,418.9669214597191
2.5,-150.5,418.97301152758433
2.5,-149.5,418.9773222620546
2.5,-148.5,418.98025086338816
2.5,-147.5,418.9842970941159
2.5,-146.5,418.9864900136042
2.5,-145.5,418.9880773780978
2.5,-144.5,418.9895318616051
2.5,-143.5,418.9909042455398
2.5,-142.5,418.9922735463933
2.5,-141.5,418.9942747540912
2.5,-140.5,418.99667606427386
2.5,-139.5,418.99807639179744
2.5,-138.5,419.0007826145987
2.5,-137.5,419.0031562687847
2.5,-136.5,419.0050954269141
2.5,-135.5,419.0076248797011
2.5,-134.5,419.0104219331955
2.5,-133.5,419.0117896588062
2.5,-132.5,419.0111663766423
2.5,-131.5,419.0103413342096
2.5,-130.5,419.008848432285
2.5,-129.5,419.0062393938506
2.5,-128.5,419.0015963740103
2.5,-127.5,418.9966091340636
2.5,-126.5,418.9916065339642
2.5,-125.5,418.9881284582571
2.5,-124.5,418.98509463804896
2.5,-123.5,418.98358069547766
2.5,-122.5,418.9831936408866
2.5,-121.5,418.9829889487676
2.5,-120.5,418.98359131518544
2.5,-119.5,418.9859351889842
2.5,-118.5,418.98802801882255
2.5,-117.5,418.9900437105565
2.5,-116.5,418.9908109793668
2.5,-115.5,418.9915154932252
2.5,-114.5,418.9931727157545
2.5,-113.5,418.9952833724568
2.5,-112.5,418.9979425369073
2.5,-111.5,419.002278668728
2.5,-110.5,419.009843496356
2.5,-109.5,419.0185733129634
2.5,-108.5,419.0305946008172
2.5,-107.5,419.0397740535969
2.5,-106.5,419.0518081938322
2.5,-105.5,419.05973253698994
2.5,-104.5,418.99547996086034
2.5,-103.5,418.993575283765
2.5,-102.5,418.9923717394328
2.5,-101.5,418.9924470247201
2.5,-100.5,418.99350642577184
2.5,-99.5,419.0803650558759
2.5,-98.5,418.9964512161153
2.5,-97.5,418.998857890513
2.5,-96.5,419.0831660123634
2.5,-95.5,419.0835224551083
2.5,-94.5,419.0140327559951
2.5,-93.5,419.0943308007357
2.5,-92.5,419.1023369098642
2.5,-91.5,419.11194226357645
2.5,-90.5,419.0631940334871
2.5,-89.5,419.0753794609812
2.5,-88.5,419.1242057330036
2.5,-87.5,419.106368508162
2.5,-86.5,419.1469577210301
2.5,-85.5,419.164490634637
2.5,-84.5,419.1737322453615
2.5,-83.5,419.20380013979707
2.5,-82.5,419.2137335139641
2.5,-81.5,419.2258648344857
2.5,-80.5,419.2233842793099
2.5,-79.5,419.2286662905536
2.5,-78.5,419.21407479205766
2.5,-77.5,419.1993346562703
2.5,-76.5,419.00896363277815
2.5,-75.5,419.0958920225112
2.5,-74.5,419.2960736882157
2.5,-73.5,419.4406340897873
2.5,-72.5,419.4925622711385
2.5,-71.5,419.4817623869439
2.5,-70.5,419.4927431419019
2.5,-69.5,419.5499073286842
2.5,-68.5,419.59555549178606
2.5,-67.5,419.63818073861233
2.5,-66.5,419.7763777379138
2.5,-65.5,419.6803997130712
2.5,-64.5,419.8265783530218
2.5,-63.5,419.64516431277065
2.5,-62.5,419.8092045208384
2.5,-61.5,419.847236606541
2.5,-60.5,419.81400911118334
2.5,-59.5,419.8184906167701
2.5,-58.5,419.8500278816367
2.5,-57.5,419.8377476965513
2.5,-56.5,419.6868483834141
2.5,-55.5,419.5701102984562
2.5,-54.5,419.53416423911256
2.5,-53.5,419.4702643304549
2.5,-52.5,419.39976995119935
2.5,-51.5,419.32950173702943
2.5,-50.5,419.2714865972184
2.5,-49.5,419.247902946319
2.5,-48.5,419.2553860328063
2.5,-47.5,419.2599131277451
2.5,-46.5,419.264106724058
2.5,-45.5,419.268424915685
2.5,-44.5,419.2724918305868
2.5,-43.5,419.2770992010584
2.5,-42.5,419.2791455367455
2.5,-41.5,419.2807804857364
2.5,-40.5,419.2818121044526
2.5,-39.5,419.28215656690224
2.5,-38.5,419.2812436739413
2.5,-37.5,419.2793862371069
2.5,-36.5,419.2764754940202
2.5,-35.5,419.27439334192655
2.5,-34.5,419.2707345859035
2.5,-33.5,419.2676623474703
2.5,-32.5,419.2623687824413
2.5,-31.5,419.2581602250382
2.5,-30.5,419.25427006708856
2.5,-29.5,419.2498307692795
2.5,-28.5,419.2474074996575
2.5,-27.5,419.2399117268454
2.5,-26.5,419.2336283209822
2.5,-25.5,419.2281351184639
2.5,-24.5,419.2217410616156
2.5,-23.5,419.2095817608181
2.5,-22.5,419.2324071213819
2.5,-21.5,419.2004513776206
2.5,-20.5,419.202285398092
2.5,-19.5,419.2032230211936
2.5,-18.5,419.2083398058536
2.5,-17.5,419.2149235522544
2.5,-16.5,419.2245798831421
2.5,-15.5,419.2686206738677
2.5,-14.5,419.2398773367386
2.5,-13.5,419.2503098170048
2.5,-12.5,419.2622224035729
2.5,-11.5,419.270565063742
2.5,-10.5,419.2807442268023
2.5,-9.5,419.2916115927741
2.5,-8.5,419.3037346724095
2.5,-7.5,419.31652369870034
2.5,-6.5,419.33361219506565
2.5,-5.5,419.3513622558907
2.5,-4.5,419.37293469332445
2.5,-3.5,419.3975486771157
2.5,-2.5,419.4188876257641
2.5,-1.5,419.43655122018816
2.5,-0.5,419.4560324257367
2.5,0.5,419.4751286546452
2.5,1.5,419.5633564726241
2.5,2.5,419.5134938183438
2.5,3.5,419.53778182710175
2.5,4.5,419.56157333860216
2.5,5.5,419.5809459425175
2.5,6.5,419.5994156205351
2.5,7.5,419.61155848470577
2.5,8.5,419.6210997057096
2.5,9.5,419.6349407712803
2.5,10.5,419.66698543712766
2.5,11.5,419.7185510564508
2.5,12.5,419.84211331503474
2.5,13.5,419.9052822901595
2.5,14.5,419.8973781186008
2.5,15.5,419.95766379349885
2.5,16.5,419.8796716076539
2.5,17.5,419.8205055161003
2.5,18.5,419.78074584894
2.5,19.5,419.6975142602171
2.5,20.5,419.5833855964141
2.5,21.5,419.4954835407433
2.5,22.5,419.4673610463302
2.5,23.5,419.4753634448431
2.5,24.5,419.4296688978896
2.5,25.5,419.2306564709425
2.5,26.5,419.3973381284122
2.5,27.5,419.4091123560019
2.5,28.5,419.3783940749
2.5,29.5,419.3989488542624
2.5,30.5,419.1873552333491
2.5,31.5,419.49368429508
2.5,32.5,419.3214275761004
2.5,33.5,419.2045610786552
2.5,34.5,419.0924473329848
2.5,35.5,419.0239460662728
2.5,36.5,418.9885888845341
2.5,37.5,418.95820850908143
2.5,38.5,418.9273570416759
2.5,39.5,418.8784516592854
2.5,40.5,418.8407558439448
2.5,41.5,418.8155976158004
2.5,42.5,418.78955250055145
2.5,43.5,418.7579861126045
2.5,44.5,418.7512982011797
2.5,45.5,418.7502623002416
2.5,46.5,418.7609831911495
2.5,47.5,418.78071249340144
2.5,48.5,418.7925830597743
2.5,49.5,418.803038770395
2.5,50.5,418.8142710201685
2.5,51.5,418.82598498741305
2.5,52.5,418.83594577658187
2.5,53.5,418.8436719168064
2.5,54.5,418.8512959815861
2.5,55.5,418.8615032194908
2.5,56.5,418.87225901787065
2.5,57.5,418.88548836378607
2.5,58.5,418.9012834494446
2.5,59.5,418.9181463225987
2.5,60.5,418.9338105752817
2.5,61.5,418.9501315269736
2.5,62.5,418.9695570190734
2.5,63.5,418.98931988849466
2.5,64.5,419.0100103228866
2.5,65.5,419.02978566475184
2.5,66.5,419.0517503575351
2.5,67.5,419.0754684400174
2.5,68.5,419.1016245115087
2.5,69.5,419.1269552868884
2.5,70.5,419.1525389239991
2.5,71.5,419.1755189091894
2.5,72.5,419.19826371776975
2.5,73.5,419.2224473571746
2.5,74.5,419.2479899811648
2.5,75.5,419.2731607160841
2.5,76.5,419.2963700189426
2.5,77.5,419.3183012065055
2.5,78.5,419.3405561438898
2.5,79.5,419.361059193662
2.5,80.5,419.3777351863494
2.5,81.5,419.3914458958266
2.5,82.5,419.39663822828777
2.5,83.5,419.3991049292005
2.5,84.5,419.40029827529855
2.5,85.5,419.40164518564495
2.5,86.5,419.404420949445
2.5,87.5,419.4096239728182
2.5,88.5,419.4138215381364
2.5,89.5,419.4151839737737
2.5,90.5,419.4213797221832
2.5,91.5,419.4313434444636
2.5,92.5,419.4480638338057
2.5,93.5,419.4697452749889
2.5,94.5,419.4984512625007
2.5,95.5,419.5316339139573
2.5,96.5,419.6241140754481
2.5,97.5,419.76018755499376
2.5,98.5,419.76401924932566
2.5,99.5,419.9611145816186
2.5,100.5,420.0881697994192
2.5,101.5,420.3978211206058
2.5,102.5,420.1670382312704
2.5,103.5,420.0130118919397
2.5,104.5,419.952635228378
2.5,105.5,419.8686836168464
2.5,106.5,419.8422044950522
2.5,107.5,419.84677282401776
2.5,108.5,419.8699062466472
2.5,109.5,419.93017841006497
2.5,110.5,420.0109583016248
2.5,111.5,420.1927308216788
2.5,112.5,419.83712498593474
2.5,113.5,420.2176789498769
2.5,114.5,420.1278445411921
2.5,115.5,419.9222311766793
2.5,116.5,419.9089886970766
2.5,117.5,419.9000737244193
2.5,118.5,419.6265994709863
2.5,119.5,419.4969843625218
2.5,120.5,419.4465365428895
2.5,121.5,419.40999077617374
2.5,122.5,419.3692128316297
2.5,123.5,419.3467984285917
2.5,124.5,419.3342433863584
2.5,125.5,419.3091645497624
2.5,126.5,419.2933647872694
2.5,127.5,419.2891533079938
2.5,128.5,419.2760145184967
2.5,129.5,419.272286447314
2.5,130.5,419.26691127513465
2.5,131.5,419.26169847544094
2.5,132.5,419.2558559370448
2.5,133.5,419.2487966557968
2.5,134.5,419.2388981028936
2.5,135.5,419.22911879708766
2.5,136.5,419.21901137448
2.5,137.5,419.2059110938632
2.5,138.5,419.1914047358124
2.5,139.5,419.1758417821462
2.5,140.5,419.1614876383444
2.5,141.5,419.1536517038317
2.5,142.5,419.1405505421418
2.5,143.5,419.1309826151619
2.5,144.5,419.1227196898544
2.5,145.5,419.1150982043994
2.5,146.5,419.1062237700887
2.5,147.5,419.09384578360215
2.5,148.5,419.0788032792148
2.5,149.5,419.0639475283312
2.5,150.5,419.04740130615215
2.5,151.5,419.03159834751335
2.5,152.5,419.026568956608
2.5,153.5,419.0095243821522
2.5,154.5,419.0007906170273
2.5,155.5,418.9937105245824
2.5,156.5,418.9885222821479
2.5,157.5,418.9838907893475
2.5,158.5,418.9779981462944
2.5,159.5,418.9717927238607
2.5,160.5,418.9663401186687
2.5,161.5,418.95742394921183
2.5,162.5,418.9480360017402
2.5,163.5,418.9391555940839
2.5,164.5,418.9335107708352
2.5,165.5,418.9301207324219
2.5,166.5,418.9272894625752
2.5,167.5,418.92425863043087
2.5,168.5,418.9243608407303
2.5,169.5,418.9296899627324
2.5,170.5,418.9246752405194
2.5,171.5,418.9208764534519
2.5,172.5,418.9178482682042
2.5,173.5,418.91521556921685
2.5,174.5,418.9142385985913
2.5,175.5,418.91314452582407
2.5,176.5,418.9114705393419
2.5,177.5,418.9104475933592
2.5,178.5,418.9099866219674
2.5,179.5,418.9100502919422
3.5,-179.5,418.9951941207856
3.5,-178.5,418.9972988223509
3.5,-177.5,419.0017854812509
3.5,-176.5,418.99921655474645
3.5,-175.5,418.999712391081
3.5,-174.5,418.9979791322849
3.5,-173.5,418.99634168425314
3.5,-172.5,418.9958541975549
3.5,-171.5,418.9955117513642
3.5,-170.5,418.9947147657106
3.5,-169.5,418.99608318673927
3.5,-168.5,418.9983217978916
3.5,-167.5,418.9993586077858
3.5,-166.5,419.0005057096617
3.5,-165.5,419.0025414780087
3.5,-164.5,419.007742580305
3.5,-163.5,419.0110480123592
3.5,-162.5,419.0144913587111
3.5,-161.5,419.0176242288281
3.5,-160.5,419.01944365047865
3.5,-159.5,419.0207789286632
3.5,-158.5,419.0230313008703
3.5,-157.5,419.0254682841502
3.5,-156.5,419.0279115933994
3.5,-155.5,419.0309017122763
3.5,-154.5,419.0351390712237
3.5,-153.5,419.0419197198141
3.5,-152.5,419.04514234647945
3.5,-151.5,419.049246452755
3.5,-150.5,419.05390937646575
3.5,-149.5,419.0575023343101
3.5,-148.5,419.0594164380534
3.5,-147.5,419.0605721863104
3.5,-146.5,419.0613042373085
3.5,-145.5,419.0613714612699
3.5,-144.5,419.0633079660204
3.5,-143.5,419.0606092253058
3.5,-142.5,419.0598410710443
3.5,-141.5,419.0591640619084
3.5,-140.5,419.0587175584207
3.5,-139.5,419.0597111628464
3.5,-138.5,419.0612205754018
3.5,-137.5,419.0621797583821
3.5,-136.5,419.0628431904146
3.5,-135.5,419.06857297117017
3.5,-134.5,419.063372608004
3.5,-133.5,419.0625916399295
3.5,-132.5,419.0677398219368
3.5,-131.5,419.05950506347926
3.5,-130.5,419.0567479599128
3.5,-129.5,419.0588407941029
3.5,-128.5,419.04531843009926
3.5,-127.5,419.0400461518371
3.5,-126.5,419.0339052321877
3.5,-125.5,419.0274685389394
3.5,-124.5,419.0225187205749
3.5,-123.5,419.0183579693369
3.5,-122.5,419.0154638326018
3.5,-121.5,419.01474860737176
3.5,-120.5,419.0158362955098
3.5,-119.5,419.0168871528248
3.5,-118.5,419.01836480662536
3.5,-117.5,419.01967130550463
3.5,-116.5,419.0201502058763
3.5,-115.5,419.0220010433113
3.5,-114.5,419.01612954099465
3.5,-113.5,419.02824181317095
3.5,-112.5,419.0319974895127
3.5,-111.5,419.0186564328951
3.5,-110.5,419.03909437944645
3.5,-109.5,419.0425819456462
3.5,-108.5,419.0203669256713
3.5,-107.5,419.05334688514415
3.5,-106.5,419.027299847978
3.5,-105.5,419.027182923424
3.5,-104.5,419.0826037372684
3.5,-103.5,419.0933384142642
3.5,-102.5,419.0143010436989
3.5,-101.5,419.0123324343924
3.5,-100.5,419.09235897039247
3.5,-99.5,419.0942645191001
3.5,-98.5,419.0899192325888
3.5,-97.5,419.0935837587082
3.5,-96.5,419.0949149481384
3.5,-95.5,419.02141951534463
3.5,-94.5,419.0997778578339
3.5,-93.5,419.10790994857376
3.5,-92.5,419.11834513501503
3.5,-91.5,419.1266939992521
3.5,-90.5,419.1358933393361
3.5,-89.5,419.0903014054532
3.5,-88.5,419.15231347370656
3.5,-87.5,419.1224886879924
3.5,-86.5,419.16932113817865
3.5,-85.5,419.1853513243208
3.5,-84.5,419.2015694200773
3.5,-83.5,419.2212532533745
3.5,-82.5,419.2384240111322
3.5,-81.5,419.2685092858894
3.5,-80.5,419.2825840864738
3.5,-79.5,419.2817135302295
3.5,-78.5,419.27758706034416
3.5,-77.5,419.2815530705888
3.5,-76.5,419.2257592049763
3.5,-75.5,419.0393264223194
3.5,-74.5,419.2097060936419
3.5,-73.5,419.309941636424
3.5,-72.5,419.5196479186259
3.5,-71.5,419.5490078729929
3.5,-70.5,419.5740588335183
3.5,-69.5,419.5767876042221
3.5,-68.5,419.59453045347607
3.5,-67.5,419.5742184925306
3.5,-66.5,419.7026312069271
3.5,-65.5,419.5972937173602
3.5,-64.5,419.6538278111112
3.5,-63.5,419.7216129348733
3.5,-62.5,419.78850666289793
3.5,-61.5,419.8243672047451
3.5,-60.5,419.82052120597774
3.5,-59.5,419.750906651722
3.5,-58.5,419.7609090522505
3.5,-57.5,419.7583502833404
3.5,-56.5,419.5800820946732
3.5,-55.5,419.60523241349614
3.5,-54.5,419.55245767187927
3.5,-53.5,419.48264737043
3.5,-52.5,419.4112716480152
3.5,-51.5,419.36775787501546
3.5,-50.5,419.2752291820127
3.5,-49.5,419.29068019235
3.5,-48.5,419.3003662743677
3.5,-47.5,419.3090438288066
3.5,-46.5,419.3178770150995
3.5,-45.5,419.32583208091785
3.5,-44.5,419.3324031955562
3.5,-43.5,419.3373429383013
3.5,-42.5,419.3424551779116
3.5,-41.5,419.3462046854514
3.5,-40.5,419.3478133182825
3.5,-39.5,419.35336910313214
3.5,-38.5,419.34640826080897
3.5,-37.5,419.347988552
3.5,-36.5,419.34438184682426
3.5,-35.5,419.34466662721417
3.5,-34.5,419.3460875208743
3.5,-33.5,419.3442277739685
3.5,-32.5,419.3420942709175
3.5,-31.5,419.3393515557713
3.5,-30.5,419.33483409147937
3.5,-29.5,419.3306126454098
3.5,-28.5,419.3268338987045
3.5,-27.5,419.32103448045984
3.5,-26.5,419.3170000313958
3.5,-25.5,419.31626377481865
3.5,-24.5,419.3137868393114
3.5,-23.5,419.3103852327739
3.5,-22.5,419.29949440549393
3.5,-21.5,419.2897360671489
3.5,-20.5,419.2946219267134
3.5,-19.5,419.2911612707512
3.5,-18.5,419.2900913217423
3.5,-17.5,419.295036245279
3.5,-16.5,419.3044544750333
3.5,-15.5,419.3150000200428
3.5,-14.5,419.3212808153848
3.5,-13.5,419.3318210650535
3.5,-12.5,419.3440980673768
3.5,-11.5,419.3531924027485
3.5,-10.5,419.3611804293232
3.5,-9.5,419.3689039230185
3.5,-8.5,419.3795384932582
3.5,-7.5,419.39621989162055
3.5,-6.5,419.4134332891121
3.5,-5.5,419.4295074526016
3.5,-4.5,419.4482948175943
3.5,-3.5,419.4690215418804
3.5,-2.5,419.4903933035854
3.5,-1.5,419.51430501267726
3.5,-0.5,419.5414757744336
3.5,0.5,419.5675027055869
3.5,1.5,419.59472960881465
3.5,2.5,419.6172813953214
3.5,3.5,419.6385173970976
3.5,4.5,419.658748653176
3.5,5.5,419.676131444852
3.5,6.5,419.6965380904958
3.5,7.5,419.7118786794985
3.5,8.5,419.7247313577022
3.5,9.5,419.7833563522462
3.5,10.5,419.79675066759233
3.5,11.5,419.78977027899697
3.5,12.5,419.92187664600937
3.5,13.5,420.0203034048019
3.5,14.5,420.0346901050558
3.5,15.5,420.01713117005454
3.5,16.5,419.9287700407207
3.5,17.5,419.9358036891277
3.5,18.5,419.96767242678766
3.5,19.5,419.789542805901
3.5,20.5,419.6526725099283
3.5,21.5,419.5272475569879
3.5,22.5,419.4468057745102
3.5,23.5,419.4269348986
3.5,24.5,419.38917447907176
3.5,25.5,419.3701587594185
3.5,26.5,419.2960068372623
3.5,27.5,419.3024179471196
3.5,28.5,419.2803055460628
3.5,29.5,419.2860859377506
3.5,30.5,419.2008379777293
3.5,31.5,419.3618427694762
3.5,32.5,419.2173528242026
3.5,33.5,419.1270465989588
3.5,34.5,419.0759622341435
3.5,35.5,419.0969931903632
3.5,36.5,419.04502049407046
3.5,37.5,418.99223576668
3.5,38.5,418.9317906377885
3.5,39.5,418.8999732617667
3.5,40.5,418.87839312412905
3.5,41.5,418.86905648876177
3.5,42.5,418.8585681742409
3.5,43.5,418.8212501684748
3.5,44.5,418.7953062666872
3.5,45.5,418.80472982752974
3.5,46.5,418.8138919449918
3.5,47.5,418.8231768626165
3.5,48.5,418.838109505329
3.5,49.5,418.85142728155057
3.5,50.5,418.8642634133299
3.5,51.5,418.8776642475924
3.5,52.5,418.88800590256994
3.5,53.5,418.8980768358648
3.5,54.5,418.9061639611776
3.5,55.5,418.9140137091366
3.5,56.5,418.9230490129064
3.5,57.5,418.9363093458764
3.5,58.5,418.9537459272264
3.5,59.5,418.97103288027785
3.5,60.5,418.9897022270583
3.5,61.5,419.0093159236657
3.5,62.5,419.0319413821047
3.5,63.5,419.05403531448025
3.5,64.5,419.0764214456013
3.5,65.5,419.0996705254348
3.5,66.5,419.1224478142056
3.5,67.5,419.1465371135154
3.5,68.5,419.1736274117122
3.5,69.5,419.2021460352396
3.5,70.5,419.2286899192092
3.5,71.5,419.25167269691184
3.5,72.5,419.2754896729333
3.5,73.5,419.30224661154233
3.5,74.5,419.3314374251531
3.5,75.5,419.3609217826856
3.5,76.5,419.3909265396193
3.5,77.5,419.4212431157153
3.5,78.5,419.4512566758871
3.5,79.5,419.4797607800425
3.5,80.5,419.5087913841908
3.5,81.5,419.53060186459567
3.5,82.5,419.53278022324986
3.5,83.5,419.5364902884156
3.5,84.5,419.5373786014405
3.5,85.5,419.53627402460336
3.5,86.5,419.53508626264346
3.5,87.5,419.5322083713252
3.5,88.5,419.5294485360913
3.5,89.5,419.5263182201919
3.5,90.5,419.5201879157044
3.5,91.5,419.5208495385238
3.5,92.5,419.52945709430605
3.5,93.5,419.544931358055
3.5,94.5,419.5736123270288
3.5,95.5,419.6176076361568
3.5,96.5,419.6872449857297
3.5,97.5,419.5757980526317
3.5,98.5,419.7988802755318
3.5,99.5,419.96569518405073
3.5,100.5,420.1243018161798
3.5,101.5,420.0293687897347
3.5,102.5,420.1303904753584
3.5,103.5,420.0577537745506
3.5,104.5,419.9714605868103
3.5,105.5,419.9065666120893
3.5,106.5,419.8653705741427
3.5,107.5,419.8497278557696
3.5,108.5,419.8520164101789
3.5,109.5,419.8644082378147
3.5,110.5,419.8911070031555
3.5,111.5,419.9233224975711
3.5,112.5,419.9736776057655
3.5,113.5,420.0346741701504
3.5,114.5,420.1758730570266
3.5,115.5,419.9799779943664
3.5,116.5,419.8615614225855
3.5,117.5,419.8524333955172
3.5,118.5,419.6897788258706
3.5,119.5,419.5856145127012
3.5,120.5,419.52607260992914
3.5,121.5,419.4874645745046
3.5,122.5,419.455015060447
3.5,123.5,419.4314824608349
3.5,124.5,419.41057272499495
3.5,125.5,419.3820338321714
3.5,126.5,419.36531088233306
3.5,127.5,419.3485055323855
3.5,128.5,419.3351367666231
3.5,129.5,419.3240598644074
3.5,130.5,419.3173393352893
3.5,131.5,419.3104095052032
3.5,132.5,419.30257876442766
3.5,133.5,419.2936479987099
3.5,134.5,419.2832422312621
3.5,135.5,419.272171742716
3.5,136.5,419.26079457985946
3.5,137.5,419.2495744356311
3.5,138.5,419.2380802727168
3.5,139.5,419.2265733105661
3.5,140.5,419.21477473610025
3.5,141.5,419.204888145805
3.5,142.5,419.19611576220746
3.5,143.5,419.1863802985485
3.5,144.5,419.17442936908407
3.5,145.5,419.16470286690543
3.5,146.5,419.1545466767538
3.5,147.5,419.1422543895192
3.5,148.5,419.1292086687626
3.5,149.5,419.1159007366181
3.5,150.5,419.1026771136519
3.5,151.5,419.08902543018297
3.5,152.5,419.0771458347311
3.5,153.5,419.067094603786
3.5,154.5,419.05670240377736
3.5,155.5,419.0494889849916
3.5,156.5,419.0537851367705
3.5,157.5,419.0380084763156
3.5,158.5,419.0314685587388
3.5,159.5,419.0278549159362
3.5,160.5,419.02402094386446
3.5,161.5,419.0175996738051
3.5,162.5,419.0111489476749
3.5,163.5,419.0047080045957
3.5,164.5,419.00138104318654
3.5,165.5,418.9990303613869
3.5,166.5,418.998879795124
3.5,167.5,418.9990290431074
3.5,168.5,419.0008953791333
3.5,169.5,419.0035872678136
3.5,170.5,419.00501790061367
3.5,171.5,419.00229050239767
3.5,172.5,419.0004978744738
3.5,173.5,419.00049703452174
3.5,174.5,419.0002807460969
3.5,175.5,418.9998895353887
3.5,176.5,418.9992539627586
3.5,177.5,418.9977580188187
3.5,178.5,418.99641683226406
3.5,179.5,418.9945749700052
4.5,-179.5,419.09120283369816
4.5,-178.5,419.0909194901026
4.5,-177.5,419.09141980675247
4.5,-176.5,419.0924416140543
4.5,-175.5,419.0931056731473
4.5,-174.5,419.0912576940837
4.5,-173.5,419.0900668081784
4.5,-172.5,419.0882520661913
4.5,-171.5,419.0853916429669
4.5,-170.5,419.0843944720724
4.5,-169.5,419.0864375531964
4.5,-168.5,419.09032116107056
4.5,-167.5,419.0935187842757
4.5,-166.5,419.0969260586565
4.5,-165.5,419.1007787887253
4.5,-164.5,419.10499413854245
4.5,-163.5,419.1078916808901
4.5,-162.5,419.1105520966407
4.5,-161.5,419.11332246273525
4.5,-160.5,419.1139164649352
4.5,-159.5,419.1126513590992
4.5,-158.5,419.114369623594
4.5,-157.5,419.1201341094792
4.5,-156.5,419.12177715124926
4.5,-155.5,419.1249624741704
4.5,-154.5,419.1292714010663
4.5,-153.5,419.1333007695458
4.5,-152.5,419.1359711247224
4.5,-151.5,419.13862766018497
4.5,-150.5,419.1410008830171
4.5,-149.5,419.1446909559024
4.5,-148.5,419.1453864451211
4.5,-147.5,419.1449452013066
4.5,-146.5,419.1440522558086
4.5,-145.5,419.1465145686476
4.5,-144.5,419.1401672764579
4.5,-143.5,419.1379666935846
4.5,-142.5,419.13493075515066
4.5,-141.5,419.1314885801704
4.5,-140.5,419.1284585233691
4.5,-139.5,419.1269346244707
4.5,-138.5,419.1257705379713
4.5,-137.5,419.1239127605493
4.5,-136.5,419.1216089759224
4.5,-135.5,419.11912386404725
4.5,-134.5,419.12675105220507
4.5,-133.5,419.115163498395
4.5,-132.5,419.1126455873715
4.5,-131.5,419.10960116209947
4.5,-130.5,419.1046939172614
4.5,-129.5,419.0979060387747
4.5,-128.5,419.0920671146591
4.5,-127.5,419.0856869325767
4.5,-126.5,419.0801311675819
4.5,-125.5,419.0748639915079
4.5,-124.5,419.0672991903527
4.5,-123.5,419.0604571827044
4.5,-122.5,419.0534018440649
4.5,-121.5,419.0487715654527
4.5,-120.5,419.0475170716911
4.5,-119.5,419.0478269786747
4.5,-118.5,419.04830664519375
4.5,-117.5,419.0493128222423
4.5,-116.5,419.05077287320006
4.5,-115.5,419.0525347589429
4.5,-114.5,419.0561805272294
4.5,-113.5,419.05972160508463
4.5,-112.5,419.06201518102375
4.5,-111.5,419.0666670711788
4.5,-110.5,419.06993592540647
4.5,-109.5,419.0725333665287
4.5,-108.5,419.0582527040417
4.5,-107.5,419.08160240579286
4.5,-106.5,419.08710964975774
4.5,-105.5,419.0936492060525
4.5,-104.5,419.059289137952
4.5,-103.5,419.1051412271251
4.5,-102.5,419.1094994578712
4.5,-101.5,419.04059135918646
4.5,-100.5,419.1078124047193
4.5,-99.5,419.1094390101302
4.5,-98.5,419.1092225368571
4.5,-97.5,419.109027380466
4.5,-96.5,419.1084352283576
4.5,-95.5,419.1091324223845
4.5,-94.5,419.1117657605298
4.5,-93.5,419.1181393562188
4.5,-92.5,419.1263834565906
4.5,-91.5,419.13357594210777
4.5,-90.5,419.08892226705296
4.5,-89.5,419.1029853088528
4.5,-88.5,419.1678282460186
4.5,-87.5,419.1352744758064
4.5,-86.5,419.19062323714274
4.5,-85.5,419.1854927663434
4.5,-84.5,419.2272134653223
4.5,-83.5,419.24524335847366
4.5,-82.5,419.272006763624
4.5,-81.5,419.2958292434283
4.5,-80.5,419.3157725085001
4.5,-79.5,419.3256621364399
4.5,-78.5,419.33175129459227
4.5,-77.5,419.3157226666072
4.5,-76.5,419.2337619643829
4.5,-75.5,419.2643482317
4.5,-74.5,419.2391765281208
4.5,-73.5,419.2968398392292
4.5,-72.5,419.49984887557287
4.5,-71.5,419.5742267350448
4.5,-70.5,419.5893518535964
4.5,-69.5,419.5789716806245
4.5,-68.5,419.6104101466224
4.5,-67.5,419.6698947872649
4.5,-66.5,419.6016016548919
4.5,-65.5,419.4991869534343
4.5,-64.5,419.52536961076567
4.5,-63.5,419.6044245001447
4.5,-62.5,419.6768256161584
4.5,-61.5,419.5461902183297
4.5,-60.5,419.5145538831443
4.5,-59.5,419.5843868984896
4.5,-58.5,419.6956128502479
4.5,-57.5,419.6876276901111
4.5,-56.5,419.5783691995755
4.5,-55.5,419.5531756825973
4.5,-54.5,419.50484153964624
4.5,-53.5,419.44669879118896
4.5,-52.5,419.3975248980477
4.5,-51.5,419.2921918592114
4.5,-50.5,419.310545613774
4.5,-49.5,419.32512806238384
4.5,-48.5,419.33810647091417
4.5,-47.5,419.3489864035464
4.5,-46.5,419.35788867178206
4.5,-45.5,419.366969530085
4.5,-44.5,419.3751684996663
4.5,-43.5,419.381655789796
4.5,-42.5,419.3875710950082
4.5,-41.5,419.3923017996179
4.5,-40.5,419.3951932284871
4.5,-39.5,419.396431413234
4.5,-38.5,419.3970189391555
4.5,-37.5,419.3978649147462
4.5,-36.5,419.3963034468232
4.5,-35.5,419.394708384324
4.5,-34.5,419.3951620393157
4.5,-33.5,419.3958840465999
4.5,-32.5,419.3943387083192
4.5,-31.5,419.390335380292
4.5,-30.5,419.3849741658239
4.5,-29.5,419.3799811700301
4.5,-28.5,419.3774300610919
4.5,-27.5,419.3781866370896
4.5,-26.5,419.3814184708492
4.5,-25.5,419.38206269729073
4.5,-24.5,419.3837097241346
4.5,-23.5,419.3835820731201
4.5,-22.5,419.3811639116992
4.5,-21.5,419.3732480965072
4.5,-20.5,419.3726030478872
4.5,-19.5,419.3726908989724
4.5,-18.5,419.369250585757
4.5,-17.5,419.36924747464616
4.5,-16.5,419.3746400616149
4.5,-15.5,419.380750791173
4.5,-14.5,419.3844203487064
4.5,-13.5,419.3898939282951
4.5,-12.5,419.39549896726345
4.5,-11.5,419.4002979282433
4.5,-10.5,419.4029073660932
4.5,-9.5,419.4026399305672
4.5,-8.5,419.42075733433074
4.5,-7.5,419.4424590548028
4.5,-6.5,419.46102467231526
4.5,-5.5,419.48735299560144
4.5,-4.5,419.491233333908
4.5,-3.5,419.50469979165086
4.5,-2.5,419.52909606129344
4.5,-1.5,419.560900095512
4.5,-0.5,419.5939772326631
4.5,0.5,419.6257087586678
4.5,1.5,419.65763058616096
4.5,2.5,419.6884407825737
4.5,3.5,419.715003040732
4.5,4.5,419.74099184314775
4.5,5.5,419.7554401491626
4.5,6.5,419.84538350796726
4.5,7.5,419.8423050145115
4.5,8.5,419.8232943714443
4.5,9.5,419.9713467351879
4.5,10.5,419.9536644181032
4.5,11.5,419.9360338697506
4.5,12.5,420.0030818467368
4.5,13.5,420.0986602606191
4.5,14.5,420.11275600395066
4.5,15.5,420.09006988485584
4.5,16.5,420.0688046864469
4.5,17.5,419.991001868816
4.5,18.5,420.00772091111656
4.5,19.5,419.872119866904
4.5,20.5,419.7683159360734
4.5,21.5,419.6423572087363
4.5,22.5,419.5256750404663
4.5,23.5,419.4369777138981
4.5,24.5,419.371910996624
4.5,25.5,419.2608831535866
4.5,26.5,419.2382216638629
4.5,27.5,419.2233337220088
4.5,28.5,419.21599468708393
4.5,29.5,419.19427964090784
4.5,30.5,419.22359098968496
4.5,31.5,419.2750071381427
4.5,32.5,419.2784307684514
4.5,33.5,419.25741939537227
4.5,34.5,419.2618772534998
4.5,35.5,419.193539146959
4.5,36.5,419.1594043066579
4.5,37.5,419.0474029626912
4.5,38.5,418.9190003047307
4.5,39.5,418.9339170122769
4.5,40.5,418.93874027479103
4.5,41.5,418.93121076167
4.5,42.5,418.9115524358082
4.5,43.5,418.8753311961885
4.5,44.5,418.856836657928
4.5,45.5,418.8606156122554
4.5,46.5,418.8553070832537
4.5,47.5,418.8597536023503
4.5,48.5,418.8767448340424
4.5,49.5,418.8928937618136
4.5,50.5,418.9027734238425
4.5,51.5,418.91386623262366
4.5,52.5,418.9247816552107
4.5,53.5,418.9367309310388
4.5,54.5,418.94662025019744
4.5,55.5,418.9549084415727
4.5,56.5,418.9639495429769
4.5,57.5,418.97799738504887
4.5,58.5,418.99452860879785
4.5,59.5,419.0142439662733
4.5,60.5,419.0357611044877
4.5,61.5,419.0574914580508
4.5,62.5,419.0802965045463
4.5,63.5,419.1019906326146
4.5,64.5,419.1258458195393
4.5,65.5,419.1516412252096
4.5,66.5,419.1763347456604
4.5,67.5,419.2003721360574
4.5,68.5,419.2273094194989
4.5,69.5,419.2560264594743
4.5,70.5,419.2821858777852
4.5,71.5,419.30647576162926
4.5,72.5,419.3322567769541
4.5,73.5,419.3705041028532
4.5,74.5,419.3944605018545
4.5,75.5,419.4289054117832
4.5,76.5,419.46658861960856
4.5,77.5,419.5081229884696
4.5,78.5,419.5411366589907
4.5,79.5,419.56982103575433
4.5,80.5,419.6006094182554
4.5,81.5,419.63088155196175
4.5,82.5,419.6512491539568
4.5,83.5,419.6637152446089
4.5,84.5,419.67167793081046
4.5,85.5,419.6370954100325
4.5,86.5,419.6646822827078
4.5,87.5,419.6564468121069
4.5,88.5,419.6445950027449
4.5,89.5,419.629934410657
4.5,90.5,419.6194037787191
4.5,91.5,419.6152125998756
4.5,92.5,419.62044512593366
4.5,93.5,419.63642084582136
4.5,94.5,419.6674008208648
4.5,95.5,419.671719203021
4.5,96.5,419.6901771831984
4.5,97.5,419.75400617269656
4.5,98.5,419.9282132680009
4.5,99.5,419.9864155853633
4.5,100.5,420.187653447442
4.5,101.5,419.9494356078709
4.5,102.5,419.98916260926217
4.5,103.5,420.0744744588665
4.5,104.5,419.988317664765
4.5,105.5,419.9339180508868
4.5,106.5,419.89214842431306
4.5,107.5,419.86232883637
4.5,108.5,419.8462432669358
4.5,109.5,419.83861576188633
4.5,110.5,419.8403471475425
4.5,111.5,419.852353823803
4.5,112.5,419.8744523994389
4.5,113.5,419.93547576465767
4.5,114.5,420.1272411519921
4.5,115.5,419.9640505060457
4.5,116.5,419.8567955400691
4.5,117.5,419.9511911874663
4.5,118.5,419.7725987116549
4.5,119.5,419.6781908386463
4.5,120.5,419.61660700126816
4.5,121.5,419.5758129100538
4.5,122.5,419.5436945451854
4.5,123.5,419.5165683242025
4.5,124.5,419.4952404845829
4.5,125.5,419.4685118920653
4.5,126.5,419.44020626409656
4.5,127.5,419.41870601384255
4.5,128.5,419.39839168461367
4.5,129.5,419.3831184701297
4.5,130.5,419.373884813556
4.5,131.5,419.3633000483454
4.5,132.5,419.3530901224871
4.5,133.5,419.3419467422549
4.5,134.5,419.3303381535994
4.5,135.5,419.3193389145389
4.5,136.5,419.3097038014931
4.5,137.5,419.300902381298
4.5,138.5,419.2923347908078
4.5,139.5,419.28475758084994
4.5,140.5,419.2748175280306
4.5,141.5,419.2637757964328
4.5,142.5,419.25305792911473
4.5,143.5,419.24038478862246
4.5,144.5,419.227157410476
4.5,145.5,419.21604864315
4.5,146.5,419.2058024442144
4.5,147.5,419.19441984809833
4.5,148.5,419.1832278445473
4.5,149.5,419.1721592063853
4.5,150.5,419.1616970703
4.5,151.5,419.1519971327289
4.5,152.5,419.1418124506113
4.5,153.5,419.1306289808
4.5,154.5,419.1217674159613
4.5,155.5,419.11431804342106
4.5,156.5,419.1065137976119
4.5,157.5,419.099522218764
4.5,158.5,419.0918089700448
4.5,159.5,419.08979710689135
4.5,160.5,419.087887246112
4.5,161.5,419.08384957697086
4.5,162.5,419.080198940697
4.5,163.5,419.0765651574827
4.5,164.5,419.0765001584147
4.5,165.5,419.07741950812886
4.5,166.5,419.07942655605353
4.5,167.5,419.0819200943844
4.5,168.5,419.0853826815729
4.5,169.5,419.0882123994859
4.5,170.5,419.09168923476767
4.5,171.5,419.0926100614115
4.5,172.5,419.1047279306023
4.5,173.5,419.09189998752106
4.5,174.5,419.0918570081216
4.5,175.5,419.0922478346265
4.5,176.5,419.0925432875856
4.5,177.5,419.09139432160686
4.5,178.5,419.0901299275569
4.5,179.5,419.090699610906
5.5,-179.5,419.1975361941929
5.5,-178.5,419.1969684372968
5.5,-177.5,419.1965901870626
5.5,-176.5,419.1966274601245
5.5,-175.5,419.1955613843549
5.5,-174.5,419.1944730375318
5.5,-173.5,419.19193285636175
5.5,-172.5,419.1913306814865
5.5,-171.5,419.1883356494264
5.5,-170.5,419.18691184628943
5.5,-169.5,419.18750375224135
5.5,-168.5,419.1891658658288
5.5,-167.5,419.19217953672654
5.5,-166.5,419.197646676993
5.5,-165.5,419.2084682804648
5.5,-164.5,419.2062961447949
5.5,-163.5,419.20847603640766
5.5,-162.5,419.2097801682008
5.5,-161.5,419.21423623181215
5.5,-160.5,419.2158422504444
5.5,-159.5,419.21685862414313
5.5,-158.5,419.218206747855
5.5,-157.5,419.2203529046164
5.5,-156.5,419.2219386760624
5.5,-155.5,419.2245531514518
5.5,-154.5,419.2342671027136
5.5,-153.5,419.2362675202308
5.5,-152.5,419.23778568015865
5.5,-151.5,419.2394505484651
5.5,-150.5,419.2410244563126
5.5,-149.5,419.2406364951002
5.5,-148.5,419.24583194130446
5.5,-147.5,419.2451363824664
5.5,-146.5,419.2428320398557
5.5,-145.5,419.2405143411012
5.5,-144.5,419.2367998936257
5.5,-143.5,419.2332811906384
5.5,-142.5,419.2278355464778
5.5,-141.5,419.2222294170323
5.5,-140.5,419.217500171769
5.5,-139.5,419.2125999564996
5.5,-138.5,419.2010783286759
5.5,-137.5,419.2028836258469
5.5,-136.5,419.1973496667896
5.5,-135.5,419.19094044881473
5.5,-134.5,419.1847194762837
5.5,-133.5,419.1796315961979
5.5,-132.5,419.1741469669354
5.5,-131.5,419.1697157778484
5.5,-130.5,419.179348298763
5.5,-129.5,419.1532073648846
5.5,-128.5,419.1471734228608
5.5,-127.5,419.1389620428197
5.5,-126.5,419.1298719117908
5.5,-125.5,419.1266383829457
5.5,-124.5,419.1215254179224
5.5,-123.5,419.1138399162167
5.5,-122.5,419.1045827138488
5.5,-121.5,419.0951921388569
5.5,-120.5,419.089362978138
5.5,-119.5,419.0867838488285
5.5,-118.5,419.0830257351543
5.5,-117.5,419.085195254593
5.5,-116.5,419.08801631487614
5.5,-115.5,419.0876951124836
5.5,-114.5,419.0870220431833
5.5,-113.5,419.0902660592197
5.5,-112.5,419.0958129942845
5.5,-111.5,419.0976652699218
5.5,-110.5,419.10329065143935
5.5,-109.5,419.10089832085526
5.5,-108.5,419.1140217195192
5.5,-107.5,419.1018505849037
5.5,-106.5,419.1015922887263
5.5,-105.5,419.1264473080649
5.5,-104.5,419.137714376245
5.5,-103.5,419.143055692669
5.5,-102.5,419.14402438849817
5.5,-101.5,419.1363724234481
5.5,-100.5,419.0766180732536
5.5,-99.5,419.1262797296673
5.5,-98.5,419.1292058811588
5.5,-97.5,419.1264365769581
5.5,-96.5,419.1223863016709
5.5,-95.5,419.1196048705751
5.5,-94.5,419.124158625079
5.5,-93.5,419.1330112518136
5.5,-92.5,419.1353389771076
5.5,-91.5,419.13708229950834
5.5,-90.5,419.14280563594514
5.5,-89.5,419.1549209005119
5.5,-88.5,419.1662556820663
5.5,-87.5,419.1510560844936
5.5,-86.5,419.2118520745645
5.5,-85.5,419.23198827554944
5.5,-84.5,419.2294806076386
5.5,-83.5,419.2722003751656
5.5,-82.5,419.29811038455006
5.5,-81.5,419.3239407771813
5.5,-80.5,419.3421922247317
5.5,-79.5,419.3652134499144
5.5,-78.5,419.3849020731223
5.5,-77.5,419.3904356484167
5.5,-76.5,419.3326209502038
5.5,-75.5,419.1921173403852
5.5,-74.5,419.36879289728654
5.5,-73.5,419.17101972574505
5.5,-72.5,419.1961480551924
5.5,-71.5,419.5707006352153
5.5,-70.5,419.624113608088
5.5,-69.5,419.580760271152
5.5,-68.5,419.5908355676993
5.5,-67.5,419.6245765235031
5.5,-66.5,419.5073591650928
5.5,-65.5,419.35366211044976
5.5,-64.5,419.5700414995967
5.5,-63.5,419.6060704525976
5.5,-62.5,419.4825915444032
5.5,-61.5,419.38799866791214
5.5,-60.5,419.3903105954181
5.5,-59.5,419.5442067860418
5.5,-58.5,419.5745556779564
5.5,-57.5,419.55337450745446
5.5,-56.5,419.5050431030981
5.5,-55.5,419.4666537414507
5.5,-54.5,419.4179072480367
5.5,-53.5,419.3771161152958
5.5,-52.5,419.3108112534592
5.5,-51.5,419.3145584617881
5.5,-50.5,419.3309793253462
5.5,-49.5,419.3438389460607
5.5,-48.5,419.357333766258
5.5,-47.5,419.3693111426415
5.5,-46.5,419.3799700484339
5.5,-45.5,419.38944334294223
5.5,-44.5,419.3985211188375
5.5,-43.5,419.4057050166863
5.5,-42.5,419.4117745888983
5.5,-41.5,419.4172685837684
5.5,-40.5,419.421218071906
5.5,-39.5,419.42722391508
5.5,-38.5,419.4308866242226
5.5,-37.5,419.4328121755624
5.5,-36.5,419.43369231136353
5.5,-35.5,419.4303319581925
5.5,-34.5,419.4280519511291
5.5,-33.5,419.4278806977465
5.5,-32.5,419.42652414355496
5.5,-31.5,419.42211957168576
5.5,-30.5,419.4176345147565
5.5,-29.5,419.4143690060577
5.5,-28.5,419.41359096225074
5.5,-27.5,419.4188394970149
5.5,-26.5,419.4215018095168
5.5,-25.5,419.4229395743393
5.5,-24.5,419.4241513188968
5.5,-23.5,419.42605403585975
5.5,-22.5,419.4277094128669
5.5,-21.5,419.4250280107156
5.5,-20.5,419.4252859585049
5.5,-19.5,419.4290540242301
5.5,-18.5,419.430115755273
5.5,-17.5,419.4283098906556
5.5,-16.5,419.42833064313226
5.5,-15.5,419.4318952409706
5.5,-14.5,419.4371478623548
5.5,-13.5,419.42704691346165
5.5,-12.5,419.4302169285736
5.5,-11.5,419.4259015597633
5.5,-10.5,419.4360064624923
5.5,-9.5,419.4552195458298
5.5,-8.5,419.4266374403347
5.5,-7.5,419.4488632452804
5.5,-6.5,419.4865381546326
5.5,-5.5,419.5128493529174
5.5,-4.5,419.56402533864417
5.5,-3.5,419.5343584602657
5.5,-2.5,419.5854284265393
5.5,-1.5,419.5729341737998
5.5,-0.5,419.64260825120016
5.5,0.5,419.7448360705812
5.5,1.5,419.69315886393366
5.5,2.5,419.73170147668986
5.5,3.5,419.7557567789781
5.5,4.5,419.7950406617197
5.5,5.5,419.8987808857184
5.5,6.5,420.114483855695
5.5,7.5,420.1048018142203
5.5,8.5,420.0514822938519
5.5,9.5,420.0798640201004
5.5,10.5,420.1013910295523
5.5,11.5,420.11951198145744
5.5,12.5,420.1476112108039
5.5,13.5,420.155795097369
5.5,14.5,420.0074712009981
5.5,15.5,420.07580241434965
5.5,16.5,419.94853260801096
5.5,17.5,419.9365577675963
5.5,18.5,419.99859038041535
5.5,19.5,419.94719462541946
5.5,20.5,419.8647910650623
5.5,21.5,419.68612951569554
5.5,22.5,419.54027759878176
5.5,23.5,419.4342675631632
5.5,24.5,419.3510608502002
5.5,25.5,419.2514966569349
5.5,26.5,419.1980088454733
5.5,27.5,419.1840332163428
5.5,28.5,419.21577261909584
5.5,29.5,419.2615345865774
5.5,30.5,419.2984931044933
5.5,31.5,419.4410249563077
5.5,32.5,419.5131400311641
5.5,33.5,419.50963936277645
5.5,34.5,419.5096383062625
5.5,35.5,419.4594223525374
5.5,36.5,419.3621510911211
5.5,37.5,419.148574146676
5.5,38.5,419.006489127362
5.5,39.5,419.00341702548303
5.5,40.5,418.9880940790758
5.5,41.5,418.9726360794885
5.5,42.5,418.9408215920523
5.5,43.5,418.9334876033084
5.5,44.5,418.9095420317266
5.5,45.5,418.885027859305
5.5,46.5,418.8948308099558
5.5,47.5,418.8937354085512
5.5,48.5,418.8992088991473
5.5,49.5,418.9239129308697
5.5,50.5,418.9326406585912
5.5,51.5,418.9768693596158
5.5,52.5,418.9507196603205
5.5,53.5,418.9610708299427
5.5,54.5,418.971518572974
5.5,55.5,418.9818153932269
5.5,56.5,418.9942840302053
5.5,57.5,419.0069553138607
5.5,58.5,419.023569191549
5.5,59.5,419.0438750770139
5.5,60.5,419.0674041193187
5.5,61.5,419.09028122882825
5.5,62.5,419.1126971320885
5.5,63.5,419.1355581732842
5.5,64.5,419.1594167626556
5.5,65.5,419.1844613939553
5.5,66.5,419.2103652762497
5.5,67.5,419.23206189200704
5.5,68.5,419.2593272865452
5.5,69.5,419.2872926903689
5.5,70.5,419.3142391472596
5.5,71.5,419.34141522848864
5.5,72.5,419.3708355976609
5.5,73.5,419.403920780612
5.5,74.5,419.4406828961822
5.5,75.5,419.4791906979517
5.5,76.5,419.52082223518914
5.5,77.5,419.5618314841864
5.5,78.5,419.5875649600797
5.5,79.5,419.6231487384487
5.5,80.5,419.66388694184354
5.5,81.5,419.70925675663625
5.5,82.5,419.7387902844563
5.5,83.5,419.7560315031267
5.5,84.5,419.7688898621226
5.5,85.5,419.77701325513465
5.5,86.5,419.7418605511138
5.5,87.5,419.7757036078117
5.5,88.5,419.7624515179378
5.5,89.5,419.746344897753
5.5,90.5,419.7270464721952
5.5,91.5,419.7186146473462
5.5,92.5,419.7180289646833
5.5,93.5,419.7272178453079
5.5,94.5,419.745455591301
5.5,95.5,419.7871275520597
5.5,96.5,419.8628157208613
5.5,97.5,419.8946082832788
5.5,98.5,419.9140356497769
5.5,99.5,419.949691609822
5.5,100.5,420.04860199129024
5.5,101.5,419.8506473326008
5.5,102.5,420.01385844910186
5.5,103.5,420.05503829552697
5.5,104.5,419.961032101947
5.5,105.5,419.96100269571104
5.5,106.5,419.9247911832247
5.5,107.5,419.8911664035588
5.5,108.5,419.8578352828417
5.5,109.5,419.8374749316368
5.5,110.5,419.8276757290127
5.5,111.5,419.8263175565846
5.5,112.5,419.8316878794898
5.5,113.5,419.8495399899394
5.5,114.5,419.9099251996016
5.5,115.5,419.9846765809892
5.5,116.5,419.9337936246104
5.5,117.5,419.9541755746453
5.5,118.5,419.95271171145936
5.5,119.5,419.7631331544372
5.5,120.5,419.6959337009857
5.5,121.5,419.6555382467207
5.5,122.5,419.62889653695953
5.5,123.5,419.6045490168469
5.5,124.5,419.582889343814
5.5,125.5,419.54685492542353
5.5,126.5,419.5206788891204
5.5,127.5,419.4916694703704
5.5,128.5,419.4660181726646
5.5,129.5,419.4455454770674
5.5,130.5,419.4299703094534
5.5,131.5,419.4169287025188
5.5,132.5,419.4048034719022
5.5,133.5,419.39097568690426
5.5,134.5,419.3806972528128
5.5,135.5,419.3747914106755
5.5,136.5,419.3706136167775
5.5,137.5,419.3648626308057
5.5,138.5,419.3542801257471
5.5,139.5,419.34941388182
5.5,140.5,419.339231156629
5.5,141.5,419.32543471925015
5.5,142.5,419.3094795052888
5.5,143.5,419.29314209386087
5.5,144.5,419.2783438551842
5.5,145.5,419.2664294625573
5.5,146.5,419.2575328855594
5.5,147.5,419.24700927343935
5.5,148.5,419.2370750268543
5.5,149.5,419.2293765697169
5.5,150.5,419.2248016065168
5.5,151.5,419.21853877565314
5.5,152.5,419.2084637152423
5.5,153.5,419.19805622417823
5.5,154.5,419.1887659643508
5.5,155.5,419.17987902483947
5.5,156.5,419.1717103022237
5.5,157.5,419.1666187043003
5.5,158.5,419.1640250522345
5.5,159.5,419.1631590847505
5.5,160.5,419.1624027521943
5.5,161.5,419.1610417170429
5.5,162.5,419.1566433450482
5.5,163.5,419.1571303819185
5.5,164.5,419.1612898702409
5.5,165.5,419.1645897625996
5.5,166.5,419.1685996235765
5.5,167.5,419.1720040788771
5.5,168.5,419.176274873019
5.5,169.5,419.18196982967606
5.5,170.5,419.1884781461039
5.5,171.5,419.193595915832
5.5,172.5,419.1959712738998
5.5,173.5,419.19498173640056
5.5,174.5,419.19612523268
5.5,175.5,419.1974919535139
5.5,176.5,419.1982261206646
5.5,177.5,419.19823037719374
5.5,178.5,419.19814956120587
5.5,179.5,419.198224149789
6.5,-179.5,419.31530744549593
6.5,-178.5,419.3166546950239
6.5,-177.5,419.3145558990546
6.5,-176.5,419.312853351075
6.5,-175.5,419.3111459936138
6.5,-174.5,419.3085512573338
6.5,-173.5,419.3046325014997
6.5,-172.5,419.30081023906746
6.5,-171.5,419.2964942820568
6.5,-170.5,419.2933055681429
6.5,-169.5,419.2913350169866
6.5,-168.5,419.2891970799032
6.5,-167.5,419.2879487649638
6.5,-166.5,419.2888179417622
6.5,-165.5,419.2912717307458
6.5,-164.5,419.2938199111264
6.5,-163.5,419.2944775883964
6.5,-162.5,419.2956523456211
6.5,-161.5,419.29661375621504
6.5,-160.5,419.2991240482214
6.5,-159.5,419.3018924719359
6.5,-158.5,419.304650925977
6.5,-157.5,419.3054693444128
6.5,-156.5,419.3194414242281
6.5,-155.5,419.3107959582655
6.5,-154.5,419.3142741225637
6.5,-153.5,419.318127248942
6.5,-152.5,419.3217993931239
6.5,-151.5,419.3243833360811
6.5,-150.5,419.3264326702089
6.5,-149.5,419.330590571857
6.5,-148.5,419.3336782901305
6.5,-147.5,419.3343288668827
6.5,-146.5,419.3331644429306
6.5,-145.5,419.3313497142644
6.5,-144.5,419.3298133795115
6.5,-143.5,419.32528542003456
6.5,-142.5,419.3210016063473
6.5,-141.5,419.3156075448076
6.5,-140.5,419.3104784888956
6.5,-139.5,419.3047994948903
6.5,-138.5,419.2994541724923
6.5,-137.5,419.29412089948346
6.5,-136.5,419.28697404711136
6.5,-135.5,419.2776508516547
6.5,-134.5,419.2684600387384
6.5,-133.5,419.2624354119665
6.5,-132.5,419.2487293850363
6.5,-131.5,419.2414569968459
6.5,-130.5,419.2313184267339
6.5,-129.5,419.22210106941424
6.5,-128.5,419.2153676965672
6.5,-127.5,419.2067405871528
6.5,-126.5,419.19700955765234
6.5,-125.5,419.1951019302057
6.5,-124.5,419.1954583737862
6.5,-123.5,419.190751966597
6.5,-122.5,419.17408441143147
6.5,-121.5,419.1646783387199
6.5,-120.5,419.1575878706044
6.5,-119.5,419.1528332060192
6.5,-118.5,419.1457545789427
6.5,-117.5,419.1393034358492
6.5,-116.5,419.1431758184145
6.5,-115.5,419.1462715653155
6.5,-114.5,419.14634610124455
6.5,-113.5,419.1455039291
6.5,-112.5,419.1445383162741
6.5,-111.5,419.1469020827421
6.5,-110.5,419.1503354302666
6.5,-109.5,419.1578199466955
6.5,-108.5,419.15868502494686
6.5,-107.5,419.1636691094749
6.5,-106.5,419.1771654447175
6.5,-105.5,419.1824199904573
6.5,-104.5,419.19323300989305
6.5,-103.5,419.1996347511604
6.5,-102.5,419.1945677021264
6.5,-101.5,419.1917733037988
6.5,-100.5,419.184581992953
6.5,-99.5,419.1640491351901
6.5,-98.5,419.1621643220417
6.5,-97.5,419.1601064524514
6.5,-96.5,419.15781602104846
6.5,-95.5,419.1605424350386
6.5,-94.5,419.1600041263012
6.5,-93.5,419.1619848406111
6.5,-92.5,419.1744813807021
6.5,-91.5,419.16355204264033
6.5,-90.5,419.17724220125535
6.5,-89.5,419.1796774988721
6.5,-88.5,419.1790253925455
6.5,-87.5,419.1674250629897
6.5,-86.5,419.2121489214274
6.5,-85.5,419.2103149014392
6.5,-84.5,419.261038674589
6.5,-83.5,419.2893800492405
6.5,-82.5,419.3135308431529
6.5,-81.5,419.33963148978296
6.5,-80.5,419.3632831881971
6.5,-79.5,419.3909581199272
6.5,-78.5,419.4123505813438
6.5,-77.5,419.43353585937655
6.5,-76.5,419.4197644499431
6.5,-75.5,419.4428339723018
6.5,-74.5,419.362639138557
6.5,-73.5,419.4513339853533
6.5,-72.5,419.1522383785493
6.5,-71.5,419.53116293901496
6.5,-70.5,419.6174271667691
6.5,-69.5,419.5912617116109
6.5,-68.5,419.60472199659023
6.5,-67.5,419.6489606762125
6.5,-66.5,419.4555123823458
6.5,-65.5,419.3725682573289
6.5,-64.5,419.568424077046
6.5,-63.5,419.5053496339884
6.5,-62.5,419.4674870115463
6.5,-61.5,419.5197329134347
6.5,-60.5,419.4520562776608
6.5,-59.5,419.520385113796
6.5,-58.5,419.4676037065919
6.5,-57.5,419.4100584092169
6.5,-56.5,419.3350436799505
6.5,-55.5,419.3153634292633
6.5,-54.5,419.29626285686817
6.5,-53.5,419.2967403236848
6.5,-52.5,419.3047151424204
6.5,-51.5,419.335767702137
6.5,-50.5,419.3295885041734
6.5,-49.5,419.3416954889632
6.5,-48.5,419.3528776039168
6.5,-47.5,419.3637298069608
6.5,-46.5,419.3737649113366
6.5,-45.5,419.3820778775797
6.5,-44.5,419.39084319735474
6.5,-43.5,419.3986806184416
6.5,-42.5,419.4048032242581
6.5,-41.5,419.41099468154937
6.5,-40.5,419.4177731564876
6.5,-39.5,419.4246051202844
6.5,-38.5,419.43153484759085
6.5,-37.5,419.43762449770486
6.5,-36.5,419.4431701228648
6.5,-35.5,419.4428863993489
6.5,-34.5,419.4436970627821
6.5,-33.5,419.4472997038417
6.5,-32.5,419.4381821080246
6.5,-31.5,419.4330810345809
6.5,-30.5,419.4277959627286
6.5,-29.5,419.4256827551996
6.5,-28.5,419.4261363318079
6.5,-27.5,419.430757932107
6.5,-26.5,419.4328564738856
6.5,-25.5,419.4374433038174
6.5,-24.5,419.441838186133
6.5,-23.5,419.4468278524172
6.5,-22.5,419.4514011556557
6.5,-21.5,419.4555181571977
6.5,-20.5,419.4532131139909
6.5,-19.5,419.4579670326586
6.5,-18.5,419.465447328045
6.5,-17.5,419.4685248920229
6.5,-16.5,419.4667369161926
6.5,-15.5,419.46783280017087
6.5,-14.5,419.4677166063872
6.5,-13.5,419.46831866928426
6.5,-12.5,419.4706091658785
6.5,-11.5,419.4669414298087
6.5,-10.5,419.5249930259951
6.5,-9.5,419.8608128612971
6.5,-8.5,419.8794249517059
6.5,-7.5,419.8278763800007
6.5,-6.5,419.5565723928929
6.5,-5.5,419.5557723899122
6.5,-4.5,419.5891416636308
6.5,-3.5,419.58331401548526
6.5,-2.5,419.5665076853042
6.5,-1.5,419.5819486098777
6.5,-0.5,419.6118879472214
6.5,0.5,419.67311613485134
6.5,1.5,419.691323851392
6.5,2.5,419.7747858659257
6.5,3.5,419.8370193634331
6.5,4.5,419.86385342105456
6.5,5.5,419.9499080771556
6.5,6.5,420.02562675140416
6.5,7.5,420.0942624266168
6.5,8.5,420.1303494994386
6.5,9.5,420.15112603517457
6.5,10.5,420.1505758145678
6.5,11.5,420.2949868950015
6.5,12.5,420.1478891579778
6.5,13.5,420.1212658735166
6.5,14.5,419.95769342524056
6.5,15.5,419.8158655469803
6.5,16.5,419.91602047502334
6.5,17.5,419.98769599067975
6.5,18.5,419.9849731002075
6.5,19.5,419.9298305643637
6.5,20.5,419.8556257890075
6.5,21.5,419.71195712227205
6.5,22.5,419.51562818609176
6.5,23.5,419.4727483004469
6.5,24.5,419.29971322160384
6.5,25.5,419.18462539968993
6.5,26.5,419.1388846140257
6.5,27.5,419.1537878331652
6.5,28.5,419.2052851459144
6.5,29.5,419.25644569954056
6.5,30.5,419.34992546283695
6.5,31.5,419.5004418872388
6.5,32.5,419.6380673948553
6.5,33.5,419.7569531567512
6.5,34.5,419.864971521961
6.5,35.5,419.73921667823794
6.5,36.5,419.64006108004463
6.5,37.5,419.55720721117547
6.5,38.5,419.1760595102814
6.5,39.5,418.9409936151491
6.5,40.5,418.9958340348069
6.5,41.5,419.0161169669703
6.5,42.5,419.0309615458569
6.5,43.5,418.9754693558971
6.5,44.5,418.94256017574514
6.5,45.5,418.9309061878952
6.5,46.5,418.9351726870455
6.5,47.5,418.9323295143664
6.5,48.5,418.9358156089486
6.5,49.5,418.94951138663225
6.5,50.5,418.9586111469416
6.5,51.5,418.9625335291355
6.5,52.5,418.9667402027948
6.5,53.5,418.9751875088053
6.5,54.5,418.986931364048
6.5,55.5,418.999810238788
6.5,56.5,419.013108318044
6.5,57.5,419.0268453602732
6.5,58.5,419.0440072982044
6.5,59.5,419.0640085644943
6.5,60.5,419.0881584082994
6.5,61.5,419.1096588219203
6.5,62.5,419.1304864858153
6.5,63.5,419.1521434432244
6.5,64.5,419.17507605947947
6.5,65.5,419.1979162183849
6.5,66.5,419.2195087354766
6.5,67.5,419.2409512353239
6.5,68.5,419.2692065553969
6.5,69.5,419.29775067221385
6.5,70.5,419.3280912115309
6.5,71.5,419.3594373867555
6.5,72.5,419.3942461528693
6.5,73.5,419.43134447106746
6.5,74.5,419.4700110346729
6.5,75.5,419.51128113076777
6.5,76.5,419.55387777258335
6.5,77.5,419.5864877958817
6.5,78.5,419.6077167245163
6.5,79.5,419.6227809691424
6.5,80.5,419.6000061993129
6.5,81.5,419.6485626184797
6.5,82.5,419.800355367422
6.5,83.5,419.8189350051173
6.5,84.5,419.8405799477002
6.5,85.5,419.8587231851778
6.5,86.5,419.8705358365335
6.5,87.5,419.8725990808065
6.5,88.5,419.8635997149137
6.5,89.5,419.85358484462665
6.5,90.5,419.8408708768848
6.5,91.5,419.8310915817816
6.5,92.5,419.8250652137809
6.5,93.5,419.8225053016921
6.5,94.5,419.8288987786588
6.5,95.5,419.8483226908053
6.5,96.5,419.8482218934279
6.5,97.5,419.8959438483193
6.5,98.5,419.9070791056707
6.5,99.5,419.8884969789884
6.5,100.5,419.9902981532513
6.5,101.5,419.998512805602
6.5,102.5,420.0275211162213
6.5,103.5,420.03285680877855
6.5,104.5,419.9884291934517
6.5,105.5,419.9908442171096
6.5,106.5,419.96568113997546
6.5,107.5,419.9342615425875
6.5,108.5,419.9015056793756
6.5,109.5,419.8739295386135
6.5,110.5,419.8527004580326
6.5,111.5,419.837504274219
6.5,112.5,419.8292567861528
6.5,113.5,419.8310960164478
6.5,114.5,419.84775004148105
6.5,115.5,419.8839819822198
6.5,116.5,419.96525412015467
6.5,117.5,419.9444021642209
6.5,118.5,419.8947298001098
6.5,119.5,419.82065348199495
6.5,120.5,419.7700517487349
6.5,121.5,419.7286985920676
6.5,122.5,419.7020700360266
6.5,123.5,419.7106971335167
6.5,124.5,419.67826993117313
6.5,125.5,419.6040911463415
6.5,126.5,419.6004292223642
6.5,127.5,419.5597430294217
6.5,128.5,419.526590473732
6.5,129.5,419.4990750755173
6.5,130.5,419.4812741249167
6.5,131.5,419.46728695887606
6.5,132.5,419.4533204526714
6.5,133.5,419.44027006673946
6.5,134.5,419.43507056522833
6.5,135.5,419.43180124645664
6.5,136.5,419.42910164074937
6.5,137.5,419.42655869117766
6.5,138.5,419.4205905486487
6.5,139.5,419.4125733631535
6.5,140.5,419.40158747178026
6.5,141.5,419.3863548188783
6.5,142.5,419.3683239917105
6.5,143.5,419.3489174944713
6.5,144.5,419.3313473489648
6.5,145.5,419.3197129508872
6.5,146.5,419.30947772258463
6.5,147.5,419.29972389813753
6.5,148.5,419.2919781662641
6.5,149.5,419.2868822126468
6.5,150.5,419.2831531815776
6.5,151.5,419.278553733755
6.5,152.5,419.2721338948011
6.5,153.5,419.265394017024
6.5,154.5,419.26005651165656
6.5,155.5,419.250261118305
6.5,156.5,419.2447376837042
6.5,157.5,419.2423935513243
6.5,158.5,419.2494119913496
6.5,159.5,419.2448640881368
6.5,160.5,419.2453219892674
6.5,161.5,419.2455963950287
6.5,162.5,419.2477267741648
6.5,163.5,419.2506889602564
6.5,164.5,419.255247840803
6.5,165.5,419.258697646027
6.5,166.5,419.2637713561217
6.5,167.5,419.2684872142584
6.5,168.5,419.27362443948175
6.5,169.5,419.2801806443091
6.5,170.5,419.2882520853318
6.5,171.5,419.2962981710989
6.5,172.5,419.30286225294753
6.5,173.5,419.3075794340676
6.5,174.5,419.3122513452204
6.5,175.5,419.3162028926177
6.5,176.5,419.319311558011
6.5,177.5,419.3210000720884
6.5,178.5,419.3215006084717
6.5,179.5,419.3169752766405
7.5,-179.5,419.43462373943805
7.5,-178.5,419.4303380414475
7.5,-177.5,419.4257166564358
7.5,-176.5,419.4212834584671
7.5,-175.5,419.418162331869
7.5,-174.5,419.4139143664836
7.5,-173.5,419.4080983117293
7.5,-172.5,419.4025976646065
7.5,-171.5,419.3969786919375
7.5,-170.5,419.3918795308065
7.5,-169.5,419.387183277412
7.5,-168.5,419.38301273862686
7.5,-167.5,419.3782460295721
7.5,-166.5,419.3743581135514
7.5,-165.5,419.3723636410168
7.5,-164.5,419.37043702873086
7.5,-163.5,419.3686089280019
7.5,-162.5,419.36810750075153
7.5,-161.5,419.3688903499326
7.5,-160.5,419.3709206567001
7.5,-159.5,419.3738248552719
7.5,-158.5,419.37693759408535
7.5,-157.5,419.3786317422209
7.5,-156.5,419.3804530775388
7.5,-155.5,419.3823141269999
7.5,-154.5,419.38491469952345
7.5,-153.5,419.38857279513024
7.5,-152.5,419.3921675165793
7.5,-151.5,419.3961888999776
7.5,-150.5,419.4029495112725
7.5,-149.5,419.4080930064175
7.5,-148.5,419.4134039583013
7.5,-147.5,419.417279403703
7.5,-146.5,419.4197109240653
7.5,-145.5,419.4197787155324
7.5,-144.5,419.41555978238
7.5,-143.5,419.41413478253696
7.5,-142.5,419.4129873503107
7.5,-141.5,419.40969350569407
7.5,-140.5,419.4057567307188
7.5,-139.5,419.4022689445935
7.5,-138.5,419.39908649019486
7.5,-137.5,419.39430291605424
7.5,-136.5,419.3790670270953
7.5,-135.5,419.37257372419487
7.5,-134.5,419.365928941523
7.5,-133.5,419.35880453438665
7.5,-132.5,419.34980738794286
7.5,-131.5,419.3382019289839
7.5,-130.5,419.3290939361607
7.5,-129.5,419.3211000132581
7.5,-128.5,419.3067715429873
7.5,-127.5,419.2993076101423
7.5,-126.5,419.2917217042208
7.5,-125.5,419.283188438425
7.5,-124.5,419.2786406802513
7.5,-123.5,419.27017483136376
7.5,-122.5,419.259740858857
7.5,-121.5,419.2501339425054
7.5,-120.5,419.2432250886795
7.5,-119.5,419.2371086714375
7.5,-118.5,419.2258755250266
7.5,-117.5,419.2173354065053
7.5,-116.5,419.2154172789082
7.5,-115.5,419.2162183014146
7.5,-114.5,419.22016965422574
7.5,-113.5,419.2182653366325
7.5,-112.5,419.2152394514314
7.5,-111.5,419.213836498983
7.5,-110.5,419.2151518023369
7.5,-109.5,419.2173608957028
7.5,-108.5,419.22134477831
7.5,-107.5,419.22516720997726
7.5,-106.5,419.23508355307706
7.5,-105.5,419.2391575516548
7.5,-104.5,419.2477043722528
7.5,-103.5,419.2463764464718
7.5,-102.5,419.2338420508287
7.5,-101.5,419.2315607409698
7.5,-100.5,419.2300952539827
7.5,-99.5,419.22927948079774
7.5,-98.5,419.2188426191245
7.5,-97.5,419.2158281231728
7.5,-96.5,419.2196523597022
7.5,-95.5,419.218605510161
7.5,-94.5,419.2207269825786
7.5,-93.5,419.2240801868347
7.5,-92.5,419.2273511691765
7.5,-91.5,419.2326132189506
7.5,-90.5,419.231383534506
7.5,-89.5,419.22619017071406
7.5,-88.5,419.2198692166263
7.5,-87.5,419.2113448074523
7.5,-86.5,419.23252041779295
7.5,-85.5,419.2348061009064
7.5,-84.5,419.256822965016
7.5,-83.5,419.3058973517186
7.5,-82.5,419.3228149661652
7.5,-81.5,419.34102283533406
7.5,-80.5,419.3636703558186
7.5,-79.5,419.4098682111004
7.5,-78.5,419.4245172217976
7.5,-77.5,419.4123761251476
7.5,-76.5,419.45929455568046
7.5,-75.5,419.36851361025737
7.5,-74.5,419.4721369683827
7.5,-73.5,419.6790946006985
7.5,-72.5,419.14447490656505
7.5,-71.5,419.4448582042031
7.5,-70.5,419.5767375140715
7.5,-69.5,419.5683558099719
7.5,-68.5,419.575103916742
7.5,-67.5,419.5884204909534
7.5,-66.5,419.58577611315417
7.5,-65.5,419.5730041757466
7.5,-64.5,419.4858416001149
7.5,-63.5,419.4702449788599
7.5,-62.5,419.44992660797465
7.5,-61.5,419.44164994136486
7.5,-60.5,419.4486989257317
7.5,-59.5,419.3768088826585
7.5,-58.5,419.32551208044487
7.5,-57.5,419.2669370925036
7.5,-56.5,419.2569708635032
7.5,-55.5,419.2572929046663
7.5,-54.5,419.26332256432096
7.5,-53.5,419.27421334799664
7.5,-52.5,419.28494459994687
7.5,-51.5,419.2952690011959
7.5,-50.5,419.3051747127584
7.5,-49.5,419.3150792082302
7.5,-48.5,419.3246254964371
7.5,-47.5,419.3347976941819
7.5,-46.5,419.3453047981662
7.5,-45.5,419.3538833852964
7.5,-44.5,419.363157728272
7.5,-43.5,419.3728098825218
7.5,-42.5,419.3806807024206
7.5,-41.5,419.38656555841766
7.5,-40.5,419.39140987966846
7.5,-39.5,419.3982677972794
7.5,-38.5,419.4053004219313
7.5,-37.5,419.4131829161986
7.5,-36.5,419.41883311791577
7.5,-35.5,419.4228914762217
7.5,-34.5,419.4238850158771
7.5,-33.5,419.4224401424387
7.5,-32.5,419.4181118346991
7.5,-31.5,419.4155639589041
7.5,-30.5,419.41565950578
7.5,-29.5,419.416917867536
7.5,-28.5,419.420749163521
7.5,-27.5,419.4226738187791
7.5,-26.5,419.4234342736345
7.5,-25.5,419.42715948486887
7.5,-24.5,419.4348639420624
7.5,-23.5,419.4457460246703
7.5,-22.5,419.4546168518349
7.5,-21.5,419.4611114939165
7.5,-20.5,419.4692373774552
7.5,-19.5,419.4771133953044
7.5,-18.5,419.4900177864863
7.5,-17.5,419.50314810108216
7.5,-16.5,419.5086926831907
7.5,-15.5,419.5152530037333
7.5,-14.5,419.537332788054
7.5,-13.5,419.5735863244098
7.5,-12.5,419.8571762435501
7.5,-11.5,420.0189355157123
7.5,-10.5,420.0502390033472
7.5,-9.5,420.2704961537233
7.5,-8.5,419.369412941438
7.5,-7.5,420.2258076017568
7.5,-6.5,420.220610045124
7.5,-5.5,420.0700658652989
7.5,-4.5,419.94366005487984
7.5,-3.5,419.7080103123431
7.5,-2.5,419.6642153986471
7.5,-1.5,419.698405393071
7.5,-0.5,419.72580533087176
7.5,0.5,419.660862940128
7.5,1.5,419.69739233478816
7.5,2.5,419.804540716262
7.5,3.5,419.806242565696
7.5,4.5,419.8910811176443
7.5,5.5,419.86541029894113
7.5,6.5,419.98751868662265
7.5,7.5,420.0376396450541
7.5,8.5,420.0862267081693
7.5,9.5,420.1664989567203
7.5,10.5,420.1998709044328
7.5,11.5,420.1394200925636
7.5,12.5,419.9914154622559
7.5,13.5,419.97679689638295
7.5,14.5,419.8226214889796
7.5,15.5,419.81954889523865
7.5,16.5,419.8930182530638
7.5,17.5,419.9616596582107
7.5,18.5,419.959740804004
7.5,19.5,419.9087184320121
7.5,20.5,419.798263234296
7.5,21.5,419.6225239882946
7.5,22.5,419.4942186949938
7.5,23.5,419.3602357937328
7.5,24.5,419.2086282055764
7.5,25.5,419.1209933217528
7.5,26.5,419.1036737338403
7.5,27.5,419.1035383116332
7.5,28.5,419.0877105666574
7.5,29.5,419.1468926329781
7.5,30.5,419.24585305862905
7.5,31.5,419.3941855398629
7.5,32.5,419.5796595898376
7.5,33.5,419.845693431975
7.5,34.5,420.070876482992
7.5,35.5,419.75389097144193
7.5,36.5,419.742333950072
7.5,37.5,419.643086459535
7.5,38.5,419.3359771970317
7.5,39.5,419.0833467953952
7.5,40.5,419.1065302124787
7.5,41.5,419.08451936592894
7.5,42.5,419.0511766866
7.5,43.5,419.0193594872572
7.5,44.5,418.9843805573422
7.5,45.5,418.9827234820356
7.5,46.5,418.9800727147077
7.5,47.5,418.9607616676669
7.5,48.5,418.95639820618607
7.5,49.5,418.9668586361978
7.5,50.5,418.9799165373869
7.5,51.5,418.98248754282656
7.5,52.5,418.9837146145756
7.5,53.5,418.98944798621375
7.5,54.5,418.9998704801492
7.5,55.5,419.01392112322753
7.5,56.5,419.0280700213247
7.5,57.5,419.0408407431541
7.5,58.5,419.05795740828
7.5,59.5,419.0797634348928
7.5,60.5,419.1020990383167
7.5,61.5,419.1217365063946
7.5,62.5,419.14023669855374
7.5,63.5,419.1590177076556
7.5,64.5,419.17976707669794
7.5,65.5,419.2009804281298
7.5,66.5,419.2187663653749
7.5,67.5,419.2384440810763
7.5,68.5,419.2612778490632
7.5,69.5,419.2879315496963
7.5,70.5,419.31912149536
7.5,71.5,419.3590842683043
7.5,72.5,419.3966202729199
7.5,73.5,419.4334430168366
7.5,74.5,419.4745548061
7.5,75.5,419.5220563005815
7.5,76.5,419.5715106039328
7.5,77.5,419.6117363848131
7.5,78.5,419.6368830019039
7.5,79.5,419.6768831160159
7.5,80.5,419.5669240233969
7.5,81.5,419.7574434555957
7.5,82.5,419.8261911147373
7.5,83.5,419.8507655977306
7.5,84.5,419.8788940053286
7.5,85.5,419.9037019559751
7.5,86.5,419.9238591904065
7.5,87.5,419.9342433689236
7.5,88.5,419.9352455972725
7.5,89.5,419.9362240864788
7.5,90.5,419.9351385699989
7.5,91.5,419.9344249537088
7.5,92.5,419.9249487022987
7.5,93.5,419.9126688977371
7.5,94.5,419.9153024653406
7.5,95.5,419.9168969494231
7.5,96.5,419.9189192938278
7.5,97.5,419.8918993041658
7.5,98.5,419.9254604834653
7.5,99.5,419.972543989998
7.5,100.5,419.9968728664947
7.5,101.5,420.0322516462708
7.5,102.5,420.0271089488112
7.5,103.5,420.0255134325927
7.5,104.5,420.02295629895445
7.5,105.5,420.01439256726246
7.5,106.5,419.9957772993672
7.5,107.5,419.9843023875682
7.5,108.5,419.96301000039233
7.5,109.5,419.9319690442071
7.5,110.5,419.903477432316
7.5,111.5,419.8809793535469
7.5,112.5,419.8634974792568
7.5,113.5,419.8561916195123
7.5,114.5,419.859228882341
7.5,115.5,419.868723994604
7.5,116.5,419.8919305170648
7.5,117.5,419.9017054709306
7.5,118.5,419.8899452846972
7.5,119.5,419.8609049462869
7.5,120.5,419.82687055465
7.5,121.5,419.7975872321143
7.5,122.5,419.760850065982
7.5,123.5,419.74486017650673
7.5,124.5,419.7428632823775
7.5,125.5,419.68895182267926
7.5,126.5,419.6486778021744
7.5,127.5,419.61887513540927
7.5,128.5,419.5817827501395
7.5,129.5,419.5519346471357
7.5,130.5,419.5309577074816
7.5,131.5,419.5147444040745
7.5,132.5,419.50261330335337
7.5,133.5,419.4952826328532
7.5,134.5,419.4907585987143
7.5,135.5,419.48504209704674
7.5,136.5,419.4877791036314
7.5,137.5,419.487228749919
7.5,138.5,419.48237183254656
7.5,139.5,419.4752120289077
7.5,140.5,419.464527122913
7.5,141.5,419.44937207716345
7.5,142.5,419.4307210641801
7.5,143.5,419.4095414189785
7.5,144.5,419.3933313594515
7.5,145.5,419.38062466339824
7.5,146.5,419.3702205460326
7.5,147.5,419.36244010486826
7.5,148.5,419.3549578693131
7.5,149.5,419.34895391702406
7.5,150.5,419.34592231680784
7.5,151.5,419.3391841725913
7.5,152.5,419.33897234750896
7.5,153.5,419.3383918817798
7.5,154.5,419.3387625583495
7.5,155.5,419.3370531508757
7.5,156.5,419.334805796074
7.5,157.5,419.3325346281979
7.5,158.5,419.3325485445957
7.5,159.5,419.334750672819
7.5,160.5,419.33787920630766
7.5,161.5,419.3389671962343
7.5,162.5,419.3403000747803
7.5,163.5,419.34411538650704
7.5,164.5,419.3497323646886
7.5,165.5,419.35511183521095
7.5,166.5,419.360316899968
7.5,167.5,419.3667311124413
7.5,168.5,419.3738572025549
7.5,169.5,419.38008062032753
7.5,170.5,419.390152957889
7.5,171.5,419.3992030782216
7.5,172.5,419.428692841494
7.5,173.5,419.4142231473592
7.5,174.5,419.42114748221206
7.5,175.5,419.4264606478339
7.5,176.5,419.4318670979602
7.5,177.5,419.4352454988848
7.5,178.5,419.4369096104962
7.5,179.5,419.4366851464529
8.5,-179.5,419.538744606837
8.5,-178.5,419.5338444890533
8.5,-177.5,419.52747182205
8.5,-176.5,419.52098496374725
8.5,-175.5,419.51575678465633
8.5,-174.5,419.510809939064
8.5,-173.5,419.5048233889489
8.5,-172.5,419.4978651186945
8.5,-171.5,419.4888339091608
8.5,-170.5,419.4805703799277
8.5,-169.5,419.47417685236303
8.5,-168.5,419.4683951662932
8.5,-167.5,419.4621301798156
8.5,-166.5,419.4551087997822
8.5,-165.5,419.4481980998125
8.5,-164.5,419.4424621296654
8.5,-163.5,419.438206908468
8.5,-162.5,419.43594104862245
8.5,-161.5,419.43696441536974
8.5,-160.5,419.4370153395849
8.5,-159.5,419.4369924083621
8.5,-158.5,419.4387618854836
8.5,-157.5,419.4412310932535
8.5,-156.5,419.44349294054734
8.5,-155.5,419.447348457795
8.5,-154.5,419.4494819807906
8.5,-153.5,419.4522887507276
8.5,-152.5,419.4767333600458
8.5,-151.5,419.4592383041318
8.5,-150.5,419.46351256548047
8.5,-149.5,419.46755181359134
8.5,-148.5,419.4713115491937
8.5,-147.5,419.4748873516955
8.5,-146.5,419.4776379220528
8.5,-145.5,419.478506152488
8.5,-144.5,419.4789347375988
8.5,-143.5,419.4790697107054
8.5,-142.5,419.4792850237064
8.5,-141.5,419.47925219673294
8.5,-140.5,419.4786021228448
8.5,-139.5,419.47621830442097
8.5,-138.5,419.47223667456296
8.5,-137.5,419.46736329833806
8.5,-136.5,419.4621754792649
8.5,-135.5,419.45523016234125
8.5,-134.5,419.4480547713471
8.5,-133.5,419.4416740601706
8.5,-132.5,419.43454998901353
8.5,-131.5,419.4185470979727
8.5,-130.5,419.408626055565
8.5,-129.5,419.40095972963456
8.5,-128.5,419.3930171461631
8.5,-127.5,419.388592087712
8.5,-126.5,419.3788957522575
8.5,-125.5,419.3630555934938
8.5,-124.5,419.3528639790023
8.5,-123.5,419.34450099474265
8.5,-122.5,419.3360169288549
8.5,-121.5,419.3267419983355
8.5,-120.5,419.3182263209573
8.5,-119.5,419.3066034422664
8.5,-118.5,419.29873170136767
8.5,-117.5,419.2927565587145
8.5,-116.5,419.2894016279982
8.5,-115.5,419.2878804743535
8.5,-114.5,419.28515344358703
8.5,-113.5,419.2821481056728
8.5,-112.5,419.2792285103778
8.5,-111.5,419.2774960390308
8.5,-110.5,419.27777993929897
8.5,-109.5,419.2779328551292
8.5,-108.5,419.2799556260822
8.5,-107.5,419.28148288402696
8.5,-106.5,419.2837666287171
8.5,-105.5,419.28550031414267
8.5,-104.5,419.28908657801065
8.5,-103.5,419.314692236334
8.5,-102.5,419.3099016173693
8.5,-101.5,419.2772590517047
8.5,-100.5,419.27640769645166
8.5,-99.5,419.2912921470397
8.5,-98.5,419.2849942309373
8.5,-97.5,419.2702213360896
8.5,-96.5,419.2778024367309
8.5,-95.5,419.26539258662046
8.5,-94.5,419.26411064497216
8.5,-93.5,419.2669390886134
8.5,-92.5,419.2734259508873
8.5,-91.5,419.2787265871212
8.5,-90.5,419.2807197163271
8.5,-89.5,419.2889018570789
8.5,-88.5,419.2737625139846
8.5,-87.5,419.2669745330677
8.5,-86.5,419.2686822914976
8.5,-85.5,419.25951875962977
8.5,-84.5,419.2775510089892
8.5,-83.5,419.2786412915911
8.5,-82.5,419.249543650302
8.5,-81.5,419.2938679563865
8.5,-80.5,419.3411045392863
8.5,-79.5,419.41439146609264
8.5,-78.5,419.41524731747626
8.5,-77.5,419.4531398476457
8.5,-76.5,419.45222427488056
8.5,-75.5,419.49779083406816
8.5,-74.5,419.4982213978805
8.5,-73.5,419.3645253863766
8.5,-72.5,419.5164383217147
8.5,-71.5,419.27750958904375
8.5,-70.5,419.29225216323226
8.5,-69.5,419.53008787710746
8.5,-68.5,419.54144350103775
8.5,-67.5,419.55050625382034
8.5,-66.5,419.55501151739065
8.5,-65.5,419.5196252361763
8.5,-64.5,419.4762867948877
8.5,-63.5,419.46766780526127
8.5,-62.5,419.4315061826189
8.5,-61.5,419.391431576445
8.5,-60.5,419.3068701674524
8.5,-59.5,419.2620274359282
8.5,-58.5,419.2417520359212
8.5,-57.5,419.23679789156506
8.5,-56.5,419.2353695750347
8.5,-55.5,419.23693073778
8.5,-54.5,419.2408051760996
8.5,-53.5,419.2484205756385
8.5,-52.5,419.2568788845277
8.5,-51.5,419.2653864406706
8.5,-50.5,419.2736760743889
8.5,-49.5,419.2810505669719
8.5,-48.5,419.2882681810202
8.5,-47.5,419.3253959793643
8.5,-46.5,419.303275640265
8.5,-45.5,419.3118131535218
8.5,-44.5,419.32206768820265
8.5,-43.5,419.3325230482464
8.5,-42.5,419.3433978116796
8.5,-41.5,419.3488672030156
8.5,-40.5,419.3538083659042
8.5,-39.5,419.3600946418564
8.5,-38.5,419.3666482588909
8.5,-37.5,419.3734250373355
8.5,-36.5,419.3790436136945
8.5,-35.5,419.38160258746535
8.5,-34.5,419.38319629758655
8.5,-33.5,419.38375496458616
8.5,-32.5,419.3837151412835
8.5,-31.5,419.3844223803796
8.5,-30.5,419.3857685015412
8.5,-29.5,419.3889488486899
8.5,-28.5,419.3928681300773
8.5,-27.5,419.40668405138143
8.5,-26.5,419.3999929396745
8.5,-25.5,419.4067511311471
8.5,-24.5,419.4154923983299
8.5,-23.5,419.4270366557585
8.5,-22.5,419.4409069288412
8.5,-21.5,419.45458538144624
8.5,-20.5,419.4703118397662
8.5,-19.5,419.4879244524016
8.5,-18.5,419.50265561231487
8.5,-17.5,419.51991862099214
8.5,-16.5,419.5409449845191
8.5,-15.5,419.5656704282006
8.5,-14.5,419.6156067166232
8.5,-13.5,419.6883004381046
8.5,-12.5,419.5295862838341
8.5,-11.5,420.0645556641499
8.5,-10.5,420.1555992919032
8.5,-9.5,420.3177799113336
8.5,-8.5,420.253253051736
8.5,-7.5,420.31380914143625
8.5,-6.5,420.2818824457602
8.5,-5.5,419.4148191786838
8.5,-4.5,420.0353341889376
8.5,-3.5,419.8710717464219
8.5,-2.5,419.82991538752407
8.5,-1.5,419.8848369119359
8.5,-0.5,419.9154558071152
8.5,0.5,419.7942719966402
8.5,1.5,419.6028182166062
8.5,2.5,419.72099215870736
8.5,3.5,419.7109000096999
8.5,4.5,419.8031676903738
8.5,5.5,419.9658392145562
8.5,6.5,420.0942907418936
8.5,7.5,419.9925517760369
8.5,8.5,420.0154806144607
8.5,9.5,419.986421443543
8.5,10.5,420.061882911405
8.5,11.5,420.0505350401159
8.5,12.5,420.1347743232527
8.5,13.5,420.1677014860704
8.5,14.5,420.0832551358317
8.5,15.5,419.94997508312434
8.5,16.5,419.90756864108425
8.5,17.5,419.88495785508286
8.5,18.5,419.92699853053375
8.5,19.5,419.8590497947898
8.5,20.5,419.7797518503064
8.5,21.5,419.6236993968275
8.5,22.5,419.4294712120817
8.5,23.5,419.2287946016749
8.5,24.5,419.11835536116746
8.5,25.5,419.06522407418913
8.5,26.5,419.0446762635352
8.5,27.5,419.0128244077072
8.5,28.5,419.0266001079312
8.5,29.5,419.0635688189184
8.5,30.5,419.1153465090763
8.5,31.5,419.24265740944514
8.5,32.5,419.4364903608261
8.5,33.5,419.6891937528105
8.5,34.5,419.9333042078166
8.5,35.5,419.8076844978623
8.5,36.5,419.8128461476227
8.5,37.5,419.5342245794649
8.5,38.5,419.312259584386
8.5,39.5,419.1970824634669
8.5,40.5,419.18558650655086
8.5,41.5,419.13199287547735
8.5,42.5,419.0863054482078
8.5,43.5,419.0253662152842
8.5,44.5,419.0094570715006
8.5,45.5,419.00487090934126
8.5,46.5,418.9927507430087
8.5,47.5,418.9966884812642
8.5,48.5,419.0067969998505
8.5,49.5,419.00396603691297
8.5,50.5,419.01288052089575
8.5,51.5,419.0082519163285
8.5,52.5,419.0055322278308
8.5,53.5,419.0075401405775
8.5,54.5,419.0154416379204
8.5,55.5,419.0277946511869
8.5,56.5,419.04037665066426
8.5,57.5,419.05241209293575
8.5,58.5,419.0683488100006
8.5,59.5,419.0897612107007
8.5,60.5,419.1100408110255
8.5,61.5,419.1274847709173
8.5,62.5,419.1280972801532
8.5,63.5,419.16278656175206
8.5,64.5,419.1797356163081
8.5,65.5,419.1962819851428
8.5,66.5,419.2136079485002
8.5,67.5,419.22974092398846
8.5,68.5,419.2480463223804
8.5,69.5,419.2697323171906
8.5,70.5,419.2971360283253
8.5,71.5,419.3293626874348
8.5,72.5,419.36632802563184
8.5,73.5,419.406003279525
8.5,74.5,419.449498930544
8.5,75.5,419.5000009464636
8.5,76.5,419.5540394043524
8.5,77.5,419.6065585470863
8.5,78.5,419.6663583498369
8.5,79.5,419.67071860934
8.5,80.5,419.69346663474266
8.5,81.5,419.7793785096018
8.5,82.5,419.8287339027948
8.5,83.5,419.85568231412776
8.5,84.5,419.8561056681775
8.5,85.5,419.9048664725485
8.5,86.5,419.9320567567035
8.5,87.5,419.9515981223376
8.5,88.5,419.9662315983581
8.5,89.5,419.9813539718818
8.5,90.5,419.9995414366312
8.5,91.5,420.0081428375835
8.5,92.5,420.0085817080656
8.5,93.5,419.9508652535428
8.5,94.5,419.957022957843
8.5,95.5,419.987395763205
8.5,96.5,419.9794253231793
8.5,97.5,419.9574930245632
8.5,98.5,419.96344145345336
8.5,99.5,420.0158911602273
8.5,100.5,420.0736490861325
8.5,101.5,420.0793842908339
8.5,102.5,420.0743442803304
8.5,103.5,420.0655110288048
8.5,104.5,420.06268652514245
8.5,105.5,420.0672661923256
8.5,106.5,420.0537447482378
8.5,107.5,420.0429597011311
8.5,108.5,420.0281545598114
8.5,109.5,419.99923134958175
8.5,110.5,419.9691450249066
8.5,111.5,419.9426758770279
8.5,112.5,419.9199581396293
8.5,113.5,419.9037155667951
8.5,114.5,419.896162100836
8.5,115.5,419.89372934771416
8.5,116.5,419.8934432887203
8.5,117.5,419.88031351344887
8.5,118.5,419.893973953044
8.5,119.5,419.8837099676365
8.5,120.5,419.864659396606
8.5,121.5,419.8439507177698
8.5,122.5,419.8181115449854
8.5,123.5,419.819063993539
8.5,124.5,419.7335067242181
8.5,125.5,419.6776478746615
8.5,126.5,419.7306834615287
8.5,127.5,419.6786827350696
8.5,128.5,419.6373699337506
8.5,129.5,419.6074169485304
8.5,130.5,419.58545984612186
8.5,131.5,419.569979412587
8.5,132.5,419.5625503845146
8.5,133.5,419.5559722370689
8.5,134.5,419.55225307477474
8.5,135.5,419.5509480556351
8.5,136.5,419.5440373221471
8.5,137.5,419.54475353177617
8.5,138.5,419.5388022676862
8.5,139.5,419.52954565362046
8.5,140.5,419.5178383863898
8.5,141.5,419.5031818790238
8.5,142.5,419.4875335211639
8.5,143.5,419.4736155993906
8.5,144.5,419.4606082993322
8.5,145.5,419.4489246381215
8.5,146.5,419.4414377542994
8.5,147.5,419.43546154214135
8.5,148.5,419.4280601052041
8.5,149.5,419.4197478503454
8.5,150.5,419.4144559268544
8.5,151.5,419.41276333391056
8.5,152.5,419.4166831680741
8.5,153.5,419.4214389654872
8.5,154.5,419.4237728652776
8.5,155.5,419.4253855513487
8.5,156.5,419.4255186409728
8.5,157.5,419.4251203081534
8.5,158.5,419.4282361878137
8.5,159.5,419.43323614976026
8.5,160.5,419.43694919694406
8.5,161.5,419.4374893261255
8.5,162.5,419.4381682043285
8.5,163.5,419.4416789589108
8.5,164.5,419.44662734019886
8.5,165.5,419.4528203775824
8.5,166.5,419.45825570891753
8.5,167.5,419.46535698186
8.5,168.5,419.4732995757952
8.5,169.5,419.4822538950344
8.5,170.5,419.4907037021695
8.5,171.5,419.4991865092889
8.5,172.5,419.506296359618
8.5,173.5,419.5136851177206
8.5,174.5,419.5208879096344
8.5,175.5,419.5269157716964
8.5,176.5,419.5331959833647
8.5,177.5,419.5375447622694
8.5,178.5,419.55978951902426
8.5,179.5,419.5406825052559
9.5,-179.5,419.6286437833504
9.5,-178.5,419.62614323585046
9.5,-177.5,419.6206793386714
9.5,-176.5,419.6137097988221
9.5,-175.5,419.606390922192
9.5,-174.5,419.6216888603655
9.5,-173.5,419.5914753219505
9.5,-172.5,419.582731180064
9.5,-171.5,419.5727902413098
9.5,-170.5,419.5639628122472
9.5,-169.5,419.5555475675146
9.5,-168.5,419.5484318056896
9.5,-167.5,419.5413044635352
9.5,-166.5,419.53336039502847
9.5,-165.5,419.5248586328907
9.5,-164.5,419.51855945738856
9.5,-163.5,419.5122959192209
9.5,-162.5,419.5076290428051
9.5,-161.5,419.5047559895272
9.5,-160.5,419.5030106171872
9.5,-159.5,419.5011594906688
9.5,-158.5,419.4991827914956
9.5,-157.5,419.5005327173827
9.5,-156.5,419.50054204478187
9.5,-155.5,419.5003353699113
9.5,-154.5,419.5007648386581
9.5,-153.5,419.5027450634911
9.5,-152.5,419.5062403947951
9.5,-151.5,419.5088174778615
9.5,-150.5,419.5114256965067
9.5,-149.5,419.5139528983537
9.5,-148.5,419.51535117381326
9.5,-147.5,419.5169668170371
9.5,-146.5,419.51941747262856
9.5,-145.5,419.522995742181
9.5,-144.5,419.5251490716442
9.5,-143.5,419.5266083360285
9.5,-142.5,419.5275685696416
9.5,-141.5,419.5280354395149
9.5,-140.5,419.52802450593305
9.5,-139.5,419.52639898825225
9.5,-138.5,419.52077510715
9.5,-137.5,419.5166708424949
9.5,-136.5,419.51323118961216
9.5,-135.5,419.50961472524335
9.5,-134.5,419.503829669037
9.5,-133.5,419.4987212653057
9.5,-132.5,419.49241653585136
9.5,-131.5,419.48639964619593
9.5,-130.5,419.4806456783234
9.5,-129.5,419.4703491796025
9.5,-128.5,419.46279521872657
9.5,-127.5,419.4550304282963
9.5,-126.5,419.4430820473335
9.5,-125.5,419.431678568617
9.5,-124.5,419.4232411997881
9.5,-123.5,419.4156901733282
9.5,-122.5,419.40404646139774
9.5,-121.5,419.39027389639824
9.5,-120.5,419.3787779958947
9.5,-119.5,419.3694063386343
9.5,-118.5,419.3620848375508
9.5,-117.5,419.3535945895164
9.5,-116.5,419.3447098190539
9.5,-115.5,419.336872486276
9.5,-114.5,419.3345703562033
9.5,-113.5,419.33419000007177
9.5,-112.5,419.3306109821837
9.5,-111.5,419.3263617409459
9.5,-110.5,419.3232206495484
9.5,-109.5,419.3202279630728
9.5,-108.5,419.3199340264912
9.5,-107.5,419.3172474573728
9.5,-106.5,419.3127633846056
9.5,-105.5,419.3122018253095
9.5,-104.5,419.3110186461896
9.5,-103.5,419.309294955796
9.5,-102.5,419.3048719580297
9.5,-101.5,419.3337498817075
9.5,-100.5,419.2943844811712
9.5,-99.5,419.31618595288575
9.5,-98.5,419.2837801903378
9.5,-97.5,419.284406247558
9.5,-96.5,419.29685259618606
9.5,-95.5,419.2911669649535
9.5,-94.5,419.279687880122
9.5,-93.5,419.2809866077306
9.5,-92.5,419.28194615403385
9.5,-91.5,419.2862682950199
9.5,-90.5,419.29043349727056
9.5,-89.5,419.2956721858891
9.5,-88.5,419.29935448160296
9.5,-87.5,419.2978492977701
9.5,-86.5,419.3019636007835
9.5,-85.5,419.3245332330436
9.5,-84.5,419.3473474149756
9.5,-83.5,419.2743614682571
9.5,-82.5,419.3584173518592
9.5,-81.5,419.3829934688597
9.5,-80.5,419.4000160742355
9.5,-79.5,419.4294815629004
9.5,-78.5,419.3889913408743
9.5,-77.5,419.45480778422086
9.5,-76.5,419.4793918323946
9.5,-75.5,419.4945535095201
9.5,-74.5,419.47485787442696
9.5,-73.5,419.3738453093416
9.5,-72.5,419.399631726237
9.5,-71.5,419.4772742108645
9.5,-70.5,419.3854820765525
9.5,-69.5,419.4286699083538
9.5,-68.5,419.4939872303946
9.5,-67.5,419.46392514157975
9.5,-66.5,419.4541801625115
9.5,-65.5,419.4826195555885
9.5,-64.5,419.4538445152044
9.5,-63.5,419.43161442484654
9.5,-62.5,419.3701351051508
9.5,-61.5,419.3445737909564
9.5,-60.5,419.2562480269184
9.5,-59.5,419.2401783797608
9.5,-58.5,419.23202541583487
9.5,-57.5,419.2262482841909
9.5,-56.5,419.25323811017705
9.5,-55.5,419.2202930434812
9.5,-54.5,419.2196761245649
9.5,-53.5,419.2212903133304
9.5,-52.5,419.22453486177534
9.5,-51.5,419.230561634335
9.5,-50.5,419.2389844387409
9.5,-49.5,419.2767900161552
9.5,-48.5,419.2493940629933
9.5,-47.5,419.2553106898428
9.5,-46.5,419.2609316689786
9.5,-45.5,419.2680032096672
9.5,-44.5,419.2761116226589
9.5,-43.5,419.32161637756064
9.5,-42.5,419.29651262443286
9.5,-41.5,419.30506459977937
9.5,-40.5,419.3126203840241
9.5,-39.5,419.3189180654432
9.5,-38.5,419.3236808280618
9.5,-37.5,419.3272330893949
9.5,-36.5,419.3314243373116
9.5,-35.5,419.3339121839086
9.5,-34.5,419.3353372391299
9.5,-33.5,419.3393795233709
9.5,-32.5,419.3441222704904
9.5,-31.5,419.3497505104695
9.5,-30.5,419.35464832720425
9.5,-29.5,419.3592152969751
9.5,-28.5,419.3632019999463
9.5,-27.5,419.3677356502216
9.5,-26.5,419.3753775293258
9.5,-25.5,419.38357609157447
9.5,-24.5,419.3941551772937
9.5,-23.5,419.4057551519208
9.5,-22.5,419.4213036516718
9.5,-21.5,419.4391175268622
9.5,-20.5,419.4596026708042
9.5,-19.5,419.48602404056703
9.5,-18.5,419.5130823974127
9.5,-17.5,419.5351821225182
9.5,-16.5,419.5582178210668
9.5,-15.5,419.5825365443689
9.5,-14.5,419.6238558285577
9.5,-13.5,419.7154865504882
9.5,-12.5,419.7983271623679
9.5,-11.5,419.8793381818844
9.5,-10.5,419.54074057652025
9.5,-9.5,419.4636533431692
9.5,-8.5,419.9180433335899
9.5,-7.5,419.8648625928805
9.5,-6.5,419.724975317164
9.5,-5.5,419.33148849986605
9.5,-4.5,419.7378505789048
9.5,-3.5,419.7484505246724
9.5,-2.5,419.7476605895087
9.5,-1.5,419.8632908102172
9.5,-0.5,419.84981758940336
9.5,0.5,419.8350397099098
9.5,1.5,419.7034349132956
9.5,2.5,419.7015838465904
9.5,3.5,419.6901037666111
9.5,4.5,419.8066996562984
9.5,5.5,419.9071077040056
9.5,6.5,419.9451669011272
9.5,7.5,419.7794346909199
9.5,8.5,419.66845494162
9.5,9.5,419.5418037602191
9.5,10.5,419.7870099484132
9.5,11.5,419.8462907147395
9.5,12.5,419.7729523020674
9.5,13.5,419.8413614487066
9.5,14.5,419.9349040829408
9.5,15.5,419.90396118601
9.5,16.5,419.8909280525487
9.5,17.5,419.8364697433415
9.5,18.5,419.8478832669877
9.5,19.5,419.809279591708
9.5,20.5,419.769697636582
9.5,21.5,419.6380869104908
9.5,22.5,419.4149550985922
9.5,23.5,419.1792883391246
9.5,24.5,419.1253740390145
9.5,25.5,419.04337486150274
9.5,26.5,418.9814675805917
9.5,27.5,418.9646893515948
9.5,28.5,418.9625459783256
9.5,29.5,418.98581181619255
9.5,30.5,419.0057483763732
9.5,31.5,419.0688007690104
9.5,32.5,419.2024269573254
9.5,33.5,419.4275759057016
9.5,34.5,419.4717986831675
9.5,35.5,419.5847641463576
9.5,36.5,419.8428825849975
9.5,37.5,419.7262228079598
9.5,38.5,419.45657157190266
9.5,39.5,419.2164833175551
9.5,40.5,419.4109410841802
9.5,41.5,419.2348558312141
9.5,42.5,419.1173214412584
9.5,43.5,419.0478044278427
9.5,44.5,419.0322098217596
9.5,45.5,419.0260810604306
9.5,46.5,419.0168394594037
9.5,47.5,419.0320218384162
9.5,48.5,419.0154924842208
9.5,49.5,419.0167966712798
9.5,50.5,419.03496191217096
9.5,51.5,419.044978049015
9.5,52.5,419.0336484847109
9.5,53.5,419.02764063002064
9.5,54.5,419.0310037870301
9.5,55.5,419.03950121416415
9.5,56.5,419.0487099256809
9.5,57.5,419.060188761615
9.5,58.5,419.0740054719562
9.5,59.5,419.0926600026864
9.5,60.5,419.1108483244991
9.5,61.5,419.1282513522317
9.5,62.5,419.14525642434296
9.5,63.5,419.16366319478425
9.5,64.5,419.17883392326127
9.5,65.5,419.1911823187369
9.5,66.5,419.20383438410266
9.5,67.5,419.2152294327816
9.5,68.5,419.22655207312687
9.5,69.5,419.2417557155593
9.5,70.5,419.2602257257504
9.5,71.5,419.287499197692
9.5,72.5,419.2749765860125
9.5,73.5,419.3607577772268
9.5,74.5,419.4083897168781
9.5,75.5,419.4721611675149
9.5,76.5,419.5601086527143
9.5,77.5,419.5333210241298
9.5,78.5,419.6305463227836
9.5,79.5,419.6675797022529
9.5,80.5,419.6891141418653
9.5,81.5,419.7353722817382
9.5,82.5,419.77516787664047
9.5,83.5,419.812450078348
9.5,84.5,419.8421854852637
9.5,85.5,419.8722589091536
9.5,86.5,419.90738239099926
9.5,87.5,419.9445678236116
9.5,88.5,419.972541152198
9.5,89.5,419.9977942330227
9.5,90.5,419.9710799885528
9.5,91.5,420.043592407021
9.5,92.5,420.0590935699762
9.5,93.5,420.06652607944966
9.5,94.5,420.1082838208731
9.5,95.5,420.050514644703
9.5,96.5,420.0447078041588
9.5,97.5,420.0254546731594
9.5,98.5,420.0144476559933
9.5,99.5,420.0990577858772
9.5,100.5,420.1194912944245
9.5,101.5,420.1353135373864
9.5,102.5,420.13555402813904
9.5,103.5,420.13155746721327
9.5,104.5,420.139036023534
9.5,105.5,420.1681167559772
9.5,106.5,420.1421582948881
9.5,107.5,420.1088024479999
9.5,108.5,420.10376187021967
9.5,109.5,420.0909269912941
9.5,110.5,420.0545520021452
9.5,111.5,420.0172699090424
9.5,112.5,419.988690652605
9.5,113.5,419.9679065646493
9.5,114.5,419.9522020639258
9.5,115.5,419.9388058360841
9.5,116.5,419.9268173518591
9.5,117.5,419.9103314240435
9.5,118.5,419.8937198250236
9.5,119.5,419.9023714932868
9.5,120.5,419.8937087318262
9.5,121.5,419.8802507297248
9.5,122.5,419.8567472114392
9.5,123.5,419.8319729928128
9.5,124.5,419.80419129414025
9.5,125.5,419.7876047825556
9.5,126.5,419.7709936641229
9.5,127.5,419.73411045941975
9.5,128.5,419.6919901212442
9.5,129.5,419.6628719784216
9.5,130.5,419.64454103170766
9.5,131.5,419.6290664152406
9.5,132.5,419.6169646979105
9.5,133.5,419.6090780289863
9.5,134.5,419.6056880734325
9.5,135.5,419.60451252064826
9.5,136.5,419.601999837477
9.5,137.5,419.5971697568001
9.5,138.5,419.5887870141544
9.5,139.5,419.57868148878936
9.5,140.5,419.5662753136684
9.5,141.5,419.5535874809569
9.5,142.5,419.5416809543209
9.5,143.5,419.5302919792694
9.5,144.5,419.52238640238
9.5,145.5,419.5167658918314
9.5,146.5,419.5132401647587
9.5,147.5,419.5093181882256
9.5,148.5,419.50204025845966
9.5,149.5,419.4945571751781
9.5,150.5,419.4900646282285
9.5,151.5,419.490648923548
9.5,152.5,419.4959367061983
9.5,153.5,419.502020623544
9.5,154.5,419.5081364778299
9.5,155.5,419.5117437159567
9.5,156.5,419.5137416825852
9.5,157.5,419.5165013764836
9.5,158.5,419.5222264883697
9.5,159.5,419.529833821011
9.5,160.5,419.53406441729993
9.5,161.5,419.5374299995795
9.5,162.5,419.5413851849031
9.5,163.5,419.5466546016581
9.5,164.5,419.5522641789893
9.5,165.5,419.5564743083583
9.5,166.5,419.5634738693753
9.5,167.5,419.5706849022744
9.5,168.5,419.57747551504497
9.5,169.5,419.5837353566489
9.5,170.5,419.5888235598158
9.5,171.5,419.59535124595584
9.5,172.5,419.6017964376584
9.5,173.5,419.6092116401479
9.5,174.5,419.61540953234766
9.5,175.5,419.62156270312704
9.5,176.5,419.6502100852623
9.5,177.5,419.6291792392413
9.5,178.5,419.62992138303866
9.5,179.5,419.6298574028416
10.5,-179.5,419.7119393038466
10.5,-178.5,419.7085972701331
10.5,-177.5,419.7031397658706
10.5,-176.5,419.6964800242959
10.5,-175.5,419.6881631021421
10.5,-174.5,419.6799661301412
10.5,-173.5,419.6709672857184
10.5,-172.5,419.6616498670649
10.5,-171.5,419.65249094977
10.5,-170.5,419.6438997799885
10.5,-169.5,419.63551897337976
10.5,-168.5,419.6275229246828
10.5,-167.5,419.61805813079
10.5,-166.5,419.6086418670933
10.5,-165.5,419.5995683447882
10.5,-164.5,419.5922898058608
10.5,-163.5,419.58538894971423
10.5,-162.5,419.5790810368501
10.5,-161.5,419.5738816578856
10.5,-160.5,419.56921466156416
10.5,-159.5,419.56480385064657
10.5,-158.5,419.5621968377806
10.5,-157.5,419.5591140796879
10.5,-156.5,419.5556908983222
10.5,-155.5,419.55168698752095
10.5,-154.5,419.54984487820633
10.5,-153.5,419.5500292880333
10.5,-152.5,419.5520370997229
10.5,-151.5,419.5527080980652
10.5,-150.5,419.5521433475688
10.5,-149.5,419.5537659107909
10.5,-148.5,419.5553412278881
10.5,-147.5,419.5565179969089
10.5,-146.5,419.5576214599239
10.5,-145.5,419.55796739928144
10.5,-144.5,419.5594594465887
10.5,-143.5,419.5601456398982
10.5,-142.5,419.5603817250782
10.5,-141.5,419.56169026089816
10.5,-140.5,419.5618576300979
10.5,-139.5,419.5604900922196
10.5,-138.5,419.5564312087254
10.5,-137.5,419.5519657082135
10.5,-136.5,419.5499172381181
10.5,-135.5,419.5483054283167
10.5,-134.5,419.5450643517885
10.5,-133.5,419.5407812131044
10.5,-132.5,419.5373424810489
10.5,-131.5,419.5345610742787
10.5,-130.5,419.5311694410281
10.5,-129.5,419.5233404081595
10.5,-128.5,419.5144918440944
10.5,-127.5,419.5053150585188
10.5,-126.5,419.4950510949596
10.5,-125.5,419.4860822168256
10.5,-124.5,419.4771970948333
10.5,-123.5,419.4666466192583
10.5,-122.5,419.4559631842688
10.5,-121.5,419.4448461604076
10.5,-120.5,419.43388588489165
10.5,-119.5,419.4242259299262
10.5,-118.5,419.41189581183215
10.5,-117.5,419.3993399253623
10.5,-116.5,419.3881014639021
10.5,-115.5,419.3778295378464
10.5,-114.5,419.4059737400827
10.5,-113.5,419.3653898646371
10.5,-112.5,419.358516155689
10.5,-111.5,419.3487939620909
10.5,-110.5,419.340377205872
10.5,-109.5,419.3782949062594
10.5,-108.5,419.3290968803022
10.5,-107.5,419.3243201230584
10.5,-106.5,419.3198528180744
10.5,-105.5,419.3166274137271
10.5,-104.5,419.313490246784
10.5,-103.5,419.3096306707761
10.5,-102.5,419.30471293428593
10.5,-101.5,419.2980774953576
10.5,-100.5,419.2908047393214
10.5,-99.5,419.3178938806787
10.5,-98.5,419.2773794164645
10.5,-97.5,419.2720411454226
10.5,-96.5,419.2649572723792
10.5,-95.5,419.2605851494226
10.5,-94.5,419.258135690848
10.5,-93.5,419.2587463163564
10.5,-92.5,419.2628603146844
10.5,-91.5,419.2671338095943
10.5,-90.5,419.2738973869753
10.5,-89.5,419.2848230017061
10.5,-88.5,419.2944739891043
10.5,-87.5,419.30208520847015
10.5,-86.5,419.2962653904033
10.5,-85.5,419.2438309244368
10.5,-84.5,419.2694917285362
10.5,-83.5,419.3523314600698
10.5,-82.5,419.3698956912973
10.5,-81.5,419.37190305293166
10.5,-80.5,419.37954945574063
10.5,-79.5,419.3888212612837
10.5,-78.5,419.3992474967313
10.5,-77.5,419.41484429799766
10.5,-76.5,419.4522722927576
10.5,-75.5,419.5503891170854
10.5,-74.5,419.5457486392158
10.5,-73.5,419.160649581457
10.5,-72.5,419.2206720291695
10.5,-71.5,419.4126953703027
10.5,-70.5,419.3101246480289
10.5,-69.5,419.3313996595365
10.5,-68.5,419.43513596284055
10.5,-67.5,419.4000790896158
10.5,-66.5,419.3869829947662
10.5,-65.5,419.4107831929539
10.5,-64.5,419.36914985560185
10.5,-63.5,419.3262037639212
10.5,-62.5,419.3488977201365
10.5,-61.5,419.36435158511216
10.5,-60.5,419.2458878490679
10.5,-59.5,419.2419559003083
10.5,-58.5,419.2330615300311
10.5,-57.5,419.2260735229219
10.5,-56.5,419.21802884204834
10.5,-55.5,419.2123304630146
10.5,-54.5,419.2078091662494
10.5,-53.5,419.2053331973302
10.5,-52.5,419.20526099610055
10.5,-51.5,419.2060637183141
10.5,-50.5,419.2084670159001
10.5,-49.5,419.2120968672992
10.5,-48.5,419.2156246798271
10.5,-47.5,419.2210642668115
10.5,-46.5,419.2282787011072
10.5,-45.5,419.23379596232377
10.5,-44.5,419.24017264544335
10.5,-43.5,419.24825810064544
10.5,-42.5,419.2565998938471
10.5,-41.5,419.2660890984359
10.5,-40.5,419.2742225532149
10.5,-39.5,419.2810232383303
10.5,-38.5,419.28515448021415
10.5,-37.5,419.2878291308146
10.5,-36.5,419.2890392902693
10.5,-35.5,419.2898883682261
10.5,-34.5,419.29232911456336
10.5,-33.5,419.2976645834221
10.5,-32.5,419.3041955000687
10.5,-31.5,419.3114701047401
10.5,-30.5,419.3173399290978
10.5,-29.5,419.3240011321576
10.5,-28.5,419.3305261635674
10.5,-27.5,419.3388020430958
10.5,-26.5,419.349128859881
10.5,-25.5,419.36126273215024
10.5,-24.5,419.3703219268028
10.5,-23.5,419.38062374848766
10.5,-22.5,419.3975195615989
10.5,-21.5,419.4170790855465
10.5,-20.5,419.4409870543375
10.5,-19.5,419.4700472138316
10.5,-18.5,419.5053891167333
10.5,-17.5,419.5436308682624
10.5,-16.5,419.57662366716335
10.5,-15.5,419.60138346613127
10.5,-14.5,419.65333364311095
10.5,-13.5,419.6971704178217
10.5,-12.5,419.6838156262089
10.5,-11.5,419.62687984671015
10.5,-10.5,419.7291405513727
10.5,-9.5,419.663036192406
10.5,-8.5,419.5473496120195
10.5,-7.5,419.64750044646456
10.5,-6.5,419.37724947505046
10.5,-5.5,419.2991353904653
10.5,-4.5,419.2886531046301
10.5,-3.5,419.4466194928552
10.5,-2.5,419.4846955594393
10.5,-1.5,419.5834644123211
10.5,-0.5,419.3557543854421
10.5,0.5,419.729974364035
10.5,1.5,419.6265586976428
10.5,2.5,419.68242050339137
10.5,3.5,419.4731411165502
10.5,4.5,419.7014248929098
10.5,5.5,419.5859214116786
10.5,6.5,419.6083025502333
10.5,7.5,419.508603198418
10.5,8.5,419.4438487909241
10.5,9.5,419.4428632798554
10.5,10.5,419.556280286231
10.5,11.5,419.6215939558618
10.5,12.5,419.579411192108
10.5,13.5,419.55927189941
10.5,14.5,419.60315903286414
10.5,15.5,419.7272813286176
10.5,16.5,419.80578229850687
10.5,17.5,419.82741341666247
10.5,18.5,419.7972639426636
10.5,19.5,419.8079809355938
10.5,20.5,419.7084367329989
10.5,21.5,419.572972949136
10.5,22.5,419.396003660413
10.5,23.5,419.238970571113
10.5,24.5,419.158172507503
10.5,25.5,419.0686932089166
10.5,26.5,419.0018734537701
10.5,27.5,418.938733463281
10.5,28.5,418.9259266921457
10.5,29.5,418.91098182998337
10.5,30.5,418.8953583457209
10.5,31.5,418.91147311337176
10.5,32.5,419.0118328245556
10.5,33.5,419.2064057367276
10.5,34.5,419.2879780403485
10.5,35.5,419.5109343545565
10.5,36.5,419.7330095696524
10.5,37.5,419.63586434287686
10.5,38.5,419.4660142192992
10.5,39.5,419.28684084851767
10.5,40.5,419.3821205622618
10.5,41.5,419.2911073210959
10.5,42.5,419.1948381316088
10.5,43.5,419.1873462646868
10.5,44.5,419.17269587424187
10.5,45.5,419.1163228848245
10.5,46.5,419.07933605342873
10.5,47.5,419.0532512880584
10.5,48.5,419.0484873773017
10.5,49.5,419.069047915703
10.5,50.5,419.0729852721794
10.5,51.5,419.0756317320289
10.5,52.5,419.06543066840766
10.5,53.5,419.05310330773966
10.5,54.5,419.050179861944
10.5,55.5,419.0512069028471
10.5,56.5,419.0557421402864
10.5,57.5,419.0647685920404
10.5,58.5,419.07864215201175
10.5,59.5,419.0945062281441
10.5,60.5,419.1076485494151
10.5,61.5,419.1226021719067
10.5,62.5,419.136536037658
10.5,63.5,419.15180940187537
10.5,64.5,419.1659905558354
10.5,65.5,419.1759824204301
10.5,66.5,419.1826927984165
10.5,67.5,419.187080434233
10.5,68.5,419.1930155687019
10.5,69.5,419.2036389006887
10.5,70.5,419.2190195906808
10.5,71.5,419.23508944971854
10.5,72.5,419.25766981890615
10.5,73.5,419.28389883123833
10.5,74.5,419.3252942936176
10.5,75.5,419.4121227502631
10.5,76.5,419.4367887029569
10.5,77.5,419.4748529760567
10.5,78.5,419.592601122294
10.5,79.5,419.66004855998233
10.5,80.5,419.6363425255852
10.5,81.5,419.6755595159435
10.5,82.5,419.7102440669888
10.5,83.5,419.7499954744123
10.5,84.5,419.79073960756136
10.5,85.5,419.8323231799687
10.5,86.5,419.8745680100628
10.5,87.5,419.9157864103693
10.5,88.5,419.9522097656936
10.5,89.5,419.9879911581374
10.5,90.5,420.0171113816578
10.5,91.5,420.04276310875446
10.5,92.5,420.0303335069324
10.5,93.5,420.0924906598198
10.5,94.5,420.1067511675176
10.5,95.5,420.0847332011296
10.5,96.5,420.09907821019993
10.5,97.5,420.1337544227198
10.5,98.5,420.12112118564346
10.5,99.5,420.18250822158495
10.5,100.5,420.1915216745559
10.5,101.5,420.1909016983879
10.5,102.5,420.18743622758296
10.5,103.5,420.18163027446246
10.5,104.5,420.2224204910201
10.5,105.5,420.2718539159581
10.5,106.5,420.4824590224448
10.5,107.5,420.2210018984018
10.5,108.5,420.2031412616437
10.5,109.5,420.1917432200365
10.5,110.5,420.15609290188144
10.5,111.5,420.1081440985986
10.5,112.5,420.0655414557272
10.5,113.5,420.0367127583721
10.5,114.5,420.0153981959226
10.5,115.5,419.9953492276021
10.5,116.5,419.9757236029892
10.5,117.5,419.958979785433
10.5,118.5,419.9426397319903
10.5,119.5,419.9248736213413
10.5,120.5,419.9237625972911
10.5,121.5,419.9107005724752
10.5,122.5,419.87757456813534
10.5,123.5,419.8878698126142
10.5,124.5,419.8324883253382
10.5,125.5,419.8289890721085
10.5,126.5,419.8112213472583
10.5,127.5,419.7780651892693
10.5,128.5,419.7456028900124
10.5,129.5,419.7182416041287
10.5,130.5,419.6966484467938
10.5,131.5,419.679884069182
10.5,132.5,419.6679744767873
10.5,133.5,419.6604981858175
10.5,134.5,419.6569017088428
10.5,135.5,419.6562282152362
10.5,136.5,419.65244685428667
10.5,137.5,419.6466580933904
10.5,138.5,419.6374571986146
10.5,139.5,419.6253709755632
10.5,140.5,419.6137385260789
10.5,141.5,419.6032937689306
10.5,142.5,419.59396216543934
10.5,143.5,419.5843536716711
10.5,144.5,419.5789600019891
10.5,145.5,419.577824046273
10.5,146.5,419.57948327620255
10.5,147.5,419.5799078220435
10.5,148.5,419.5777455283833
10.5,149.5,419.57377610180265
10.5,150.5,419.5717490886717
10.5,151.5,419.5730969930824
10.5,152.5,419.5790864596511
10.5,153.5,419.5862161319019
10.5,154.5,419.59482987027246
10.5,155.5,419.60114310508766
10.5,156.5,419.60491823420494
10.5,157.5,419.6099321595121
10.5,158.5,419.61745993611686
10.5,159.5,419.62439857985896
10.5,160.5,419.6315841639996
10.5,161.5,419.6391607991951
10.5,162.5,419.64741569149487
10.5,163.5,419.6553785288268
10.5,164.5,419.6628177384845
10.5,165.5,419.6712177021153
10.5,166.5,419.6788887510789
10.5,167.5,419.684427431431
10.5,168.5,419.688278084223
10.5,169.5,419.6890688934749
10.5,170.5,419.691600391857
10.5,171.5,419.6942150665163
10.5,172.5,419.697998920114
10.5,173.5,419.7024362038433
10.5,174.5,419.706452688425
10.5,175.5,419.7325887027747
10.5,176.5,419.714677383311
10.5,177.5,419.7158148982646
10.5,178.5,419.716028251947
10.5,179.5,419.7143782461346
11.5,-179.5,419.7940524009587
11.5,-178.5,419.7891705284006
11.5,-177.5,419.7823038355127
11.5,-176.5,419.7740582471093
11.5,-175.5,419.7646556890489
11.5,-174.5,419.75573204540126
11.5,-173.5,419.74724362132827
11.5,-172.5,419.7643277931351
11.5,-171.5,419.73004837557926
11.5,-170.5,419.7206774544924
11.5,-169.5,419.7114672134055
11.5,-168.5,419.70223130013113
11.5,-167.5,419.6920283692007
11.5,-166.5,419.6818747646845
11.5,-165.5,419.67165657705823
11.5,-164.5,419.6617081612594
11.5,-163.5,419.6743876578516
11.5,-162.5,419.6471132245014
11.5,-161.5,419.64191368411326
11.5,-160.5,419.6581670260402
11.5,-159.5,419.6301363491921
11.5,-158.5,419.6237022466157
11.5,-157.5,419.6172671491608
11.5,-156.5,419.6120177276063
11.5,-155.5,419.6088857962674
11.5,-154.5,419.604941925153
11.5,-153.5,419.6035247392759
11.5,-152.5,419.6012903092686
11.5,-151.5,419.5994925267368
11.5,-150.5,419.5972439954968
11.5,-149.5,419.5955305674479
11.5,-148.5,419.5955007257841
11.5,-147.5,419.5960785754275
11.5,-146.5,419.5962716479532
11.5,-145.5,419.596303771702
11.5,-144.5,419.59608019217535
11.5,-143.5,419.5969253908722
11.5,-142.5,419.598171503653
11.5,-141.5,419.5997096504983
11.5,-140.5,419.598713316967
11.5,-139.5,419.5959113531663
11.5,-138.5,419.5925480679431
11.5,-137.5,419.5890797358245
11.5,-136.5,419.5861325910088
11.5,-135.5,419.583382013718
11.5,-134.5,419.5788818785063
11.5,-133.5,419.5973324597228
11.5,-132.5,419.570764684713
11.5,-131.5,419.5695382630878
11.5,-130.5,419.56699163071903
11.5,-129.5,419.5612492307155
11.5,-128.5,419.5527316008434
11.5,-127.5,419.5436758341441
11.5,-126.5,419.5359610611345
11.5,-125.5,419.52786165520905
11.5,-124.5,419.5188068358879
11.5,-123.5,419.5083417125533
11.5,-122.5,419.4985858415005
11.5,-121.5,419.4881076409055
11.5,-120.5,419.47500354348864
11.5,-119.5,419.4623317140856
11.5,-118.5,419.4496624010923
11.5,-117.5,419.43503272172376
11.5,-116.5,419.4224512943065
11.5,-115.5,419.4111549774895
11.5,-114.5,419.39890233673816
11.5,-113.5,419.3886755557548
11.5,-112.5,419.3770900023564
11.5,-111.5,419.3643745248916
11.5,-110.5,419.3520038456492
11.5,-109.5,419.34171144586514
11.5,-108.5,419.3337771824856
11.5,-107.5,419.3243549860941
11.5,-106.5,419.3185216390133
11.5,-105.5,419.31406558099263
11.5,-104.5,419.3094403985517
11.5,-103.5,419.3029405429231
11.5,-102.5,419.2935762059466
11.5,-101.5,419.28415695470153
11.5,-100.5,419.2739035222678
11.5,-99.5,419.26615767290826
11.5,-98.5,419.29428777532
11.5,-97.5,419.24587560909646
11.5,-96.5,419.2657580406485
11.5,-95.5,419.2512306151845
11.5,-94.5,419.2432979972269
11.5,-93.5,419.2174934843076
11.5,-92.5,419.2268138431027
11.5,-91.5,419.237606875687
11.5,-90.5,419.2491637879787
11.5,-89.5,419.2600129778526
11.5,-88.5,419.2722210095478
11.5,-87.5,419.28093515857705
11.5,-86.5,419.2844131965446
11.5,-85.5,419.2784699786798
11.5,-84.5,419.3272336319087
11.5,-83.5,419.3603697882878
11.5,-82.5,419.3517961591439
11.5,-81.5,419.3500387406512
11.5,-80.5,419.3523048731319
11.5,-79.5,419.353771352466
11.5,-78.5,419.3546133102008
11.5,-77.5,419.3545608072324
11.5,-76.5,419.3616995795943
11.5,-75.5,419.3823779452414
11.5,-74.5,419.3658664065413
11.5,-73.5,419.2714706274813
11.5,-72.5,419.3388633223975
11.5,-71.5,419.37680633805707
11.5,-70.5,419.3739487122999
11.5,-69.5,419.36132040739113
11.5,-68.5,419.389372717605
11.5,-67.5,419.3832468970583
11.5,-66.5,419.3663500724803
11.5,-65.5,419.3516625491369
11.5,-64.5,419.3296307536816
11.5,-63.5,419.31094815776817
11.5,-62.5,419.2940500664104
11.5,-61.5,419.2714326447915
11.5,-60.5,419.2603280512966
11.5,-59.5,419.2492745842808
11.5,-58.5,419.2412544708941
11.5,-57.5,419.2331345299255
11.5,-56.5,419.22339531150857
11.5,-55.5,419.214230477376
11.5,-54.5,419.2066085311666
11.5,-53.5,419.2002337720082
11.5,-52.5,419.1982631377692
11.5,-51.5,419.1967367385533
11.5,-50.5,419.1970520484311
11.5,-49.5,419.1988107145183
11.5,-48.5,419.2011484264588
11.5,-47.5,419.2064023136837
11.5,-46.5,419.2115372293739
11.5,-45.5,419.2166718263068
11.5,-44.5,419.2209927441537
11.5,-43.5,419.2252835709318
11.5,-42.5,419.2306239502586
11.5,-41.5,419.2364153709924
11.5,-40.5,419.2417514530131
11.5,-39.5,419.24738279955096
11.5,-38.5,419.2520343870543
11.5,-37.5,419.25541081715227
11.5,-36.5,419.2573698473738
11.5,-35.5,419.25866501738193
11.5,-34.5,419.2622540608785
11.5,-33.5,419.2677697552994
11.5,-32.5,419.273859684392
11.5,-31.5,419.28004612656207
11.5,-30.5,419.2865180777016
11.5,-29.5,419.2929602887359
11.5,-28.5,419.2988668622156
11.5,-27.5,419.306771319952
11.5,-26.5,419.3151959762538
11.5,-25.5,419.3251815851313
11.5,-24.5,419.3359353832732
11.5,-23.5,419.3509830547424
11.5,-22.5,419.3640078638583
11.5,-21.5,419.3812087580845
11.5,-20.5,419.4023785699365
11.5,-19.5,419.4280520574187
11.5,-18.5,419.4643739455314
11.5,-17.5,419.50574910191256
11.5,-16.5,419.5534640442967
11.5,-15.5,419.60664597768783
11.5,-14.5,419.6888559350859
11.5,-13.5,419.7145137885537
11.5,-12.5,419.66030698299977
11.5,-11.5,419.7333363254653
11.5,-10.5,419.813215739526
11.5,-9.5,419.71764577522976
11.5,-8.5,419.62758307066446
11.5,-7.5,419.60678091632906
11.5,-6.5,419.5512125016956
11.5,-5.5,419.44019315451374
11.5,-4.5,419.39965762678514
11.5,-3.5,419.3781399497071
11.5,-2.5,419.3280875582696
11.5,-1.5,419.3264650067308
11.5,-0.5,419.3696919679427
11.5,0.5,419.4008196427546
11.5,1.5,419.4814675400337
11.5,2.5,419.52619651753474
11.5,3.5,419.53001609248247
11.5,4.5,419.5178489290498
11.5,5.5,419.4844893343701
11.5,6.5,419.2687097701515
11.5,7.5,419.2975230147908
11.5,8.5,419.3261219874895
11.5,9.5,419.311286540153
11.5,10.5,419.3406546976407
11.5,11.5,419.3512819548944
11.5,12.5,419.4266668388595
11.5,13.5,419.4863627108819
11.5,14.5,419.5213384694927
11.5,15.5,419.5608284172564
11.5,16.5,419.6077127348351
11.5,17.5,419.6545218027724
11.5,18.5,419.6771956959061
11.5,19.5,419.6790930820658
11.5,20.5,419.6459409262927
11.5,21.5,419.5468677072683
11.5,22.5,419.421555047551
11.5,23.5,419.237811908839
11.5,24.5,419.11557049562606
11.5,25.5,418.9834142653584
11.5,26.5,418.9160214441314
11.5,27.5,418.8644858602044
11.5,28.5,418.8323572234131
11.5,29.5,418.8394999490155
11.5,30.5,418.8361543833658
11.5,31.5,418.8327595546377
11.5,32.5,418.9026266285812
11.5,33.5,419.01635915795225
11.5,34.5,419.19827500976106
11.5,35.5,419.4061415914555
11.5,36.5,419.4146023887967
11.5,37.5,419.5251278691
11.5,38.5,419.4816677214346
11.5,39.5,419.27848560888793
11.5,40.5,419.3717773550428
11.5,41.5,419.2530862173946
11.5,42.5,419.2193589765857
11.5,43.5,419.2327972961083
11.5,44.5,419.22338234137135
11.5,45.5,419.2086867362832
11.5,46.5,419.191412654525
11.5,47.5,419.17516191933
11.5,48.5,419.16714855944906
11.5,49.5,419.1331311088677
11.5,50.5,419.116729482252
11.5,51.5,419.1194934166196
11.5,52.5,419.10124669216015
11.5,53.5,419.0858029337388
11.5,54.5,419.0778361099805
11.5,55.5,419.0706593805908
11.5,56.5,419.067872060834
11.5,57.5,419.0730530455214
11.5,58.5,419.08304697596367
11.5,59.5,419.0927008839801
11.5,60.5,419.10174612661984
11.5,61.5,419.1122665573919
11.5,62.5,419.1227491184419
11.5,63.5,419.13391314239857
11.5,64.5,419.14654637452793
11.5,65.5,419.15421283571567
11.5,66.5,419.1552634023397
11.5,67.5,419.1564554886866
11.5,68.5,419.1600725692074
11.5,69.5,419.1669682391699
11.5,70.5,419.17226451884505
11.5,71.5,419.1769796012668
11.5,72.5,419.18387698537697
11.5,73.5,419.1930031682208
11.5,74.5,419.2167015442701
11.5,75.5,419.2667141628921
11.5,76.5,419.3038132367839
11.5,77.5,419.37554245485705
11.5,78.5,419.55474249448537
11.5,79.5,419.7786735649351
11.5,80.5,419.6281177598065
11.5,81.5,419.626677971765
11.5,82.5,419.6488540505122
11.5,83.5,419.68388469021033
11.5,84.5,419.73334575062313
11.5,85.5,419.7858747715272
11.5,86.5,419.8366656332254
11.5,87.5,419.88167714073865
11.5,88.5,419.9221573241284
11.5,89.5,419.9621342660208
11.5,90.5,419.9958353539432
11.5,91.5,420.0232283302773
11.5,92.5,420.0562044092839
11.5,93.5,420.08146639520015
11.5,94.5,420.1323315048994
11.5,95.5,420.16447027262814
11.5,96.5,420.2059486115351
11.5,97.5,420.23245712629273
11.5,98.5,420.24669549949095
11.5,99.5,420.2206795291077
11.5,100.5,420.26768124490445
11.5,101.5,420.2551098048568
11.5,102.5,420.2377675840896
11.5,103.5,420.2442127205831
11.5,104.5,420.279736875451
11.5,105.5,420.3131546072031
11.5,106.5,420.3009504078604
11.5,107.5,420.2177806204151
11.5,108.5,420.2303979571134
11.5,109.5,420.28072690573833
11.5,110.5,420.2462940737054
11.5,111.5,420.1944084150448
11.5,112.5,420.1498366972671
11.5,113.5,420.112690665265
11.5,114.5,420.0845272715144
11.5,115.5,420.0628952159981
11.5,116.5,420.0409515125897
11.5,117.5,420.0218374318024
11.5,118.5,420.0053010263915
11.5,119.5,419.9885654697397
11.5,120.5,419.9743503980132
11.5,121.5,419.9569496333196
11.5,122.5,419.95938258127694
11.5,123.5,419.9382858227875
11.5,124.5,419.8917942568414
11.5,125.5,419.8731822488143
11.5,126.5,419.85812583208735
11.5,127.5,419.8275860934333
11.5,128.5,419.7976833805657
11.5,129.5,419.76953911016375
11.5,130.5,419.745489292386
11.5,131.5,419.7270998012522
11.5,132.5,419.716345695919
11.5,133.5,419.7103002181301
11.5,134.5,419.7075451956563
11.5,135.5,419.7035795332432
11.5,136.5,419.6988147974061
11.5,137.5,419.6940803433925
11.5,138.5,419.684446909672
11.5,139.5,419.6731169906936
11.5,140.5,419.65406805200513
11.5,141.5,419.6542488947544
11.5,142.5,419.64698095379794
11.5,143.5,419.6407490215207
11.5,144.5,419.6384358602522
11.5,145.5,419.6403375768829
11.5,146.5,419.6445102442394
11.5,147.5,419.6441968814108
11.5,148.5,419.65136179706735
11.5,149.5,419.651697897477
11.5,150.5,419.6520909422778
11.5,151.5,419.65627240391257
11.5,152.5,419.6668024659628
11.5,153.5,419.6758425873286
11.5,154.5,419.6849409077796
11.5,155.5,419.6926418211255
11.5,156.5,419.6968752782017
11.5,157.5,419.70492800122025
11.5,158.5,419.7129471680316
11.5,159.5,419.7209789764573
11.5,160.5,419.7293588201145
11.5,161.5,419.7398794652
11.5,162.5,419.7498196187262
11.5,163.5,419.7607054005073
11.5,164.5,419.7712791359961
11.5,165.5,419.7811471319919
11.5,166.5,419.7897714508785
11.5,167.5,419.7955438565046
11.5,168.5,419.7994759115541
11.5,169.5,419.8014839030367
11.5,170.5,419.80145517210633
11.5,171.5,419.80024333509584
11.5,172.5,419.79904094559504
11.5,173.5,419.79567555411165
11.5,174.5,419.7973659161413
11.5,175.5,419.7994828839426
11.5,176.5,419.8016325061298
11.5,177.5,419.8239323969682
11.5,178.5,419.8010993861368
11.5,179.5,419.7987345931217
12.5,-179.5,419.8736407705501
12.5,-178.5,419.86772807909097
12.5,-177.5,419.8591267489801
12.5,-176.5,419.84857497876095
12.5,-175.5,419.8373112392655
12.5,-174.5,419.82754207185695
12.5,-173.5,419.8187770683677
12.5,-172.5,419.8334544725128
12.5,-171.5,419.80232569330025
12.5,-170.5,419.7926798958709
12.5,-169.5,419.78331495408815
12.5,-168.5,419.77282306991816
12.5,-167.5,419.76159582058114
12.5,-166.5,419.75032991148106
12.5,-165.5,419.73912903230087
12.5,-164.5,419.7298376349255
12.5,-163.5,419.7208787198296
12.5,-162.5,419.7305492497951
12.5,-161.5,419.7034869853641
12.5,-160.5,419.6971772419474
12.5,-159.5,419.6901637914104
12.5,-158.5,419.6841130816208
12.5,-157.5,419.6786375466581
12.5,-156.5,419.6733171407064
12.5,-155.5,419.6671596573423
12.5,-154.5,419.6625069792788
12.5,-153.5,419.6600892490675
12.5,-152.5,419.65682056593255
12.5,-151.5,419.65208707976575
12.5,-150.5,419.64885757695566
12.5,-149.5,419.6473196723084
12.5,-148.5,419.64750910990006
12.5,-147.5,419.64665522615576
12.5,-146.5,419.64675732201465
12.5,-145.5,419.6481238874048
12.5,-144.5,419.6491005396096
12.5,-143.5,419.64854620037926
12.5,-142.5,419.6490309769106
12.5,-141.5,419.6698852341984
12.5,-140.5,419.64871939230784
12.5,-139.5,419.6458323340346
12.5,-138.5,419.65632330737054
12.5,-137.5,419.651712788722
12.5,-136.5,419.628341391357
12.5,-135.5,419.6247669123334
12.5,-134.5,419.62044637274016
12.5,-133.5,419.6155875882488
12.5,-132.5,419.6112561059528
12.5,-131.5,419.6076982919631
12.5,-130.5,419.602209710396
12.5,-129.5,419.5977148916931
12.5,-128.5,419.58994413213935
12.5,-127.5,419.5809874257138
12.5,-126.5,419.5743102313721
12.5,-125.5,419.5665130596654
12.5,-124.5,419.55864934244215
12.5,-123.5,419.55146582163866
12.5,-122.5,419.5388691026993
12.5,-121.5,419.52537996752346
12.5,-120.5,419.5092786715743
12.5,-119.5,419.49296897034094
12.5,-118.5,419.4778394852764
12.5,-117.5,419.4613219664513
12.5,-116.5,419.477175293014
12.5,-115.5,419.4336056384636
12.5,-114.5,419.4207751637545
12.5,-113.5,419.4101537538794
12.5,-112.5,419.3993066288668
12.5,-111.5,419.3858441768747
12.5,-110.5,419.3696152472542
12.5,-109.5,419.3552579234048
12.5,-108.5,419.3427774565526
12.5,-107.5,419.3300989630379
12.5,-106.5,419.3202012463101
12.5,-105.5,419.3112548312063
12.5,-104.5,419.3030000951586
12.5,-103.5,419.3331676568941
12.5,-102.5,419.2793313313571
12.5,-101.5,419.2660325842199
12.5,-100.5,419.2553250641176
12.5,-99.5,419.2451504796513
12.5,-98.5,419.232403898222
12.5,-97.5,419.2192701598891
12.5,-96.5,419.2003099884691
12.5,-95.5,419.1785575117132
12.5,-94.5,419.16000168776304
12.5,-93.5,419.1527278749239
12.5,-92.5,419.1547593782056
12.5,-91.5,419.17819787363135
12.5,-90.5,419.2092160949092
12.5,-89.5,419.2364994533366
12.5,-88.5,419.24764821094897
12.5,-87.5,419.2383437130765
12.5,-86.5,419.1632544307946
12.5,-85.5,419.18165292133625
12.5,-84.5,419.2874862082876
12.5,-83.5,419.3433417646471
12.5,-82.5,419.34207806621913
12.5,-81.5,419.3373417304292
12.5,-80.5,419.33230886214216
12.5,-79.5,419.32551717903647
12.5,-78.5,419.318166925681
12.5,-77.5,419.3110922024325
12.5,-76.5,419.3066234601813
12.5,-75.5,419.30843734064194
12.5,-74.5,419.31486942645455
12.5,-73.5,419.3205170166112
12.5,-72.5,419.31587269889
12.5,-71.5,419.3298866670781
12.5,-70.5,419.3389232244624
12.5,-69.5,419.3715576208346
12.5,-68.5,419.3325788911585
12.5,-67.5,419.3279336717473
12.5,-66.5,419.32176521635415
12.5,-65.5,419.3141555212378
12.5,-64.5,419.3042169156233
12.5,-63.5,419.29486081191857
12.5,-62.5,419.286951935714
12.5,-61.5,419.27683287163575
12.5,-60.5,419.2755975566753
12.5,-59.5,419.264601885198
12.5,-58.5,419.2568191567938
12.5,-57.5,419.2488089601703
12.5,-56.5,419.2384148602827
12.5,-55.5,419.22771667175977
12.5,-54.5,419.2187119280583
12.5,-53.5,419.2111633211152
12.5,-52.5,419.20673632204426
12.5,-51.5,419.2039412992921
12.5,-50.5,419.20145967252535
12.5,-49.5,419.2028058575286
12.5,-48.5,419.20554557602406
12.5,-47.5,419.20778341388814
12.5,-46.5,419.2099293997893
12.5,-45.5,419.2125895458285
12.5,-44.5,419.21495776605366
12.5,-43.5,419.2172334422333
12.5,-42.5,419.221248362361
12.5,-41.5,419.2242016632937
12.5,-40.5,419.2269439441749
12.5,-39.5,419.2287401406216
12.5,-38.5,419.2308048623837
12.5,-37.5,419.2323317117586
12.5,-36.5,419.2345679709608
12.5,-35.5,419.23735114942633
12.5,-34.5,419.24106321245625
12.5,-33.5,419.2451455671951
12.5,-32.5,419.2519769503869
12.5,-31.5,419.2594389041066
12.5,-30.5,419.26641008820377
12.5,-29.5,419.2724300972499
12.5,-28.5,419.2777851051848
12.5,-27.5,419.2845864150643
12.5,-26.5,419.2907354469537
12.5,-25.5,419.29757899984327
12.5,-24.5,419.3054458940364
12.5,-23.5,419.31427626808687
12.5,-22.5,419.3250229831698
12.5,-21.5,419.3379213889565
12.5,-20.5,419.35063914422034
12.5,-19.5,419.37176014569457
12.5,-18.5,419.4022077858759
12.5,-17.5,419.44381189812697
12.5,-16.5,419.49474476243233
12.5,-15.5,419.6389674364826
12.5,-14.5,419.7260121418928
12.5,-13.5,419.78259576014057
12.5,-12.5,419.8180045265005
12.5,-11.5,419.8285556058012
12.5,-10.5,419.7885518683201
12.5,-9.5,419.7193835369783
12.5,-8.5,419.6413668683245
12.5,-7.5,419.603558540913
12.5,-6.5,419.57216855643225
12.5,-5.5,419.5078462553934
12.5,-4.5,419.4123824150967
12.5,-3.5,419.3571355749181
12.5,-2.5,419.28248809575473
12.5,-1.5,419.249778441289
12.5,-0.5,419.2138778352409
12.5,0.5,419.24733106094857
12.5,1.5,419.27684925904543
12.5,2.5,419.30893469638494
12.5,3.5,419.3162423049858
12.5,4.5,419.30967949594617
12.5,5.5,419.3082270841321
12.5,6.5,419.2188932561196
12.5,7.5,419.1574029229356
12.5,8.5,419.1850532343811
12.5,9.5,419.1976415979801
12.5,10.5,419.2025216021799
12.5,11.5,419.2099201958558
12.5,12.5,419.250792044117
12.5,13.5,419.273711040351
12.5,14.5,419.2996106632784
12.5,15.5,419.3753215701936
12.5,16.5,419.4466884412504
12.5,17.5,419.4886760737345
12.5,18.5,419.5120566927111
12.5,19.5,419.546304402078
12.5,20.5,419.5106461571384
12.5,21.5,419.4719148745801
12.5,22.5,419.41669462954326
12.5,23.5,419.2777279712028
12.5,24.5,419.1270697893458
12.5,25.5,419.0100292076441
12.5,26.5,418.9207111474888
12.5,27.5,418.8604041555121
12.5,28.5,418.8190442836501
12.5,29.5,418.8109514843813
12.5,30.5,418.8092766734599
12.5,31.5,418.8062321367955
12.5,32.5,418.8297995461693
12.5,33.5,418.89916758731846
12.5,34.5,419.03173901181975
12.5,35.5,419.2735297936693
12.5,36.5,419.3101518775526
12.5,37.5,419.3583348706251
12.5,38.5,419.3940113032895
12.5,39.5,419.3165608226337
12.5,40.5,419.3467253239589
12.5,41.5,419.24657986646713
12.5,42.5,419.2198443429567
12.5,43.5,419.2566577721154
12.5,44.5,419.28454349880246
12.5,45.5,419.2602643455053
12.5,46.5,419.23925243101337
12.5,47.5,419.2199522347551
12.5,48.5,419.2044505370281
12.5,49.5,419.1890210931611
12.5,50.5,419.171966756129
12.5,51.5,419.1550660931706
12.5,52.5,419.140049687834
12.5,53.5,419.1182393819979
12.5,54.5,419.0970401107103
12.5,55.5,419.0960612470722
12.5,56.5,419.08752028584365
12.5,57.5,419.08910033228034
12.5,58.5,419.0943946148921
12.5,59.5,419.09727370258383
12.5,60.5,419.1011134661722
12.5,61.5,419.1054229728956
12.5,62.5,419.11234264005583
12.5,63.5,419.12093393957576
12.5,64.5,419.1268795267714
12.5,65.5,419.1275738767728
12.5,66.5,419.1247964739279
12.5,67.5,419.1190094244702
12.5,68.5,419.1190439868609
12.5,69.5,419.1204242886348
12.5,70.5,419.1203327323561
12.5,71.5,419.11757611655895
12.5,72.5,419.112446962311
12.5,73.5,419.1085379195191
12.5,74.5,419.1123628544326
12.5,75.5,419.109139230552
12.5,76.5,419.0928109715244
12.5,77.5,419.2057111891042
12.5,78.5,419.3069105858029
12.5,79.5,419.4863268870316
12.5,80.5,419.5332767383096
12.5,81.5,419.5635370622474
12.5,82.5,419.5924022163979
12.5,83.5,419.6272790626409
12.5,84.5,419.6715325801798
12.5,85.5,419.7243347718058
12.5,86.5,419.7798126022104
12.5,87.5,419.8327890751816
12.5,88.5,419.88517532133625
12.5,89.5,419.93228155102594
12.5,90.5,419.9740541241153
12.5,91.5,420.01505983959584
12.5,92.5,420.05232658328873
12.5,93.5,420.0956641122401
12.5,94.5,420.13751716469926
12.5,95.5,420.1773601398198
12.5,96.5,420.2435795306997
12.5,97.5,420.2965969789103
12.5,98.5,420.3239999117332
12.5,99.5,420.2910381379314
12.5,100.5,420.41896480209857
12.5,101.5,420.37314339524494
12.5,102.5,420.28124949401297
12.5,103.5,420.3670644417281
12.5,104.5,420.40319248905325
12.5,105.5,420.3897801265359
12.5,106.5,420.3161631299709
12.5,107.5,420.1508880159358
12.5,108.5,420.12474165977824
12.5,109.5,420.363117199614
12.5,110.5,420.3179847338836
12.5,111.5,420.26730012278455
12.5,112.5,420.2244816268177
12.5,113.5,420.1765268804289
12.5,114.5,420.1492526640432
12.5,115.5,420.1253655486707
12.5,116.5,420.10432662662384
12.5,117.5,420.0908578064454
12.5,118.5,420.08204212928
12.5,119.5,420.06930568058567
12.5,120.5,420.04674391668414
12.5,121.5,420.0141218406631
12.5,122.5,420.0152357621825
12.5,123.5,419.994278495384
12.5,124.5,419.97284460215576
12.5,125.5,419.9482349745285
12.5,126.5,419.9176928270289
12.5,127.5,419.8560740435675
12.5,128.5,419.8491715430151
12.5,129.5,419.82367143606
12.5,130.5,419.796957115803
12.5,131.5,419.7751810458782
12.5,132.5,419.7598037260658
12.5,133.5,419.75336639136094
12.5,134.5,419.7503867641257
12.5,135.5,419.74539131772383
12.5,136.5,419.74165273417873
12.5,137.5,419.73858554788944
12.5,138.5,419.732130508447
12.5,139.5,419.724624500647
12.5,140.5,419.71569460305466
12.5,141.5,419.7099739086615
12.5,142.5,419.7059637143192
12.5,143.5,419.7045646916074
12.5,144.5,419.70525774325085
12.5,145.5,419.7087643982519
12.5,146.5,419.71309705188565
12.5,147.5,419.7181646229596
12.5,148.5,419.72289098632456
12.5,149.5,419.72738495359135
12.5,150.5,419.7329908406616
12.5,151.5,419.7415997865624
12.5,152.5,419.7511292966792
12.5,153.5,419.7593999425994
12.5,154.5,419.76665232712537
12.5,155.5,419.77479101513313
12.5,156.5,419.7858239922467
12.5,157.5,419.7969704184235
12.5,158.5,419.8072898138829
12.5,159.5,419.8132663281158
12.5,160.5,419.8218482092117
12.5,161.5,419.8324742307211
12.5,162.5,419.8439627512288
12.5,163.5,419.8567244314319
12.5,164.5,419.8700527864369
12.5,165.5,419.8816383280779
12.5,166.5,419.8897782278815
12.5,167.5,419.8961334717963
12.5,168.5,419.9011994667442
12.5,169.5,419.90360681810944
12.5,170.5,419.9038254989565
12.5,171.5,419.9036951144072
12.5,172.5,419.9012829829526
12.5,173.5,419.8986230479794
12.5,174.5,419.8962783139473
12.5,175.5,419.8936545924453
12.5,176.5,419.891445474469
12.5,177.5,419.8896183869609
12.5,178.5,419.8865918623838
12.5,179.5,419.8794473242884
13.5,-179.5,419.9439372678295
13.5,-178.5,419.9346744204182
13.5,-177.5,419.9248856203139
13.5,-176.5,419.91377735169146
13.5,-175.5,419.902364677522
13.5,-174.5,419.8935061337799
13.5,-173.5,419.8854444143696
13.5,-172.5,419.8779654717536
13.5,-171.5,419.8707513511626
13.5,-170.5,419.8601743675308
13.5,-169.5,419.8504349266856
13.5,-168.5,419.84278661228734
13.5,-167.5,419.8322551512343
13.5,-166.5,419.81996620707616
13.5,-165.5,419.8068713465381
13.5,-164.5,419.79625620924986
13.5,-163.5,419.7859829765915
13.5,-162.5,419.77639881098
13.5,-161.5,419.7668883517756
13.5,-160.5,419.75861668997
13.5,-159.5,419.75365858286216
13.5,-158.5,419.7465150285453
13.5,-157.5,419.7400660571685
13.5,-156.5,419.7330823631418
13.5,-155.5,419.7266095250891
13.5,-154.5,419.72164709549776
13.5,-153.5,419.7193519701272
13.5,-152.5,419.71442524142304
13.5,-151.5,419.7106641974435
13.5,-150.5,419.70618668335976
13.5,-149.5,419.7028664908604
13.5,-148.5,419.6999481821152
13.5,-147.5,419.6982972126794
13.5,-146.5,419.69962685765495
13.5,-145.5,419.70223286451926
13.5,-144.5,419.7047060869987
13.5,-143.5,419.7044896451576
13.5,-142.5,419.7029131663394
13.5,-141.5,419.7023691591775
13.5,-140.5,419.6988127354297
13.5,-139.5,419.6937495246447
13.5,-138.5,419.68911727761065
13.5,-137.5,419.684170321716
13.5,-136.5,419.6800895974874
13.5,-135.5,419.6765516473819
13.5,-134.5,419.6736601656111
13.5,-133.5,419.6652429006815
13.5,-132.5,419.66095079671726
13.5,-131.5,419.6559606438496
13.5,-130.5,419.64926036659045
13.5,-129.5,419.64290485095927
13.5,-128.5,419.6369679287265
13.5,-127.5,419.6246748381553
13.5,-126.5,419.61539698509335
13.5,-125.5,419.60679458296175
13.5,-124.5,419.5996539106796
13.5,-123.5,419.5917621355504
13.5,-122.5,419.5805438936894
13.5,-121.5,419.56657384836666
13.5,-120.5,419.5498326609361
13.5,-119.5,419.5309408465389
13.5,-118.5,419.5113673393199
13.5,-117.5,419.4933901068347
13.5,-116.5,419.4767440724509
13.5,-115.5,419.4616751351806
13.5,-114.5,419.4469070343821
13.5,-113.5,419.4348327726503
13.5,-112.5,419.4230722814541
13.5,-111.5,419.4094958437466
13.5,-110.5,419.393969286302
13.5,-109.5,419.37838197462304
13.5,-108.5,419.3639159974131
13.5,-107.5,419.3493866883834
13.5,-106.5,419.3353908316215
13.5,-105.5,419.3218841428752
13.5,-104.5,419.3062992029475
13.5,-103.5,419.290564342742
13.5,-102.5,419.2737853814507
13.5,-101.5,419.25735483664033
13.5,-100.5,419.242911197788
13.5,-99.5,419.2281276753801
13.5,-98.5,419.2126718865677
13.5,-97.5,419.1954807092857
13.5,-96.5,419.16454434426566
13.5,-95.5,419.1305620551015
13.5,-94.5,419.0872351774493
13.5,-93.5,419.049964109024
13.5,-92.5,419.0256561970499
13.5,-91.5,419.0674400236593
13.5,-90.5,419.1155391260872
13.5,-89.5,419.1438525978744
13.5,-88.5,419.1583219819877
13.5,-87.5,419.0648185649424
13.5,-86.5,419.0593352153932
13.5,-85.5,419.1122909577357
13.5,-84.5,419.3110002418511
13.5,-83.5,419.3558224139709
13.5,-82.5,419.3544726389695
13.5,-81.5,419.3324522389766
13.5,-80.5,419.3257777028741
13.5,-79.5,419.3170050000063
13.5,-78.5,419.3074515781436
13.5,-77.5,419.2983966800557
13.5,-76.5,419.2925979729135
13.5,-75.5,419.2923501893313
13.5,-74.5,419.2962472050767
13.5,-73.5,419.29874696153735
13.5,-72.5,419.2914953651311
13.5,-71.5,419.308183355638
13.5,-70.5,419.3110836353659
13.5,-69.5,419.31165521459934
13.5,-68.5,419.311817765948
13.5,-67.5,419.31078886780864
13.5,-66.5,419.30930761287584
13.5,-65.5,419.3434022277246
13.5,-64.5,419.30537487708665
13.5,-63.5,419.3030197261744
13.5,-62.5,419.3007767311452
13.5,-61.5,419.2891014066775
13.5,-60.5,419.3335492080826
13.5,-59.5,419.2856697485421
13.5,-58.5,419.2756007075628
13.5,-57.5,419.2689763918797
13.5,-56.5,419.2607415931269
13.5,-55.5,419.2493316260113
13.5,-54.5,419.2394983365863
13.5,-53.5,419.2318125706842
13.5,-52.5,419.2246220473401
13.5,-51.5,419.22033107230646
13.5,-50.5,419.21936924734257
13.5,-49.5,419.2198911980344
13.5,-48.5,419.2215708240632
13.5,-47.5,419.2225598937514
13.5,-46.5,419.2210831790425
13.5,-45.5,419.221320003226
13.5,-44.5,419.2216647349586
13.5,-43.5,419.2217526276253
13.5,-42.5,419.22296844349
13.5,-41.5,419.2251919722066
13.5,-40.5,419.2259212460816
13.5,-39.5,419.22599253429
13.5,-38.5,419.2251385296431
13.5,-37.5,419.2255215009265
13.5,-36.5,419.2261033448607
13.5,-35.5,419.2279401698886
13.5,-34.5,419.2303035217489
13.5,-33.5,419.2343283914051
13.5,-32.5,419.2397737482825
13.5,-31.5,419.2475081764087
13.5,-30.5,419.2548255805944
13.5,-29.5,419.2611226264345
13.5,-28.5,419.26666565991707
13.5,-27.5,419.2716742570517
13.5,-26.5,419.2772408309961
13.5,-25.5,419.2825823583246
13.5,-24.5,419.28620086275686
13.5,-23.5,419.2906669581663
13.5,-22.5,419.295938580614
13.5,-21.5,419.30304221827697
13.5,-20.5,419.3135662098717
13.5,-19.5,419.3275218045164
13.5,-18.5,419.35218067938393
13.5,-17.5,419.388771095293
13.5,-16.5,419.4496313346677
13.5,-15.5,419.525221408188
13.5,-14.5,419.6031890570848
13.5,-13.5,419.6708542808264
13.5,-12.5,419.7112095267248
13.5,-11.5,419.7070333681292
13.5,-10.5,419.7068543192863
13.5,-9.5,419.668478457212
13.5,-8.5,419.6171650964409
13.5,-7.5,419.5664953652592
13.5,-6.5,419.54492672243646
13.5,-5.5,419.4724952880419
13.5,-4.5,419.4104093163335
13.5,-3.5,419.3274286741287
13.5,-2.5,419.24712917226566
13.5,-1.5,419.1826909206965
13.5,-0.5,419.1542572505817
13.5,0.5,419.1589961019336
13.5,1.5,419.1723897097929
13.5,2.5,419.1638224079075
13.5,3.5,419.16381507072674
13.5,4.5,419.1678860536631
13.5,5.5,419.1341195754828
13.5,6.5,419.09926788048494
13.5,7.5,419.0861852689052
13.5,8.5,419.0713941610233
13.5,9.5,419.06966865132057
13.5,10.5,419.09627506647706
13.5,11.5,419.1127112179594
13.5,12.5,419.1412191540377
13.5,13.5,419.171949381362
13.5,14.5,419.2024118657585
13.5,15.5,419.2332985819763
13.5,16.5,419.3011928553561
13.5,17.5,419.35149946934257
13.5,18.5,419.3934952198821
13.5,19.5,419.4333002997161
13.5,20.5,419.3960269194701
13.5,21.5,419.3373059307447
13.5,22.5,419.2753471395142
13.5,23.5,419.1949320331911
13.5,24.5,419.109180206834
13.5,25.5,419.09092994455045
13.5,26.5,418.9874211714838
13.5,27.5,418.9078911220589
13.5,28.5,418.8565703845107
13.5,29.5,418.8333357481136
13.5,30.5,418.8229066949312
13.5,31.5,418.8025927588273
13.5,32.5,418.8099419206144
13.5,33.5,418.8393265105129
13.5,34.5,418.9260227175606
13.5,35.5,419.0749992572446
13.5,36.5,419.2450072407888
13.5,37.5,419.305466133011
13.5,38.5,419.323758706567
13.5,39.5,419.2701134027399
13.5,40.5,419.3488513585293
13.5,41.5,419.2213657368975
13.5,42.5,419.30261593592815
13.5,43.5,419.296056634091
13.5,44.5,419.225218629753
13.5,45.5,419.2614404106793
13.5,46.5,419.26192419731
13.5,47.5,419.2316273580778
13.5,48.5,419.2297408364119
13.5,49.5,419.2220650139098
13.5,50.5,419.2063581254452
13.5,51.5,419.1880723491897
13.5,52.5,419.17270707566274
13.5,53.5,419.155106855692
13.5,54.5,419.1431726956116
13.5,55.5,419.1276792668084
13.5,56.5,419.1174357699746
13.5,57.5,419.11184037544
13.5,58.5,419.1086308215165
13.5,59.5,419.1067517266741
13.5,60.5,419.089299173075
13.5,61.5,419.1034523848644
13.5,62.5,419.1040506518319
13.5,63.5,419.1052784530994
13.5,64.5,419.1022575613298
13.5,65.5,419.0974090872027
13.5,66.5,419.0919841685439
13.5,67.5,419.08673576170446
13.5,68.5,419.0819362544619
13.5,69.5,419.0782156527178
13.5,70.5,419.07351332010273
13.5,71.5,419.0686987430453
13.5,72.5,419.0589767302951
13.5,73.5,419.04817742474313
13.5,74.5,419.0373017435977
13.5,75.5,418.9559799142107
13.5,76.5,419.0394121978637
13.5,77.5,419.099672649593
13.5,78.5,419.1736119631972
13.5,79.5,419.3337099558123
13.5,80.5,419.44436998944286
13.5,81.5,419.4702746376515
13.5,82.5,419.5264052470585
13.5,83.5,419.5688769851309
13.5,84.5,419.6112664993459
13.5,85.5,419.6611001629057
13.5,86.5,419.7173021135332
13.5,87.5,419.77424985351104
13.5,88.5,419.83426777260513
13.5,89.5,419.8896659131186
13.5,90.5,419.932099851928
13.5,91.5,419.9861716405704
13.5,92.5,420.03504504288026
13.5,93.5,420.0884406286925
13.5,94.5,420.1402246396733
13.5,95.5,420.1852168044938
13.5,96.5,420.24212727637473
13.5,97.5,420.3059884022799
13.5,98.5,420.3139705357528
13.5,99.5,420.4732034618119
13.5,100.5,420.7698411633386
13.5,101.5,420.5353754260453
13.5,102.5,420.4254510178068
13.5,103.5,420.4724766550807
13.5,104.5,420.4965385579845
13.5,105.5,420.498215438035
13.5,106.5,420.4213840910248
13.5,107.5,420.3370706169723
13.5,108.5,420.2896600181009
13.5,109.5,420.4164155825202
13.5,110.5,420.3805090544059
13.5,111.5,420.3222880818794
13.5,112.5,420.2766008510171
13.5,113.5,420.2378732427478
13.5,114.5,420.20354439661946
13.5,115.5,420.17669527290735
13.5,116.5,420.1598567519972
13.5,117.5,420.15528758083775
13.5,118.5,420.1562330384877
13.5,119.5,420.1681413985797
13.5,120.5,420.1803321619415
13.5,121.5,420.1319109926823
13.5,122.5,420.0625661106363
13.5,123.5,420.069529668716
13.5,124.5,420.03918337551465
13.5,125.5,420.0074654064017
13.5,126.5,419.9705539962883
13.5,127.5,419.9380478276493
13.5,128.5,419.8862290590847
13.5,129.5,419.8786502168645
13.5,130.5,419.851360190768
13.5,131.5,419.8284371115921
13.5,132.5,419.8107381045914
13.5,133.5,419.79887374178713
13.5,134.5,419.7935445142203
13.5,135.5,419.7873652491937
13.5,136.5,419.78313725574895
13.5,137.5,419.78088410494354
13.5,138.5,419.7797724525852
13.5,139.5,419.7758601696265
13.5,140.5,419.7692737329577
13.5,141.5,419.7672554244176
13.5,142.5,419.7678980956474
13.5,143.5,419.76997788937376
13.5,144.5,419.7714743832943
13.5,145.5,419.7758947160882
13.5,146.5,419.7788230148991
13.5,147.5,419.783520282842
13.5,148.5,419.7904965074666
13.5,149.5,419.7992881533473
13.5,150.5,419.8084405595583
13.5,151.5,419.8165954568136
13.5,152.5,419.823953873336
13.5,153.5,419.83218085900296
13.5,154.5,419.8396388414179
13.5,155.5,419.84932622686335
13.5,156.5,419.86051905028063
13.5,157.5,419.8718468973879
13.5,158.5,419.8822038002219
13.5,159.5,419.8930676756418
13.5,160.5,419.9033661958462
13.5,161.5,419.9139807413055
13.5,162.5,419.9256899722124
13.5,163.5,419.9385309312007
13.5,164.5,419.9520201683361
13.5,165.5,419.9653343834308
13.5,166.5,419.9773392104726
13.5,167.5,419.985777218104
13.5,168.5,419.9909513108817
13.5,169.5,419.9914888087608
13.5,170.5,419.9934911618106
13.5,171.5,419.9944526330737
13.5,172.5,419.9947007234945
13.5,173.5,419.9928087620776
13.5,174.5,419.9894347963833
13.5,175.5,419.9836145584623
13.5,176.5,419.9756306584577
13.5,177.5,419.9688920454146
13.5,178.5,419.9623211028857
13.5,179.5,419.9719575099262
14.5,-179.5,420.00662673199537
14.5,-178.5,419.995653338624
14.5,-177.5,419.9836915603405
14.5,-176.5,419.97346372783016
14.5,-175.5,419.9637674359795
14.5,-174.5,419.95498941162987
14.5,-173.5,419.9479191239159
14.5,-172.5,419.94248491061074
14.5,-171.5,419.9335015115635
14.5,-170.5,419.9242788936134
14.5,-169.5,419.9127325382969
14.5,-168.5,419.9019001326697
14.5,-167.5,419.8919618088048
14.5,-166.5,419.8830532052594
14.5,-165.5,419.8713125482142
14.5,-164.5,419.8613237386871
14.5,-163.5,419.8526805232989
14.5,-162.5,419.843475738632
14.5,-161.5,419.837492464374
14.5,-160.5,419.8290674247436
14.5,-159.5,419.82151431602233
14.5,-158.5,419.813932149232
14.5,-157.5,419.8058036754571
14.5,-156.5,419.79845748517647
14.5,-155.5,419.7896118937048
14.5,-154.5,419.782778907524
14.5,-153.5,419.7769473383249
14.5,-152.5,419.7711385833922
14.5,-151.5,419.766761713797
14.5,-150.5,419.7619689457604
14.5,-149.5,419.76148113910943
14.5,-148.5,419.7609022701
14.5,-147.5,419.7596323977356
14.5,-146.5,419.7580603090525
14.5,-145.5,419.759521839657
14.5,-144.5,419.760054065571
14.5,-143.5,419.7737029713895
14.5,-142.5,419.7612236200632
14.5,-141.5,419.7582237183784
14.5,-140.5,419.7529570550346
14.5,-139.5,419.7476065592296
14.5,-138.5,419.7415725804818
14.5,-137.5,419.7334283948813
14.5,-136.5,419.7295002110401
14.5,-135.5,419.725540000964
14.5,-134.5,419.72312740961513
14.5,-133.5,419.7206589143964
14.5,-132.5,419.7174785020656
14.5,-131.5,419.7132602178754
14.5,-130.5,419.7033613077963
14.5,-129.5,419.69699115494944
14.5,-128.5,419.68997293399656
14.5,-127.5,419.68119618513214
14.5,-126.5,419.6689801583353
14.5,-125.5,419.6519010056241
14.5,-124.5,419.6420475126556
14.5,-123.5,419.6320111802567
14.5,-122.5,419.6197652172792
14.5,-121.5,419.6073243421002
14.5,-120.5,419.5923012409443
14.5,-119.5,419.5737588122474
14.5,-118.5,419.5546039939524
14.5,-117.5,419.5359214846536
14.5,-116.5,419.516806878594
14.5,-115.5,419.4998137529856
14.5,-114.5,419.4831179571977
14.5,-113.5,419.4684228513401
14.5,-112.5,419.4541539827005
14.5,-111.5,419.43949915535
14.5,-110.5,419.4244583981492
14.5,-109.5,419.40829185116206
14.5,-108.5,419.3930056883643
14.5,-107.5,419.3779571356096
14.5,-106.5,419.36117325435134
14.5,-105.5,419.3431948102216
14.5,-104.5,419.3232239824693
14.5,-103.5,419.3020859250648
14.5,-102.5,419.28116383338113
14.5,-101.5,419.26035854703446
14.5,-100.5,419.23952081735945
14.5,-99.5,419.2210618666817
14.5,-98.5,419.2054828626914
14.5,-97.5,419.1880727303502
14.5,-96.5,419.16250730824726
14.5,-95.5,419.111792749992
14.5,-94.5,419.0338956217538
14.5,-93.5,418.9475631639198
14.5,-92.5,418.85907055349344
14.5,-91.5,418.8029405415677
14.5,-90.5,418.8200234328504
14.5,-89.5,418.79642748871504
14.5,-88.5,418.88609034067247
14.5,-87.5,418.962277127593
14.5,-86.5,419.03392927150986
14.5,-85.5,419.16138369058046
14.5,-84.5,419.3090208170137
14.5,-83.5,419.3721002058987
14.5,-82.5,419.3457752010702
14.5,-81.5,419.3379019673527
14.5,-80.5,419.3324704878905
14.5,-79.5,419.3234672161281
14.5,-78.5,419.3135001974061
14.5,-77.5,419.3061986505717
14.5,-76.5,419.3018452482169
14.5,-75.5,419.3008082144345
14.5,-74.5,419.3018018771554
14.5,-73.5,419.3030840738312
14.5,-72.5,419.2773015956428
14.5,-71.5,419.3070520363593
14.5,-70.5,419.3122448856234
14.5,-69.5,419.3152747343768
14.5,-68.5,419.3154447636237
14.5,-67.5,419.31353962525776
14.5,-66.5,419.34829517444746
14.5,-65.5,419.312648207729
14.5,-64.5,419.315609187574
14.5,-63.5,419.3163714796006
14.5,-62.5,419.3180184978061
14.5,-61.5,419.3159826678436
14.5,-60.5,419.3110979325243
14.5,-59.5,419.30408585313137
14.5,-58.5,419.2968149280808
14.5,-57.5,419.2908535628921
14.5,-56.5,419.28359669820105
14.5,-55.5,419.2751376971412
14.5,-54.5,419.26649729178695
14.5,-53.5,419.2560345553041
14.5,-52.5,419.246544688901
14.5,-51.5,419.241234238107
14.5,-50.5,419.2389914685451
14.5,-49.5,419.23897953553336
14.5,-48.5,419.23796294696615
14.5,-47.5,419.2378968558299
14.5,-46.5,419.2378345943102
14.5,-45.5,419.2714854102533
14.5,-44.5,419.2382551580449
14.5,-43.5,419.2354885701946
14.5,-42.5,419.2340610582892
14.5,-41.5,419.23436159997743
14.5,-40.5,419.2330259628149
14.5,-39.5,419.2308974051651
14.5,-38.5,419.22924656058666
14.5,-37.5,419.2288904308453
14.5,-36.5,419.22889960856753
14.5,-35.5,419.2302950590756
14.5,-34.5,419.23192382837846
14.5,-33.5,419.2356168348588
14.5,-32.5,419.2408070657884
14.5,-31.5,419.2463206402479
14.5,-30.5,419.2515313950103
14.5,-29.5,419.2566441652514
14.5,-28.5,419.2616408625672
14.5,-27.5,419.2659372858337
14.5,-26.5,419.2705057910483
14.5,-25.5,419.2762411949911
14.5,-24.5,419.2707463001373
14.5,-23.5,419.28573457313945
14.5,-22.5,419.2900792175617
14.5,-21.5,419.2922209322596
14.5,-20.5,419.29554609563127
14.5,-19.5,419.3031922235885
14.5,-18.5,419.3175546886165
14.5,-17.5,419.37080927933454
14.5,-16.5,419.3631218802532
14.5,-15.5,419.3835301924247
14.5,-14.5,419.43093717626704
14.5,-13.5,419.4939676030068
14.5,-12.5,419.5164463594777
14.5,-11.5,419.5457142985418
14.5,-10.5,419.5431831112131
14.5,-9.5,419.53475291116615
14.5,-8.5,419.5429678223635
14.5,-7.5,419.5068191348518
14.5,-6.5,419.46900700330536
14.5,-5.5,419.4164851221257
14.5,-4.5,419.3654531360136
14.5,-3.5,419.2829647665739
14.5,-2.5,419.2168490924295
14.5,-1.5,419.16943541717865
14.5,-0.5,419.13616264960905
14.5,0.5,419.0994264306491
14.5,1.5,419.0671191662089
14.5,2.5,419.0661477599973
14.5,3.5,419.0743955488833
14.5,4.5,419.0606136011575
14.5,5.5,419.032662354817
14.5,6.5,419.0365693719467
14.5,7.5,419.03579628405646
14.5,8.5,419.0102145966521
14.5,9.5,419.012096855728
14.5,10.5,419.025074595261
14.5,11.5,419.0555832182752
14.5,12.5,419.10107413831815
14.5,13.5,419.1414106742153
14.5,14.5,419.1598219483618
14.5,15.5,419.18441830349576
14.5,16.5,419.2251910532699
14.5,17.5,419.2622633159871
14.5,18.5,419.3000722958865
14.5,19.5,419.3392784613092
14.5,20.5,419.3313573431943
14.5,21.5,419.2768720898002
14.5,22.5,419.2195591034221
14.5,23.5,419.2022522990074
14.5,24.5,419.15182122979206
14.5,25.5,419.124995877912
14.5,26.5,419.0861373145602
14.5,27.5,419.0225609841345
14.5,28.5,418.9714338412628
14.5,29.5,418.9096361273893
14.5,30.5,418.8748329565421
14.5,31.5,418.8403354360867
14.5,32.5,418.8266330008711
14.5,33.5,418.8288208485519
14.5,34.5,418.8721339978737
14.5,35.5,418.9687943452035
14.5,36.5,419.09213244523687
14.5,37.5,419.2132346944269
14.5,38.5,419.191825595653
14.5,39.5,419.2285519886563
14.5,40.5,419.3514199965133
14.5,41.5,419.29354772674793
14.5,42.5,419.3487442453157
14.5,43.5,419.2986778107883
14.5,44.5,419.1128036567064
14.5,45.5,419.1712593460712
14.5,46.5,419.20469039959
14.5,47.5,419.1912093154024
14.5,48.5,419.2039273457327
14.5,49.5,419.25004874543134
14.5,50.5,419.2402588492548
14.5,51.5,419.22688886062974
14.5,52.5,419.2098060699215
14.5,53.5,419.1951845356806
14.5,54.5,419.1802634292525
14.5,55.5,419.1653810959207
14.5,56.5,419.1513029096657
14.5,57.5,419.1392167454976
14.5,58.5,419.1293870296248
14.5,59.5,419.1205773374016
14.5,60.5,419.11436456796895
14.5,61.5,419.1084189961962
14.5,62.5,419.1013085815654
14.5,63.5,419.0934145910985
14.5,64.5,419.0854247207026
14.5,65.5,419.0777148841498
14.5,66.5,419.06743380977474
14.5,67.5,419.058156657759
14.5,68.5,419.04878897729617
14.5,69.5,419.0385536994979
14.5,70.5,419.0305376537438
14.5,71.5,419.0243714280322
14.5,72.5,419.013876102036
14.5,73.5,419.00682735419446
14.5,74.5,418.89244256011904
14.5,75.5,418.953266669761
14.5,76.5,419.0801170614088
14.5,77.5,419.09587075305393
14.5,78.5,419.1580104943601
14.5,79.5,419.2888342670049
14.5,80.5,419.33486941715614
14.5,81.5,419.3870433151265
14.5,82.5,419.4489189376861
14.5,83.5,419.5065848199413
14.5,84.5,419.5574010470236
14.5,85.5,419.6087945132644
14.5,86.5,419.6614666884879
14.5,87.5,419.7178687680018
14.5,88.5,419.7763750059162
14.5,89.5,419.83460646654754
14.5,90.5,419.89556858664776
14.5,91.5,419.9491212758437
14.5,92.5,420.0053412534101
14.5,93.5,420.0654932173902
14.5,94.5,420.1200035095664
14.5,95.5,420.1702812261818
14.5,96.5,420.2272803230529
14.5,97.5,420.2848629081892
14.5,98.5,420.2388466818945
14.5,99.5,420.3906301561961
14.5,100.5,420.6013357849056
14.5,101.5,420.5011631418223
14.5,102.5,420.4669667969282
14.5,103.5,420.5096361643894
14.5,104.5,420.5293453169272
14.5,105.5,420.5552415145648
14.5,106.5,420.5046620052701
14.5,107.5,420.3306438089191
14.5,108.5,420.4099266126948
14.5,109.5,420.4912214171597
14.5,110.5,420.4284307262814
14.5,111.5,420.37662729614624
14.5,112.5,420.3315234971202
14.5,113.5,420.2903383689873
14.5,114.5,420.2571288276533
14.5,115.5,420.2361745573589
14.5,116.5,420.21495679897913
14.5,117.5,420.209893980407
14.5,118.5,420.2246140563662
14.5,119.5,420.2467132405122
14.5,120.5,420.4016604288805
14.5,121.5,420.22827132220107
14.5,122.5,420.138884533932
14.5,123.5,420.11410595283206
14.5,124.5,420.0847711613849
14.5,125.5,420.0609549369115
14.5,126.5,420.0270309580195
14.5,127.5,419.9943399547941
14.5,128.5,419.96296726456353
14.5,129.5,419.933927880645
14.5,130.5,419.90689843956704
14.5,131.5,419.8844676965057
14.5,132.5,419.8653702962672
14.5,133.5,419.8498750099943
14.5,134.5,419.8369296818045
14.5,135.5,419.8286579944848
14.5,136.5,419.8230446515476
14.5,137.5,419.8215173592392
14.5,138.5,419.82308883025325
14.5,139.5,419.8228081059386
14.5,140.5,419.82253179350886
14.5,141.5,419.8221869596088
14.5,142.5,419.8261812187421
14.5,143.5,419.83188195844656
14.5,144.5,419.8386629901048
14.5,145.5,419.8452282844135
14.5,146.5,419.8512230514024
14.5,147.5,419.8580880399373
14.5,148.5,419.86213651552737
14.5,149.5,419.8685795957552
14.5,150.5,419.87277195103854
14.5,151.5,419.8789846950602
14.5,152.5,419.88654529814
14.5,153.5,419.8960291561437
14.5,154.5,419.90670054372873
14.5,155.5,419.91793740242167
14.5,156.5,419.9302192042584
14.5,157.5,419.9390388471412
14.5,158.5,419.949536122803
14.5,159.5,419.9608227518195
14.5,160.5,419.97320617948026
14.5,161.5,419.98583478858495
14.5,162.5,419.9979176524297
14.5,163.5,420.01146189411946
14.5,164.5,420.02563196849735
14.5,165.5,420.039042798688
14.5,166.5,420.0492617168642
14.5,167.5,420.05553951647136
14.5,168.5,420.05999864109975
14.5,169.5,420.0635005859765
14.5,170.5,420.065689201042
14.5,171.5,420.06742057514725
14.5,172.5,420.0706368476441
14.5,173.5,420.0679293038672
14.5,174.5,420.0628924032729
14.5,175.5,420.05671555407895
14.5,176.5,420.0490447246323
14.5,177.5,420.0402381958798
14.5,178.5,420.030349277053
14.5,179.5,420.0197682462677
15.5,-179.5,420.0690920227012
15.5,-178.5,420.0563527599885
15.5,-177.5,420.0471391101651
15.5,-176.5,420.03444666906887
15.5,-175.5,420.0233976258006
15.5,-174.5,420.0139685351118
15.5,-173.5,420.0051736668515
15.5,-172.5,419.9946410414217
15.5,-171.5,419.98254007419473
15.5,-170.5,419.9756318302798
15.5,-169.5,419.9659462818014
15.5,-168.5,419.95512477785394
15.5,-167.5,419.9464542646604
15.5,-166.5,419.9387078325645
15.5,-165.5,419.9312131906673
15.5,-164.5,419.9262436879029
15.5,-163.5,419.9191741905921
15.5,-162.5,419.9116590481243
15.5,-161.5,419.9036607714508
15.5,-160.5,419.895458567698
15.5,-159.5,419.8865195292103
15.5,-158.5,419.8786393410583
15.5,-157.5,419.86812256006726
15.5,-156.5,419.8573527785812
15.5,-155.5,419.8452665080923
15.5,-154.5,419.8377184915156
15.5,-153.5,419.83090698901066
15.5,-152.5,419.825128582321
15.5,-151.5,419.8200613666086
15.5,-150.5,419.8167986668496
15.5,-149.5,419.8147880085689
15.5,-148.5,419.8147315076485
15.5,-147.5,419.813999072414
15.5,-146.5,419.8135867751467
15.5,-145.5,419.81409066794873
15.5,-144.5,419.81681871101057
15.5,-143.5,419.8177855234632
15.5,-142.5,419.8177040982167
15.5,-141.5,419.81411386295713
15.5,-140.5,419.8100603910244
15.5,-139.5,419.8055984978236
15.5,-138.5,419.8018217614008
15.5,-137.5,419.797873763937
15.5,-136.5,419.7875379766841
15.5,-135.5,419.780067387064
15.5,-134.5,419.7738673383892
15.5,-133.5,419.7699294011136
15.5,-132.5,419.76628215593337
15.5,-131.5,419.7632524204518
15.5,-130.5,419.7569023591872
15.5,-129.5,419.75077977467873
15.5,-128.5,419.7419375082432
15.5,-127.5,419.7330242178049
15.5,-126.5,419.72104510995695
15.5,-125.5,419.7065722436373
15.5,-124.5,419.6921337594986
15.5,-123.5,419.68020246142174
15.5,-122.5,419.6638360060403
15.5,-121.5,419.6516674928177
15.5,-120.5,419.6391071188369
15.5,-119.5,419.62454442235423
15.5,-118.5,419.60689795909104
15.5,-117.5,419.5892945260108
15.5,-116.5,419.5703607445136
15.5,-115.5,419.5502550718742
15.5,-114.5,419.53115736837697
15.5,-113.5,419.51398503298935
15.5,-112.5,419.4964040132879
15.5,-111.5,419.5077375816054
15.5,-110.5,419.4578001264576
15.5,-109.5,419.4406313118245
15.5,-108.5,419.425634892322
15.5,-107.5,419.41062101782217
15.5,-106.5,419.39395106000507
15.5,-105.5,419.3737742578652
15.5,-104.5,419.35039514721205
15.5,-103.5,419.32432518113336
15.5,-102.5,419.298345364304
15.5,-101.5,419.2759783720227
15.5,-100.5,419.2544879269718
15.5,-99.5,419.2312884988685
15.5,-98.5,419.2218947972135
15.5,-97.5,419.2097440740445
15.5,-96.5,419.1728810205352
15.5,-95.5,419.1321446327725
15.5,-94.5,419.044299045394
15.5,-93.5,418.8910593936496
15.5,-92.5,418.6043306606141
15.5,-91.5,418.4800110329065
15.5,-90.5,418.7266552205516
15.5,-89.5,418.9099758339163
15.5,-88.5,419.1572521621563
15.5,-87.5,419.18545294343306
15.5,-86.5,419.2159243960493
15.5,-85.5,419.2560974174375
15.5,-84.5,419.3565860748706
15.5,-83.5,419.3540535626853
15.5,-82.5,419.3540050434681
15.5,-81.5,419.3499050781433
15.5,-80.5,419.3442377718703
15.5,-79.5,419.3362641879181
15.5,-78.5,419.3442051900196
15.5,-77.5,419.32162934368085
15.5,-76.5,419.3192432342991
15.5,-75.5,419.3173946050844
15.5,-74.5,419.3176970570228
15.5,-73.5,419.3189339654796
15.5,-72.5,419.3215058294373
15.5,-71.5,419.3254221315405
15.5,-70.5,419.3283512468749
15.5,-69.5,419.3313287143731
15.5,-68.5,419.3310215983535
15.5,-67.5,419.3282072603255
15.5,-66.5,419.3258163199502
15.5,-65.5,419.3252167060292
15.5,-64.5,419.3252039128562
15.5,-63.5,419.3277401021591
15.5,-62.5,419.32876044493696
15.5,-61.5,419.32470731436166
15.5,-60.5,419.3139051923512
15.5,-59.5,419.32055720380856
15.5,-58.5,419.3175730161546
15.5,-57.5,419.3141636304098
15.5,-56.5,419.3077873995618
15.5,-55.5,419.30110037194106
15.5,-54.5,419.29377273382977
15.5,-53.5,419.2848199717977
15.5,-52.5,419.2756431301631
15.5,-51.5,419.2689903427863
15.5,-50.5,419.2630306484127
15.5,-49.5,419.260804187062
15.5,-48.5,419.25766952489744
15.5,-47.5,419.2549224290405
15.5,-46.5,419.2537104657759
15.5,-45.5,419.25485036985725
15.5,-44.5,419.2546975714265
15.5,-43.5,419.25068517911103
15.5,-42.5,419.24833456526943
15.5,-41.5,419.2819407680472
15.5,-40.5,419.2460933391837
15.5,-39.5,419.2791516257513
15.5,-38.5,419.2409302957741
15.5,-37.5,419.2393265036216
15.5,-36.5,419.2392711733858
15.5,-35.5,419.2409542761645
15.5,-34.5,419.2433054563186
15.5,-33.5,419.24681214079135
15.5,-32.5,419.24969143627055
15.5,-31.5,419.25360140373294
15.5,-30.5,419.2569632035575
15.5,-29.5,419.2586088935787
15.5,-28.5,419.2610180578822
15.5,-27.5,419.2657521497621
15.5,-26.5,419.2707616798673
15.5,-25.5,419.2762230565156
15.5,-24.5,419.27449714232375
15.5,-23.5,419.2788405060638
15.5,-22.5,419.2924029640057
15.5,-21.5,419.2952523010929
15.5,-20.5,419.2950667319914
15.5,-19.5,419.29566564611616
15.5,-18.5,419.3012904686008
15.5,-17.5,419.3106136246901
15.5,-16.5,419.3115951673689
15.5,-15.5,419.3148703215842
15.5,-14.5,419.3294704091065
15.5,-13.5,419.3519248605926
15.5,-12.5,419.3619794364049
15.5,-11.5,419.3685419902368
15.5,-10.5,419.38608936264177
15.5,-9.5,419.398468450795
15.5,-8.5,419.4102724558866
15.5,-7.5,419.4199062660449
15.5,-6.5,419.3662947243149
15.5,-5.5,419.3474740494722
15.5,-4.5,419.31411691042297
15.5,-3.5,419.2687714950186
15.5,-2.5,419.2112160693047
15.5,-1.5,419.1686974103853
15.5,-0.5,419.13798498356726
15.5,0.5,419.09889877186174
15.5,1.5,419.07691533741854
15.5,2.5,419.05940453814793
15.5,3.5,419.0456887365104
15.5,4.5,419.03157163062167
15.5,5.5,419.0259376119376
15.5,6.5,419.0245945460832
15.5,7.5,419.0316556770652
15.5,8.5,418.99848227325134
15.5,9.5,419.0121388567919
15.5,10.5,419.0382716035005
15.5,11.5,419.05146313555394
15.5,12.5,419.09213619750574
15.5,13.5,419.1202749973353
15.5,14.5,419.1403562632747
15.5,15.5,419.1691843080668
15.5,16.5,419.183298578565
15.5,17.5,419.2298155631192
15.5,18.5,419.25826424991646
15.5,19.5,419.27585565542665
15.5,20.5,419.2731904280477
15.5,21.5,419.2351203246125
15.5,22.5,419.22480111892975
15.5,23.5,419.2152857434834
15.5,24.5,419.20141687046754
15.5,25.5,419.1806263880927
15.5,26.5,419.160951618617
15.5,27.5,419.1277036795752
15.5,28.5,419.0923409809356
15.5,29.5,419.0293333683439
15.5,30.5,418.965940877503
15.5,31.5,418.9307931872494
15.5,32.5,418.9211729079216
15.5,33.5,418.8720144860808
15.5,34.5,418.8865581848868
15.5,35.5,418.9430458522294
15.5,36.5,419.004831331039
15.5,37.5,419.081743039242
15.5,38.5,419.169099771084
15.5,39.5,419.3471858253933
15.5,40.5,419.3262399776452
15.5,41.5,419.35270509211387
15.5,42.5,419.4118038054951
15.5,43.5,419.3678639527077
15.5,44.5,419.1939097483125
15.5,45.5,419.2481462719382
15.5,46.5,419.2657802285325
15.5,47.5,419.2307670196169
15.5,48.5,419.1826816609965
15.5,49.5,419.1493019592938
15.5,50.5,419.2086544793917
15.5,51.5,419.2316442532424
15.5,52.5,419.2548080132793
15.5,53.5,419.2432178694063
15.5,54.5,419.22550585145865
15.5,55.5,419.208541144716
15.5,56.5,419.1918251302423
15.5,57.5,419.1746455044036
15.5,58.5,419.1590512355655
15.5,59.5,419.1441545329065
15.5,60.5,419.1308889468288
15.5,61.5,419.1176790381252
15.5,62.5,419.1040755455924
15.5,63.5,419.0897270788347
15.5,64.5,419.0773754860178
15.5,65.5,419.04693509557393
15.5,66.5,419.0544248819924
15.5,67.5,419.0404498317724
15.5,68.5,419.02589744669433
15.5,69.5,419.009501079621
15.5,70.5,418.9944757710759
15.5,71.5,418.9799966468855
15.5,72.5,418.9732737249448
15.5,73.5,418.9609800383395
15.5,74.5,418.8795950714184
15.5,75.5,418.9297401277032
15.5,76.5,418.9813212501911
15.5,77.5,419.03606710796856
15.5,78.5,419.0890320618077
15.5,79.5,419.18318501105256
15.5,80.5,419.2819926995173
15.5,81.5,419.3413648936864
15.5,82.5,419.3992472405774
15.5,83.5,419.4681327061583
15.5,84.5,419.5267024728185
15.5,85.5,419.5755167859714
15.5,86.5,419.6217299236404
15.5,87.5,419.6748172285451
15.5,88.5,419.7282602556501
15.5,89.5,419.7847398137682
15.5,90.5,419.8435878205147
15.5,91.5,419.9060473607887
15.5,92.5,419.96980289178987
15.5,93.5,420.0249030616336
15.5,94.5,420.07840401125975
15.5,95.5,420.1409971239927
15.5,96.5,420.1974174520796
15.5,97.5,420.2514433541693
15.5,98.5,420.2378233579514
15.5,99.5,420.25662961056975
15.5,100.5,420.4818580022359
15.5,101.5,420.5034603713172
15.5,102.5,420.5444443375943
15.5,103.5,420.5662845086612
15.5,104.5,420.58022642312574
15.5,105.5,420.5908152611713
15.5,106.5,420.40214085258697
15.5,107.5,420.3253666209
15.5,108.5,420.5600951392543
15.5,109.5,420.61117324366336
15.5,110.5,420.4977773343596
15.5,111.5,420.4459693681392
15.5,112.5,420.4004909739505
15.5,113.5,420.3603970759408
15.5,114.5,420.3256234064012
15.5,115.5,420.2972057825252
15.5,116.5,420.2722395746566
15.5,117.5,420.2572002549941
15.5,118.5,420.2718676757103
15.5,119.5,420.343350587504
15.5,120.5,420.2046981457093
15.5,121.5,420.1494158179816
15.5,122.5,420.19245488860673
15.5,123.5,420.1597268163657
15.5,124.5,420.1271204768741
15.5,125.5,420.10214836223344
15.5,126.5,420.0733201184639
15.5,127.5,420.04498530010267
15.5,128.5,420.01713984899686
15.5,129.5,419.99162851340975
15.5,130.5,419.9638816538649
15.5,131.5,419.9361885984715
15.5,132.5,419.9123323669155
15.5,133.5,419.8936148699908
15.5,134.5,419.8778258895216
15.5,135.5,419.8653935441606
15.5,136.5,419.85871278731895
15.5,137.5,419.8557832781632
15.5,138.5,419.85373334344087
15.5,139.5,419.8559635734269
15.5,140.5,419.860162161074
15.5,141.5,419.8651782332684
15.5,142.5,419.87440266462033
15.5,143.5,419.88547548067424
15.5,144.5,419.8968020897941
15.5,145.5,419.9077428943157
15.5,146.5,419.9175519068332
15.5,147.5,419.9226002038661
15.5,148.5,419.92637348513466
15.5,149.5,419.93006425108456
15.5,150.5,419.93375529525593
15.5,151.5,419.9382842028316
15.5,152.5,419.9451083850824
15.5,153.5,419.9541139539194
15.5,154.5,419.96522378555767
15.5,155.5,419.976109059734
15.5,156.5,419.9879426872072
15.5,157.5,420.000687572512
15.5,158.5,420.0146418632526
15.5,159.5,420.0251219667724
15.5,160.5,420.0382259965381
15.5,161.5,420.05143639528654
15.5,162.5,420.06566455940776
15.5,163.5,420.0791729296258
15.5,164.5,420.0923027383132
15.5,165.5,420.0997580771819
15.5,166.5,420.1057457068479
15.5,167.5,420.10992633902094
15.5,168.5,420.1137339736713
15.5,169.5,420.1157910667828
15.5,170.5,420.1170597124131
15.5,171.5,420.119071037361
15.5,172.5,420.122737581069
15.5,173.5,420.1247108395055
15.5,174.5,420.1235372432453
15.5,175.5,420.12001258558223
15.5,176.5,420.1151937014578
15.5,177.5,420.1063579124466
15.5,178.5,420.092048995008
15.5,179.5,420.0859247513187
16.5,-179.5,420.1266119141034
16.5,-178.5,420.1158441019999
16.5,-177.5,420.10231261329415
16.5,-176.5,420.08701221235566
16.5,-175.5,420.0717297258137
16.5,-174.5,420.0599642654644
16.5,-173.5,420.0494290924456
16.5,-172.5,420.0392897612937
16.5,-171.5,420.02996676628015
16.5,-170.5,420.0208696840251
16.5,-169.5,420.0109303004367
16.5,-168.5,420.0014798465885
16.5,-167.5,419.9933389549545
16.5,-166.5,419.9858246560932
16.5,-165.5,419.9790827583466
16.5,-164.5,419.9732443512375
16.5,-163.5,419.9667816386584
16.5,-162.5,419.9608593339454
16.5,-161.5,419.9561913349496
16.5,-160.5,419.9512279109096
16.5,-159.5,419.9442599230964
16.5,-158.5,419.93376077671167
16.5,-157.5,419.9232831786136
16.5,-156.5,419.912294988246
16.5,-155.5,419.9026621438285
16.5,-154.5,419.8939507241044
16.5,-153.5,419.8900588261735
16.5,-152.5,419.8848271610629
16.5,-151.5,419.87732997073465
16.5,-150.5,419.87022347429786
16.5,-149.5,419.867358733751
16.5,-148.5,419.8671972937428
16.5,-147.5,419.8675494907666
16.5,-146.5,419.8714197058191
16.5,-145.5,419.8726602914023
16.5,-144.5,419.8736419502001
16.5,-143.5,419.87566742955966
16.5,-142.5,419.8750503813393
16.5,-141.5,419.872483028125
16.5,-140.5,419.8650857231935
16.5,-139.5,419.8608800835225
16.5,-138.5,419.858731950428
16.5,-137.5,419.8545983259186
16.5,-136.5,419.8500305906279
16.5,-135.5,419.8450760376908
16.5,-134.5,419.8373509113527
16.5,-133.5,419.8257574545412
16.5,-132.5,419.8184411841434
16.5,-131.5,419.81267740274535
16.5,-130.5,419.8068698897225
16.5,-129.5,419.79790392496255
16.5,-128.5,419.78942247271647
16.5,-127.5,419.7812752831685
16.5,-126.5,419.7728413833017
16.5,-125.5,419.7599941611574
16.5,-124.5,419.74416572159777
16.5,-123.5,419.7277818397724
16.5,-122.5,419.7146599959541
16.5,-121.5,419.7026948028694
16.5,-120.5,419.692345103288
16.5,-119.5,419.6781156900158
16.5,-118.5,419.6638078918687
16.5,-117.5,419.6482977086263
16.5,-116.5,419.6300151768596
16.5,-115.5,419.6093985587179
16.5,-114.5,419.5873763262328
16.5,-113.5,419.56624250894896
16.5,-112.5,419.5467864187407
16.5,-111.5,419.5241737040976
16.5,-110.5,419.50222350089774
16.5,-109.5,419.4826898860896
16.5,-108.5,419.46660728810633
16.5,-107.5,419.4510437711952
16.5,-106.5,419.4352584730615
16.5,-105.5,419.4160629728046
16.5,-104.5,419.3921837414188
16.5,-103.5,419.3630618781156
16.5,-102.5,419.3344210679964
16.5,-101.5,419.3096291470056
16.5,-100.5,419.2962792442947
16.5,-99.5,419.2758065860926
16.5,-98.5,419.2539921267015
16.5,-97.5,419.09963371732704
16.5,-96.5,418.9275435528005
16.5,-95.5,419.0837661560747
16.5,-94.5,419.013333172838
16.5,-93.5,418.83745794622905
16.5,-92.5,418.6474102871583
16.5,-91.5,418.7465126848641
16.5,-90.5,418.9720781927281
16.5,-89.5,419.0521117316062
16.5,-88.5,419.2561934827993
16.5,-87.5,419.3103749590173
16.5,-86.5,419.340035947365
16.5,-85.5,419.3616196936579
16.5,-84.5,419.3735396930829
16.5,-83.5,419.37585091637146
16.5,-82.5,419.3740089496587
16.5,-81.5,419.370374357517
16.5,-80.5,419.36484218982
16.5,-79.5,419.35778053863135
16.5,-78.5,419.3504101015863
16.5,-77.5,419.3419051164168
16.5,-76.5,419.3352176020277
16.5,-75.5,419.3332958828447
16.5,-74.5,419.3322422862221
16.5,-73.5,419.3336057767644
16.5,-72.5,419.3381180559848
16.5,-71.5,419.3431341883258
16.5,-70.5,419.344944912059
16.5,-69.5,419.3449917811589
16.5,-68.5,419.3469275498444
16.5,-67.5,419.3444526420684
16.5,-66.5,419.34189309677765
16.5,-65.5,419.3410685807412
16.5,-64.5,419.34001120699406
16.5,-63.5,419.3407454226771
16.5,-62.5,419.3424871005154
16.5,-61.5,419.3370280278477
16.5,-60.5,419.3361106286845
16.5,-59.5,419.3347023373223
16.5,-58.5,419.33247800917104
16.5,-57.5,419.33097618597
16.5,-56.5,419.3290476245875
16.5,-55.5,419.3670855545658
16.5,-54.5,419.3211540086775
16.5,-53.5,419.3137886434071
16.5,-52.5,419.30525035041234
16.5,-51.5,419.2975977501908
16.5,-50.5,419.2929243192612
16.5,-49.5,419.2872210857776
16.5,-48.5,419.2813515303612
16.5,-47.5,419.3157844901784
16.5,-46.5,419.3123795216791
16.5,-45.5,419.2713644157406
16.5,-44.5,419.2715122493825
16.5,-43.5,419.2702655942222
16.5,-42.5,419.26699999150657
16.5,-41.5,419.26437529451147
16.5,-40.5,419.2615854056231
16.5,-39.5,419.2591044265896
16.5,-38.5,419.2900023462571
16.5,-37.5,419.2559528810344
16.5,-36.5,419.255097645541
16.5,-35.5,419.25551737042593
16.5,-34.5,419.2563978492295
16.5,-33.5,419.2573467577598
16.5,-32.5,419.2592104415809
16.5,-31.5,419.2622574304047
16.5,-30.5,419.2648041125441
16.5,-29.5,419.2662445187804
16.5,-28.5,419.2670645190398
16.5,-27.5,419.2687971890587
16.5,-26.5,419.2720367695524
16.5,-25.5,419.2741361594408
16.5,-24.5,419.2773938144775
16.5,-23.5,419.28608647694415
16.5,-22.5,419.2908514598933
16.5,-21.5,419.29635144803655
16.5,-20.5,419.2985966976152
16.5,-19.5,419.29735935451777
16.5,-18.5,419.29789154981097
16.5,-17.5,419.2986437496895
16.5,-16.5,419.2999184904839
16.5,-15.5,419.2980724121549
16.5,-14.5,419.305876536165
16.5,-13.5,419.3050822660175
16.5,-12.5,419.2915980777513
16.5,-11.5,419.2772539399017
16.5,-10.5,419.2716941896512
16.5,-9.5,419.2818306515602
16.5,-8.5,419.3023791839888
16.5,-7.5,419.3059869956521
16.5,-6.5,419.2859604180733
16.5,-5.5,419.2825638544831
16.5,-4.5,419.28408845902834
16.5,-3.5,419.2533804316239
16.5,-2.5,419.21773763035947
16.5,-1.5,419.1828206485719
16.5,-0.5,419.1530393910854
16.5,0.5,419.1274945946301
16.5,1.5,419.0818003805298
16.5,2.5,419.0740646139583
16.5,3.5,419.0593190339896
16.5,4.5,419.0514137634665
16.5,5.5,419.030613704027
16.5,6.5,419.0362098672589
16.5,7.5,419.0494589610706
16.5,8.5,419.04162014823527
16.5,9.5,419.0561203899355
16.5,10.5,419.0616414565765
16.5,11.5,419.0609109971073
16.5,12.5,419.0746018852993
16.5,13.5,419.1022412307796
16.5,14.5,419.1347842742268
16.5,15.5,419.1728560208413
16.5,16.5,419.2094845259957
16.5,17.5,419.2283245313519
16.5,18.5,419.2474807655088
16.5,19.5,419.2633037956872
16.5,20.5,419.2562835609588
16.5,21.5,419.2472102135686
16.5,22.5,419.1987578434929
16.5,23.5,419.2210902535454
16.5,24.5,419.267052499401
16.5,25.5,419.2552205254854
16.5,26.5,419.2435127874751
16.5,27.5,419.2212135896483
16.5,28.5,419.1976011226676
16.5,29.5,419.1512258551639
16.5,30.5,419.1006854442208
16.5,31.5,419.0523507823541
16.5,32.5,419.025739908032
16.5,33.5,418.98822967337
16.5,34.5,418.9736498083535
16.5,35.5,418.9856150399868
16.5,36.5,419.0226249170903
16.5,37.5,419.0776216772739
16.5,38.5,419.1197217078656
16.5,39.5,419.2900889205203
16.5,40.5,419.3441478947307
16.5,41.5,419.4108274084293
16.5,42.5,419.4700483012045
16.5,43.5,419.14692960847424
16.5,44.5,419.2123513828546
16.5,45.5,419.2778211390756
16.5,46.5,419.2981115754758
16.5,47.5,419.2749274562694
16.5,48.5,419.2569575308799
16.5,49.5,419.2574548626354
16.5,50.5,419.2184523139085
16.5,51.5,419.2238830269823
16.5,52.5,419.2719284778976
16.5,53.5,419.2864836143039
16.5,54.5,419.273752622929
16.5,55.5,419.256944013836
16.5,56.5,419.2398022634192
16.5,57.5,419.2188803239576
16.5,58.5,419.1824492646888
16.5,59.5,419.17758307648006
16.5,60.5,419.1561565089227
16.5,61.5,419.1354568117758
16.5,62.5,419.1167649767479
16.5,63.5,419.0993042405925
16.5,64.5,419.0846853099391
16.5,65.5,419.0687491813758
16.5,66.5,419.05371374542113
16.5,67.5,419.0373147859314
16.5,68.5,418.9989088296898
16.5,69.5,418.99681167667046
16.5,70.5,418.97450974405945
16.5,71.5,418.960782660066
16.5,72.5,418.9662534700455
16.5,73.5,418.9463112326422
16.5,74.5,418.8726443655975
16.5,75.5,418.9213652340807
16.5,76.5,418.9515796222401
16.5,77.5,419.09020924304485
16.5,78.5,419.0164249326468
16.5,79.5,419.1509957294123
16.5,80.5,419.2891014966967
16.5,81.5,419.3923707948698
16.5,82.5,419.43266687107104
16.5,83.5,419.4644617056611
16.5,84.5,419.5050438317645
16.5,85.5,419.5653209417592
16.5,86.5,419.6087920568116
16.5,87.5,419.6458762936448
16.5,88.5,419.6904382415935
16.5,89.5,419.7381735218244
16.5,90.5,419.7897873498729
16.5,91.5,419.8488077923199
16.5,92.5,419.91712724001775
16.5,93.5,419.9700523660301
16.5,94.5,420.0158657726169
16.5,95.5,420.097333862296
16.5,96.5,420.1852134684396
16.5,97.5,420.27022586005774
16.5,98.5,420.1620525339968
16.5,99.5,420.3971918510324
16.5,100.5,420.2931954540495
16.5,101.5,420.5498299307734
16.5,102.5,420.52996801668303
16.5,103.5,420.628365810481
16.5,104.5,420.65333878467726
16.5,105.5,420.6860450006453
16.5,106.5,420.617024640474
16.5,107.5,420.7622540663269
16.5,108.5,420.7708125122516
16.5,109.5,420.6632883943062
16.5,110.5,420.5846504350662
16.5,111.5,420.5320744054747
16.5,112.5,420.4854100935314
16.5,113.5,420.4405263163863
16.5,114.5,420.4002064306927
16.5,115.5,420.3671402856887
16.5,116.5,420.3384135388212
16.5,117.5,420.3159010859672
16.5,118.5,420.3075242093606
16.5,119.5,420.3504166050179
16.5,120.5,420.1984940268596
16.5,121.5,420.10330480791896
16.5,122.5,420.2137107777289
16.5,123.5,420.222089978962
16.5,124.5,420.1735223662997
16.5,125.5,420.1437898402121
16.5,126.5,420.1149612488887
16.5,127.5,420.0885219771372
16.5,128.5,420.0671517917439
16.5,129.5,420.0432908859016
16.5,130.5,420.015459921292
16.5,131.5,419.9857096469442
16.5,132.5,419.9575764175424
16.5,133.5,419.9358804908813
16.5,134.5,419.9213284595352
16.5,135.5,419.9064503960311
16.5,136.5,419.8941601618671
16.5,137.5,419.886658651535
16.5,138.5,419.882799044691
16.5,139.5,419.8841674948179
16.5,140.5,419.8907335863848
16.5,141.5,419.9026614635267
16.5,142.5,419.91610788879007
16.5,143.5,419.9313685944858
16.5,144.5,419.9462003545417
16.5,145.5,419.95924407461007
16.5,146.5,419.9733959570484
16.5,147.5,419.9752102590406
16.5,148.5,419.97802832572165
16.5,149.5,419.9810525073564
16.5,150.5,419.9836360212352
16.5,151.5,419.9881980118243
16.5,152.5,419.9966752922159
16.5,153.5,420.0077514464343
16.5,154.5,420.016849173938
16.5,155.5,420.02699704795447
16.5,156.5,420.038265091479
16.5,157.5,420.0508695144146
16.5,158.5,420.0639733226113
16.5,159.5,420.0790296872632
16.5,160.5,420.0919294572805
16.5,161.5,420.10361007775816
16.5,162.5,420.1147256321003
16.5,163.5,420.12514055686125
16.5,164.5,420.13442007458457
16.5,165.5,420.1392798225112
16.5,166.5,420.1439033143958
16.5,167.5,420.1481222978248
16.5,168.5,420.15042642964426
16.5,169.5,420.1521727775681
16.5,170.5,420.1533232307205
16.5,171.5,420.1552134029816
16.5,172.5,420.1573263478607
16.5,173.5,420.1602721784602
16.5,174.5,420.1614694279815
16.5,175.5,420.1613227887613
16.5,176.5,420.1581374287796
16.5,177.5,420.1518911148666
16.5,178.5,420.1439719145468
16.5,179.5,420.13545589325634
17.5,-179.5,420.1624940302935
17.5,-178.5,420.15409774467776
17.5,-177.5,420.1427103627854
17.5,-176.5,420.1292364734155
17.5,-175.5,420.1147053627031
17.5,-174.5,420.1009087088145
17.5,-173.5,420.0892559014288
17.5,-172.5,420.0789238937844
17.5,-171.5,420.0691397683776
17.5,-170.5,420.0578484218762
17.5,-169.5,420.04648348265766
17.5,-168.5,420.0388220500433
17.5,-167.5,420.0274831229374
17.5,-166.5,420.0162814636477
17.5,-165.5,420.0129990612653
17.5,-164.5,420.0083898752895
17.5,-163.5,420.00333152503856
17.5,-162.5,419.9987625359748
17.5,-161.5,419.9969497542012
17.5,-160.5,419.99305427458654
17.5,-159.5,419.9881230592879
17.5,-158.5,419.98182573794713
17.5,-157.5,419.972947552974
17.5,-156.5,419.9684564188093
17.5,-155.5,419.96258641976914
17.5,-154.5,419.95560251827726
17.5,-153.5,419.9469095902533
17.5,-152.5,419.9414628291116
17.5,-151.5,419.9364287264677
17.5,-150.5,419.9288314246734
17.5,-149.5,419.9243653820013
17.5,-148.5,419.92347871807794
17.5,-147.5,419.9249066212569
17.5,-146.5,419.9263047591213
17.5,-145.5,419.9279248821904
17.5,-144.5,419.9292877024542
17.5,-143.5,419.9304035449995
17.5,-142.5,419.9285116523736
17.5,-141.5,419.9249116573667
17.5,-140.5,419.9219062258732
17.5,-139.5,419.917589547721
17.5,-138.5,419.912300278189
17.5,-137.5,419.9085546015327
17.5,-136.5,419.9031270610273
17.5,-135.5,419.8965394813716
17.5,-134.5,419.8907099466012
17.5,-133.5,419.8839396131224
17.5,-132.5,419.87770182102486
17.5,-131.5,419.86858965864513
17.5,-130.5,419.8589256800354
17.5,-129.5,419.84940102497023
17.5,-128.5,419.8373271581614
17.5,-127.5,419.8279100573517
17.5,-126.5,419.82057586786544
17.5,-125.5,419.8082607331319
17.5,-124.5,419.7944423138388
17.5,-123.5,419.7803631298075
17.5,-122.5,419.7693316702332
17.5,-121.5,419.7595374214352
17.5,-120.5,419.7483838380935
17.5,-119.5,419.73561363932697
17.5,-118.5,419.72374975292337
17.5,-117.5,419.7112378465172
17.5,-116.5,419.69739941399854
17.5,-115.5,419.6757941694401
17.5,-114.5,419.6543834286672
17.5,-113.5,419.65921350468153
17.5,-112.5,419.6094342050453
17.5,-111.5,419.5872824949653
17.5,-110.5,419.5647284326128
17.5,-109.5,419.5425170798324
17.5,-108.5,419.52185371477657
17.5,-107.5,419.5015718917143
17.5,-106.5,419.485391789305
17.5,-105.5,419.46686159859263
17.5,-104.5,419.446615502941
17.5,-103.5,419.42798684432177
17.5,-102.5,419.40114262135074
17.5,-101.5,419.3781046160896
17.5,-100.5,419.32250977410206
17.5,-99.5,419.1783735719642
17.5,-98.5,419.05089169429226
17.5,-97.5,418.9729789883423
17.5,-96.5,418.966208588968
17.5,-95.5,419.2874651453354
17.5,-94.5,419.18194354905967
17.5,-93.5,419.07058291803145
17.5,-92.5,418.8924347639488
17.5,-91.5,418.9065629559972
17.5,-90.5,419.0526749970052
17.5,-89.5,419.1434765720482
17.5,-88.5,419.2951999841032
17.5,-87.5,419.3626673260921
17.5,-86.5,419.3848086582291
17.5,-85.5,419.3972842870786
17.5,-84.5,419.40434671983934
17.5,-83.5,419.4034098335069
17.5,-82.5,419.3990488664549
17.5,-81.5,419.3938544122447
17.5,-80.5,419.3887587874588
17.5,-79.5,419.3844503526994
17.5,-78.5,419.379009224905
17.5,-77.5,419.366510100076
17.5,-76.5,419.3616877644224
17.5,-75.5,419.35169118234455
17.5,-74.5,419.35087838730703
17.5,-73.5,419.371788081111
17.5,-72.5,419.3524120321856
17.5,-71.5,419.3578906379086
17.5,-70.5,419.3678560583779
17.5,-69.5,419.3610915932669
17.5,-68.5,419.3595030406304
17.5,-67.5,419.3595712659196
17.5,-66.5,419.3533008913507
17.5,-65.5,419.3567978549676
17.5,-64.5,419.3563193191532
17.5,-63.5,419.3504245545009
17.5,-62.5,419.3529677387848
17.5,-61.5,419.3525634151248
17.5,-60.5,419.35233117863567
17.5,-59.5,419.3515068064408
17.5,-58.5,419.34926609643145
17.5,-57.5,419.34850787077846
17.5,-56.5,419.34784090452246
17.5,-55.5,419.3461205135731
17.5,-54.5,419.34324126463525
17.5,-53.5,419.3376272304549
17.5,-52.5,419.3306921871432
17.5,-51.5,419.323943652269
17.5,-50.5,419.3174893046031
17.5,-49.5,419.31113790975576
17.5,-48.5,419.3054688669172
17.5,-47.5,419.3006863832478
17.5,-46.5,419.29605285497263
17.5,-45.5,419.29246666488086
17.5,-44.5,419.2922600958599
17.5,-43.5,419.2920941480475
17.5,-42.5,419.2909863384106
17.5,-41.5,419.28736533776
17.5,-40.5,419.28267701959953
17.5,-39.5,419.2794901076031
17.5,-38.5,419.2770502710994
17.5,-37.5,419.27497387005
17.5,-36.5,419.273288107678
17.5,-35.5,419.2726393421853
17.5,-34.5,419.27056563944194
17.5,-33.5,419.2685180751413
17.5,-32.5,419.2682931422072
17.5,-31.5,419.26987614708327
17.5,-30.5,419.2722935373297
17.5,-29.5,419.2744720383381
17.5,-28.5,419.2760860655008
17.5,-27.5,419.2778248284744
17.5,-26.5,419.2773590423343
17.5,-25.5,419.2765161016645
17.5,-24.5,419.2791689569728
17.5,-23.5,419.2827464561972
17.5,-22.5,419.2875993174773
17.5,-21.5,419.2918575085801
17.5,-20.5,419.3406515508886
17.5,-19.5,419.30095484325153
17.5,-18.5,419.30142211372817
17.5,-17.5,419.3012628036594
17.5,-16.5,419.300019597057
17.5,-15.5,419.3360826387607
17.5,-14.5,419.3273073997125
17.5,-13.5,419.2846876883906
17.5,-12.5,419.26216337146167
17.5,-11.5,419.2348294164156
17.5,-10.5,419.2359097062805
17.5,-9.5,419.23484975608056
17.5,-8.5,419.2424599007601
17.5,-7.5,419.23499641551496
17.5,-6.5,419.233122661918
17.5,-5.5,419.2315847985229
17.5,-4.5,419.23395066195286
17.5,-3.5,419.2287296775734
17.5,-2.5,419.2124110170091
17.5,-1.5,419.1867724953248
17.5,-0.5,419.1620285167806
17.5,0.5,419.135661232002
17.5,1.5,419.12194059270536
17.5,2.5,419.1181548774639
17.5,3.5,419.1075119370589
17.5,4.5,419.10302200695946
17.5,5.5,419.0914335324824
17.5,6.5,419.0958859953684
17.5,7.5,419.08327521944864
17.5,8.5,419.0400751369826
17.5,9.5,419.09083103482624
17.5,10.5,419.09922444088704
17.5,11.5,419.0938937351339
17.5,12.5,419.09714423547086
17.5,13.5,419.113651177337
17.5,14.5,419.1427177200657
17.5,15.5,419.1758253305868
17.5,16.5,419.2029356686996
17.5,17.5,419.2059314357932
17.5,18.5,419.25328825668936
17.5,19.5,419.26374118242927
17.5,20.5,419.2738698918048
17.5,21.5,419.247013090636
17.5,22.5,419.2229061895725
17.5,23.5,419.2210537035257
17.5,24.5,419.28411608594735
17.5,25.5,419.30725041643313
17.5,26.5,419.3072609784047
17.5,27.5,419.295595872032
17.5,28.5,419.2739102937616
17.5,29.5,419.2505639370699
17.5,30.5,419.2196559571509
17.5,31.5,419.18396951276776
17.5,32.5,419.1490559009858
17.5,33.5,419.1114943000256
17.5,34.5,419.08562424166246
17.5,35.5,419.068705654996
17.5,36.5,419.0996589072013
17.5,37.5,419.1185718099639
17.5,38.5,419.2460183922544
17.5,39.5,419.3407330203887
17.5,40.5,419.4086327381295
17.5,41.5,419.4723231199344
17.5,42.5,419.46448187045286
17.5,43.5,419.1992573178249
17.5,44.5,419.3314606172996
17.5,45.5,419.3536896869005
17.5,46.5,419.3661127116681
17.5,47.5,419.3630471528679
17.5,48.5,419.3636152779748
17.5,49.5,419.3457275789005
17.5,50.5,419.3453935386845
17.5,51.5,419.2854383396576
17.5,52.5,419.27231557373074
17.5,53.5,419.2594564955583
17.5,54.5,419.2545821460781
17.5,55.5,419.30243536517577
17.5,56.5,419.2918104355719
17.5,57.5,419.26925403783815
17.5,58.5,419.2462554180648
17.5,59.5,419.22392727089664
17.5,60.5,419.1987727951938
17.5,61.5,419.1741475858007
17.5,62.5,419.1512059291987
17.5,63.5,419.1277617569766
17.5,64.5,419.1054629081743
17.5,65.5,419.0850528465679
17.5,66.5,419.0681367504927
17.5,67.5,419.0502698048633
17.5,68.5,419.028352131923
17.5,69.5,419.0045653441651
17.5,70.5,418.9820775113057
17.5,71.5,418.9693843041006
17.5,72.5,419.0184996478257
17.5,73.5,418.8781901743714
17.5,74.5,418.8788820917884
17.5,75.5,418.90846851329127
17.5,76.5,418.9317262627664
17.5,77.5,418.9440010638137
17.5,78.5,419.0142089740056
17.5,79.5,419.0794898552687
17.5,80.5,419.1567324101283
17.5,81.5,419.2713992211304
17.5,82.5,419.42337834747184
17.5,83.5,419.7586485238373
17.5,84.5,419.58403227984553
17.5,85.5,419.5912228147021
17.5,86.5,419.6247864302737
17.5,87.5,419.65086841454143
17.5,88.5,419.6729290196976
17.5,89.5,419.7003985485787
17.5,90.5,419.7471821067396
17.5,91.5,419.794936047498
17.5,92.5,419.8465065683728
17.5,93.5,419.9022219389605
17.5,94.5,419.9511500324728
17.5,95.5,420.0441960424608
17.5,96.5,420.1662647330388
17.5,97.5,420.1880382698518
17.5,98.5,420.170776130056
17.5,99.5,420.51526819663457
17.5,100.5,420.304575399999
17.5,101.5,420.4281619202876
17.5,102.5,420.6759971373216
17.5,103.5,420.657829958284
17.5,104.5,420.7773318286372
17.5,105.5,420.7737654165266
17.5,106.5,420.8134642232056
17.5,107.5,420.9422303227346
17.5,108.5,420.828331272949
17.5,109.5,420.7517108838717
17.5,110.5,420.6963736435547
17.5,111.5,420.6381517376879
17.5,112.5,420.58367946320425
17.5,113.5,420.5377616258569
17.5,114.5,420.4951898709045
17.5,115.5,420.4543080302224
17.5,116.5,420.4158236943153
17.5,117.5,420.3803541071735
17.5,118.5,420.35140645873486
17.5,119.5,420.3408444546388
17.5,120.5,420.15564536361313
17.5,121.5,420.2635410323177
17.5,122.5,420.2990808665799
17.5,123.5,420.2639482669992
17.5,124.5,420.23108570759086
17.5,125.5,420.19928319868905
17.5,126.5,420.1703359640172
17.5,127.5,420.1440798430445
17.5,128.5,420.1184545739346
17.5,129.5,420.0920715710169
17.5,130.5,420.065078184095
17.5,131.5,420.039034900043
17.5,132.5,420.01554217177824
17.5,133.5,419.99292510969457
17.5,134.5,419.9735089689671
17.5,135.5,419.9576933853945
17.5,136.5,419.9429664194222
17.5,137.5,419.9286414385582
17.5,138.5,419.92341969756313
17.5,139.5,419.9229659282538
17.5,140.5,419.9281959464556
17.5,141.5,419.9400292953381
17.5,142.5,419.9539924845786
17.5,143.5,419.96860311265146
17.5,144.5,419.9834466773573
17.5,145.5,419.9933463143365
17.5,146.5,420.0068410835528
17.5,147.5,420.0146873923899
17.5,148.5,420.0183123673124
17.5,149.5,420.0226753385162
17.5,150.5,420.027107443356
17.5,151.5,420.0321909022636
17.5,152.5,420.0368099767362
17.5,153.5,420.0485144823545
17.5,154.5,420.05921607535225
17.5,155.5,420.0698912748946
17.5,156.5,420.0818256879392
17.5,157.5,420.0921935850107
17.5,158.5,420.1049368366357
17.5,159.5,420.11742309756033
17.5,160.5,420.1303793289484
17.5,161.5,420.140563025362
17.5,162.5,420.1468480269897
17.5,163.5,420.1540464636574
17.5,164.5,420.1585082218344
17.5,165.5,420.16171153729823
17.5,166.5,420.16515327480977
17.5,167.5,420.16919506072094
17.5,168.5,420.1734918786194
17.5,169.5,420.1745523167359
17.5,170.5,420.1760052577956
17.5,171.5,420.1789185380151
17.5,172.5,420.1786994574365
17.5,173.5,420.18122353057566
17.5,174.5,420.1828281028445
17.5,175.5,420.1848352946164
17.5,176.5,420.1850521210439
17.5,177.5,420.1814375831689
17.5,178.5,420.1758217392892
17.5,179.5,420.1693843923581
18.5,-179.5,420.17955255314894
18.5,-178.5,420.1732978215427
18.5,-177.5,420.16717384413096
18.5,-176.5,420.15867614504
18.5,-175.5,420.1507306529145
18.5,-174.5,420.138565330256
18.5,-173.5,420.1265087078509
18.5,-172.5,420.116406818783
18.5,-171.5,420.1032513573109
18.5,-170.5,420.0898476881154
18.5,-169.5,420.0758042629347
18.5,-168.5,420.064274705748
18.5,-167.5,420.0543627778928
18.5,-166.5,420.0456976185199
18.5,-165.5,420.0389414115392
18.5,-164.5,420.0347910162281
18.5,-163.5,420.0301126687695
18.5,-162.5,420.0263920057615
18.5,-161.5,420.0233867759188
18.5,-160.5,420.02134087407455
18.5,-159.5,420.0192304988957
18.5,-158.5,420.01803445028
18.5,-157.5,420.0145617055998
18.5,-156.5,420.0098864998517
18.5,-155.5,420.0018437248825
18.5,-154.5,420.00193761398987
18.5,-153.5,419.99089844565657
18.5,-152.5,419.9937368483112
18.5,-151.5,419.98502547788576
18.5,-150.5,419.97796017259856
18.5,-149.5,419.9752126572998
18.5,-148.5,419.9746071234608
18.5,-147.5,419.97386749181055
18.5,-146.5,419.97605405262925
18.5,-145.5,419.9790190855484
18.5,-144.5,419.98070661220567
18.5,-143.5,419.980005334578
18.5,-142.5,419.9775074511682
18.5,-141.5,419.9732346391603
18.5,-140.5,419.9683978334507
18.5,-139.5,419.9658735045241
18.5,-138.5,419.9629706387893
18.5,-137.5,419.9589860928296
18.5,-136.5,419.9550590100944
18.5,-135.5,419.9516525522719
18.5,-134.5,419.9409337592059
18.5,-133.5,419.9341836078015
18.5,-132.5,419.9274595486147
18.5,-131.5,419.9191487378485
18.5,-130.5,419.909279383626
18.5,-129.5,419.9002819901689
18.5,-128.5,419.8876318007603
18.5,-127.5,419.8775745563393
18.5,-126.5,419.8686583628772
18.5,-125.5,419.8587572294756
18.5,-124.5,419.84806380085297
18.5,-123.5,419.8380730163945
18.5,-122.5,419.8283993331355
18.5,-121.5,419.8202132400338
18.5,-120.5,419.807854828728
18.5,-119.5,419.796216314231
18.5,-118.5,419.7789976301741
18.5,-117.5,419.7662105917044
18.5,-116.5,419.7546583178591
18.5,-115.5,419.7432387290392
18.5,-114.5,419.7273709456726
18.5,-113.5,419.7096622658361
18.5,-112.5,419.6885363419996
18.5,-111.5,419.6595757582609
18.5,-110.5,419.63436230556
18.5,-109.5,419.6096461283918
18.5,-108.5,419.5856052280432
18.5,-107.5,419.5640127500859
18.5,-106.5,419.54689144361777
18.5,-105.5,419.5316556225221
18.5,-104.5,419.53830152337656
18.5,-103.5,419.5523639352016
18.5,-102.5,419.46738947622487
18.5,-101.5,419.4540187826859
18.5,-100.5,419.49175550933046
18.5,-99.5,419.29186777086153
18.5,-98.5,419.1717026491093
18.5,-97.5,419.1137458492284
18.5,-96.5,419.3929503413282
18.5,-95.5,419.3784902280494
18.5,-94.5,419.38288522160553
18.5,-93.5,419.24218354380713
18.5,-92.5,419.18085825515766
18.5,-91.5,419.1672411463693
18.5,-90.5,419.1459435776512
18.5,-89.5,419.22001413504313
18.5,-88.5,419.3389870091633
18.5,-87.5,419.4170375496501
18.5,-86.5,419.423128557657
18.5,-85.5,419.4333615704469
18.5,-84.5,419.43644506834073
18.5,-83.5,419.43431297767216
18.5,-82.5,419.424433738498
18.5,-81.5,419.4186774078669
18.5,-80.5,419.41550319343247
18.5,-79.5,419.4110798506334
18.5,-78.5,419.40186521702105
18.5,-77.5,419.3733093297909
18.5,-76.5,419.37640536588543
18.5,-75.5,419.37985551998594
18.5,-74.5,419.359376492711
18.5,-73.5,419.3617121771874
18.5,-72.5,419.33763471910487
18.5,-71.5,419.3237556937101
18.5,-70.5,419.37441443760304
18.5,-69.5,419.44982323395095
18.5,-68.5,419.3984623553176
18.5,-67.5,419.37086758622377
18.5,-66.5,419.3453291631643
18.5,-65.5,419.3671804629939
18.5,-64.5,419.37425382794567
18.5,-63.5,419.3715283109017
18.5,-62.5,419.3689377297232
18.5,-61.5,419.403935137715
18.5,-60.5,419.36930619587713
18.5,-59.5,419.3693867510897
18.5,-58.5,419.3695451065154
18.5,-57.5,419.3699697312476
18.5,-56.5,419.36887138553215
18.5,-55.5,419.36770227922017
18.5,-54.5,419.3643896996865
18.5,-53.5,419.3593478374551
18.5,-52.5,419.3931109815052
18.5,-51.5,419.3504022457268
18.5,-50.5,419.3430383411484
18.5,-49.5,419.3369529755584
18.5,-48.5,419.3321946820856
18.5,-47.5,419.3283495263306
18.5,-46.5,419.3251401709068
18.5,-45.5,419.3225817917808
18.5,-44.5,419.3207971522069
18.5,-43.5,419.3204526419187
18.5,-42.5,419.31942347080536
18.5,-41.5,419.3495997351432
18.5,-40.5,419.3116724522897
18.5,-39.5,419.30402605743006
18.5,-38.5,419.2997402203743
18.5,-37.5,419.29477748626766
18.5,-36.5,419.2899779640081
18.5,-35.5,419.2867933875216
18.5,-34.5,419.2837267802958
18.5,-33.5,419.28055325714746
18.5,-32.5,419.2786298626787
18.5,-31.5,419.2785342828217
18.5,-30.5,419.27861146046143
18.5,-29.5,419.2799759899751
18.5,-28.5,419.2815633740785
18.5,-27.5,419.2833106073971
18.5,-26.5,419.2831360442325
18.5,-25.5,419.2822064664622
18.5,-24.5,419.3140117501308
18.5,-23.5,419.2832049441941
18.5,-22.5,419.2856168463048
18.5,-21.5,419.2888232398848
18.5,-20.5,419.29369523719146
18.5,-19.5,419.2995333725889
18.5,-18.5,419.3052631427265
18.5,-17.5,419.3062417711401
18.5,-16.5,419.3025291793467
18.5,-15.5,419.306301147617
18.5,-14.5,419.2812439853902
18.5,-13.5,419.2679733134515
18.5,-12.5,419.2621215440552
18.5,-11.5,419.2284081375883
18.5,-10.5,419.2181222216692
18.5,-9.5,419.2121125059024
18.5,-8.5,419.20557441795296
18.5,-7.5,419.2187665857376
18.5,-6.5,419.2101880065584
18.5,-5.5,419.2080889900427
18.5,-4.5,419.2084035582813
18.5,-3.5,419.2060199063845
18.5,-2.5,419.2009843636889
18.5,-1.5,419.1851583172872
18.5,-0.5,419.1690401699272
18.5,0.5,419.1512388321575
18.5,1.5,419.1316281835664
18.5,2.5,419.1344230731788
18.5,3.5,419.13554149591744
18.5,4.5,419.1330712674337
18.5,5.5,419.12920548899626
18.5,6.5,419.1285706572241
18.5,7.5,419.1058795937888
18.5,8.5,419.02208258983177
18.5,9.5,419.0530472534548
18.5,10.5,419.1362421639829
18.5,11.5,419.1413192877492
18.5,12.5,419.1366187672648
18.5,13.5,419.1387286144608
18.5,14.5,419.1483456309366
18.5,15.5,419.1646370000592
18.5,16.5,419.18593510035305
18.5,17.5,419.2032607011522
18.5,18.5,419.2351205794929
18.5,19.5,419.232037877773
18.5,20.5,419.2544386206943
18.5,21.5,419.2609679551233
18.5,22.5,419.258043548708
18.5,23.5,419.230973585436
18.5,24.5,419.265804695444
18.5,25.5,419.30770284024754
18.5,26.5,419.3259753383263
18.5,27.5,419.3264601559997
18.5,28.5,419.3328404816591
18.5,29.5,419.3253319361988
18.5,30.5,419.3165390543312
18.5,31.5,419.2890964570109
18.5,32.5,419.2528750999571
18.5,33.5,419.2279528948193
18.5,34.5,419.1957778423044
18.5,35.5,419.1661427750101
18.5,36.5,419.1986289606258
18.5,37.5,419.2753726628774
18.5,38.5,419.357829152322
18.5,39.5,419.4389385730367
18.5,40.5,419.5139486129559
18.5,41.5,419.5070315582778
18.5,42.5,419.2288886074053
18.5,43.5,419.238086894526
18.5,44.5,419.3493793278993
18.5,45.5,419.39412260133673
18.5,46.5,419.4037974806033
18.5,47.5,419.415254695502
18.5,48.5,419.4310484384639
18.5,49.5,419.4265753355418
18.5,50.5,419.4133416017065
18.5,51.5,419.41717190039697
18.5,52.5,419.3995277602456
18.5,53.5,419.38247594170537
18.5,54.5,419.3630961988659
18.5,55.5,419.34479777366414
18.5,56.5,419.3300405492776
18.5,57.5,419.3215024010917
18.5,58.5,419.3025500201168
18.5,59.5,419.2770457029762
18.5,60.5,419.2518405586626
18.5,61.5,419.2266855859008
18.5,62.5,419.2014479283654
18.5,63.5,419.18098669984136
18.5,64.5,419.1539619350653
18.5,65.5,419.12637032825785
18.5,66.5,419.1042415276039
18.5,67.5,419.0836298311008
18.5,68.5,419.0590847807973
18.5,69.5,419.0298790028236
18.5,70.5,419.005031997114
18.5,71.5,418.9947970830025
18.5,72.5,419.0737484031549
18.5,73.5,419.1666115419793
18.5,74.5,418.9509054487718
18.5,75.5,418.9287784091925
18.5,76.5,418.9424956940752
18.5,77.5,418.961425431513
18.5,78.5,419.02004320774745
18.5,79.5,419.31397060022994
18.5,80.5,419.1357409442524
18.5,81.5,419.1795993900815
18.5,82.5,419.24576539548406
18.5,83.5,419.55469152925855
18.5,84.5,419.6418428366284
18.5,85.5,419.6716838891564
18.5,86.5,419.6852723366338
18.5,87.5,419.68822627703264
18.5,88.5,419.6914911239783
18.5,89.5,419.7024980966113
18.5,90.5,419.72464399357006
18.5,91.5,419.7539743398444
18.5,92.5,419.7891739159978
18.5,93.5,419.8460148070852
18.5,94.5,419.8289549787092
18.5,95.5,420.0101615729157
18.5,96.5,420.0814690288244
18.5,97.5,420.05212445841386
18.5,98.5,420.1101180350161
18.5,99.5,420.44741529158
18.5,100.5,420.4403520826378
18.5,101.5,420.5114544805329
18.5,102.5,420.5402231027383
18.5,103.5,420.5405163941096
18.5,104.5,420.6918431731584
18.5,105.5,421.0072512977367
18.5,106.5,421.13864198701
18.5,107.5,421.0690011320248
18.5,108.5,420.96142447427695
18.5,109.5,420.8489854164434
18.5,110.5,420.8378734731381
18.5,111.5,420.7886504771671
18.5,112.5,420.7127118383325
18.5,113.5,420.6553292209628
18.5,114.5,420.6098774791705
18.5,115.5,420.5735847119346
18.5,116.5,420.5200512215105
18.5,117.5,420.4718523761067
18.5,118.5,420.4282290558195
18.5,119.5,420.3935404642691
18.5,120.5,420.33597719907823
18.5,121.5,420.3473565971877
18.5,122.5,420.3319046345336
18.5,123.5,420.3172950802903
18.5,124.5,420.290174864548
18.5,125.5,420.26454199589847
18.5,126.5,420.2382331394786
18.5,127.5,420.213126370184
18.5,128.5,420.1864224138633
18.5,129.5,420.15756030124845
18.5,130.5,420.128562713229
18.5,131.5,420.1032532173633
18.5,132.5,420.0816862455847
18.5,133.5,420.0583995794633
18.5,134.5,420.0368329715757
18.5,135.5,420.0223991127625
18.5,136.5,420.0047047412596
18.5,137.5,419.9878516279226
18.5,138.5,419.9806682523343
18.5,139.5,419.97929511647874
18.5,140.5,419.9815471372334
18.5,141.5,419.987717432408
18.5,142.5,419.99775518014656
18.5,143.5,420.0055600357351
18.5,144.5,420.0150409071466
18.5,145.5,420.0064860222647
18.5,146.5,420.03366625415407
18.5,147.5,420.04256782257386
18.5,148.5,420.0484075484087
18.5,149.5,420.05274839835846
18.5,150.5,420.0576416785915
18.5,151.5,420.0636630491728
18.5,152.5,420.0702180598527
18.5,153.5,420.07760892939984
18.5,154.5,420.0869512587893
18.5,155.5,420.0973953043201
18.5,156.5,420.108133188986
18.5,157.5,420.12087565100654
18.5,158.5,420.1334703731741
18.5,159.5,420.14314967964697
18.5,160.5,420.1532509330793
18.5,161.5,420.1599156103181
18.5,162.5,420.1658344740441
18.5,163.5,420.1704454348799
18.5,164.5,420.1727167508757
18.5,165.5,420.1735184853976
18.5,166.5,420.177032786382
18.5,167.5,420.18004337634017
18.5,168.5,420.1841909226527
18.5,169.5,420.1854421542852
18.5,170.5,420.20009519284
18.5,171.5,420.1876550950504
18.5,172.5,420.1894661170464
18.5,173.5,420.19299063139687
18.5,174.5,420.194936214565
18.5,175.5,420.19742865614745
18.5,176.5,420.1979767961003
18.5,177.5,420.1961337157275
18.5,178.5,420.1925954480778
18.5,179.5,420.1866014438381
19.5,-179.5,420.1841116048069
19.5,-178.5,420.1783419997688
19.5,-177.5,420.1736776213732
19.5,-176.5,420.1694201080053
19.5,-175.5,420.1632623821951
19.5,-174.5,420.1553850538944
19.5,-173.5,420.1470437581592
19.5,-172.5,420.1384662792293
19.5,-171.5,420.1273415600479
19.5,-170.5,420.114728664309
19.5,-169.5,420.1011225866213
19.5,-168.5,420.0873484849964
19.5,-167.5,420.07469842455134
19.5,-166.5,420.06781012468457
19.5,-165.5,420.0589580387041
19.5,-164.5,420.0530310628676
19.5,-163.5,420.0491013370074
19.5,-162.5,420.04611759199247
19.5,-161.5,420.04469473509937
19.5,-160.5,420.0424506894863
19.5,-159.5,420.04125581109
19.5,-158.5,420.03928006851976
19.5,-157.5,420.036745679084
19.5,-156.5,420.02855133626593
19.5,-155.5,419.90566046839314
19.5,-154.5,420.0285686334381
19.5,-153.5,420.0309896158861
19.5,-152.5,420.0243499657397
19.5,-151.5,420.016916609014
19.5,-150.5,420.0130588975808
19.5,-149.5,420.01000710000847
19.5,-148.5,420.0105612363847
19.5,-147.5,420.01210880422906
19.5,-146.5,420.01425487188703
19.5,-145.5,420.017457501892
19.5,-144.5,420.019963918243
19.5,-143.5,420.0217150286748
19.5,-142.5,420.02194422922327
19.5,-141.5,420.02046846672806
19.5,-140.5,420.0170093978564
19.5,-139.5,420.0133804454578
19.5,-138.5,420.00770523720433
19.5,-137.5,420.0051940312893
19.5,-136.5,420.0033853903557
19.5,-135.5,420.0009981996294
19.5,-134.5,419.9965281190492
19.5,-133.5,419.9874021909855
19.5,-132.5,419.97955364062426
19.5,-131.5,419.9711703089791
19.5,-130.5,419.9614661971256
19.5,-129.5,419.9519641862091
19.5,-128.5,419.938704259636
19.5,-127.5,419.9300816146501
19.5,-126.5,419.9224603745134
19.5,-125.5,419.9145328613442
19.5,-124.5,419.9058251142743
19.5,-123.5,419.8980296724011
19.5,-122.5,419.890063245293
19.5,-121.5,419.8809942357318
19.5,-120.5,419.86797366099415
19.5,-119.5,419.85471549341975
19.5,-118.5,419.84072150805457
19.5,-117.5,419.82561845550754
19.5,-116.5,419.8117986448227
19.5,-115.5,419.7999986534506
19.5,-114.5,419.7885027838298
19.5,-113.5,419.7755141119073
19.5,-112.5,419.7595430820541
19.5,-111.5,419.7353360604787
19.5,-110.5,419.708368070804
19.5,-109.5,419.6801566771764
19.5,-108.5,419.6551328424249
19.5,-107.5,419.63333005673945
19.5,-106.5,419.61609596850417
19.5,-105.5,419.6319824917772
19.5,-104.5,419.6054251963686
19.5,-103.5,419.4308997749076
19.5,-102.5,419.35416135539487
19.5,-101.5,419.3054197286796
19.5,-100.5,419.3012081063138
19.5,-99.5,419.53804512141227
19.5,-98.5,419.3819030902288
19.5,-97.5,419.2335528840143
19.5,-96.5,419.4562192255072
19.5,-95.5,419.504082347874
19.5,-94.5,419.4080605897733
19.5,-93.5,419.34824036066885
19.5,-92.5,419.3164799027161
19.5,-91.5,419.31551746844553
19.5,-90.5,419.274256390234
19.5,-89.5,419.31158858729935
19.5,-88.5,419.38332960714473
19.5,-87.5,419.435982954259
19.5,-86.5,419.46232728492816
19.5,-85.5,419.4686367519242
19.5,-84.5,419.46896380882873
19.5,-83.5,419.46547715639485
19.5,-82.5,419.4567766554098
19.5,-81.5,419.4496115832442
19.5,-80.5,419.4591905951463
19.5,-79.5,419.4345571519388
19.5,-78.5,419.42573175595527
19.5,-77.5,419.41800213941895
19.5,-76.5,419.41450461889184
19.5,-75.5,419.41699351863343
19.5,-74.5,419.40707032333495
19.5,-73.5,419.4064394757545
19.5,-72.5,419.39042314106615
19.5,-71.5,419.38665867489465
19.5,-70.5,419.3838550877786
19.5,-69.5,419.3938397778939
19.5,-68.5,419.3973647265738
19.5,-67.5,419.3978679323054
19.5,-66.5,419.3962480237557
19.5,-65.5,419.3923362107205
19.5,-64.5,419.3910087976087
19.5,-63.5,419.3896041318745
19.5,-62.5,419.3886367481367
19.5,-61.5,419.3883951722896
19.5,-60.5,419.3895648702805
19.5,-59.5,419.3906384988791
19.5,-58.5,419.3903698239541
19.5,-57.5,419.39182140829695
19.5,-56.5,419.3900351909352
19.5,-55.5,419.42408894196063
19.5,-54.5,419.386252254692
19.5,-53.5,419.3831117142304
19.5,-52.5,419.3785513810769
19.5,-51.5,419.3738993653068
19.5,-50.5,419.3699445659377
19.5,-49.5,419.3657330504062
19.5,-48.5,419.3602464403857
19.5,-47.5,419.3569634069837
19.5,-46.5,419.3539970520072
19.5,-45.5,419.3517305476728
19.5,-44.5,419.3494852315153
19.5,-43.5,419.34741526385136
19.5,-42.5,419.3450416466602
19.5,-41.5,419.34180611466223
19.5,-40.5,419.3390217713367
19.5,-39.5,419.3336849101998
19.5,-38.5,419.3276529335236
19.5,-37.5,419.3199370323682
19.5,-36.5,419.3132008450749
19.5,-35.5,419.3064398097798
19.5,-34.5,419.2997890047621
19.5,-33.5,419.2939743243568
19.5,-32.5,419.2909820314154
19.5,-31.5,419.2900595778888
19.5,-30.5,419.2894193986081
19.5,-29.5,419.289118412121
19.5,-28.5,419.2891408705614
19.5,-27.5,419.3144558210354
19.5,-26.5,419.29055879343264
19.5,-25.5,419.2898276491787
19.5,-24.5,419.28830253298594
19.5,-23.5,419.28743383568985
19.5,-22.5,419.2887058317127
19.5,-21.5,419.2911553787063
19.5,-20.5,419.2942562248842
19.5,-19.5,419.2988898667561
19.5,-18.5,419.3045164471705
19.5,-17.5,419.3077824199499
19.5,-16.5,419.303613528426
19.5,-15.5,419.2951226501752
19.5,-14.5,419.2783754529078
19.5,-13.5,419.2670322280627
19.5,-12.5,419.2485222587772
19.5,-11.5,419.2226800273188
19.5,-10.5,419.19990265867625
19.5,-9.5,419.2050454371623
19.5,-8.5,419.2055207176841
19.5,-7.5,419.2062251454296
19.5,-6.5,419.2089394677539
19.5,-5.5,419.20820950214704
19.5,-4.5,419.2059440739353
19.5,-3.5,419.2040341293051
19.5,-2.5,419.2105531969181
19.5,-1.5,419.2096921481016
19.5,-0.5,419.18052182662944
19.5,0.5,419.15073523273526
19.5,1.5,419.12223936421407
19.5,2.5,419.1101030593814
19.5,3.5,419.1338342296828
19.5,4.5,419.14699805773887
19.5,5.5,419.1591559066376
19.5,6.5,419.1627865976215
19.5,7.5,419.1462906366264
19.5,8.5,419.09702249958985
19.5,9.5,419.1178905321639
19.5,10.5,419.1692405862645
19.5,11.5,419.1741884277108
19.5,12.5,419.1699614624719
19.5,13.5,419.1675066330408
19.5,14.5,419.1723757989269
19.5,15.5,419.1787877589942
19.5,16.5,419.1800809493038
19.5,17.5,419.167769434005
19.5,18.5,419.158679212993
19.5,19.5,419.22807426201393
19.5,20.5,419.25655913300574
19.5,21.5,419.2601882374919
19.5,22.5,419.2441706434484
19.5,23.5,419.2329257129795
19.5,24.5,419.2621700456496
19.5,25.5,419.2964541272044
19.5,26.5,419.3133860641881
19.5,27.5,419.3374638157198
19.5,28.5,419.3668743526975
19.5,29.5,419.3646748684784
19.5,30.5,419.355145287317
19.5,31.5,419.3408773974189
19.5,32.5,419.3279226884544
19.5,33.5,419.306422475125
19.5,34.5,419.2714573333786
19.5,35.5,419.2606600575709
19.5,36.5,419.2802222318298
19.5,37.5,419.432773657638
19.5,38.5,419.5128543874668
19.5,39.5,419.6169126785729
19.5,40.5,419.6776479483225
19.5,41.5,419.3297789584535
19.5,42.5,419.27820573162296
19.5,43.5,419.3376228132286
19.5,44.5,419.37391284173214
19.5,45.5,419.4291948408876
19.5,46.5,419.4617802462651
19.5,47.5,419.47856421576375
19.5,48.5,419.4835976434794
19.5,49.5,419.51048262208616
19.5,50.5,419.50512683098657
19.5,51.5,419.5075027489342
19.5,52.5,419.4889059888934
19.5,53.5,419.4902529572256
19.5,54.5,419.4369418368647
19.5,55.5,419.4101928904637
19.5,56.5,419.39164387955327
19.5,57.5,419.37550816094455
19.5,58.5,419.3555474341934
19.5,59.5,419.3086269773463
19.5,60.5,419.3044845410365
19.5,61.5,419.2814688099397
19.5,62.5,419.2597900143628
19.5,63.5,419.2380901315998
19.5,64.5,419.21482900632896
19.5,65.5,419.189022368288
19.5,66.5,419.1641708115205
19.5,67.5,419.1415670434714
19.5,68.5,419.1169235677962
19.5,69.5,419.0894663698912
19.5,70.5,419.0627155670491
19.5,71.5,419.0476704431113
19.5,72.5,419.0619046708713
19.5,73.5,418.9893731401477
19.5,74.5,418.9578822033553
19.5,75.5,418.97753755712745
19.5,76.5,419.0047155594666
19.5,77.5,419.02011303838594
19.5,78.5,419.07807317491086
19.5,79.5,419.1927184406821
19.5,80.5,419.20359404148167
19.5,81.5,419.1872111555577
19.5,82.5,419.2923314396961
19.5,83.5,419.4008910999945
19.5,84.5,419.59053615008696
19.5,85.5,419.7635978309541
19.5,86.5,419.7715228808169
19.5,87.5,419.7553910141999
19.5,88.5,419.7389782563212
19.5,89.5,419.72472529945
19.5,90.5,419.7197399343255
19.5,91.5,419.73239530983886
19.5,92.5,419.7613730725277
19.5,93.5,419.7954931338446
19.5,94.5,419.7971060571176
19.5,95.5,419.9604851277069
19.5,96.5,419.90299391339374
19.5,97.5,420.0984624491858
19.5,98.5,420.0659173072435
19.5,99.5,420.2876547816672
19.5,100.5,420.4250664064864
19.5,101.5,420.4405186209139
19.5,102.5,420.5613160145346
19.5,103.5,420.5197657015581
19.5,104.5,420.9605846358733
19.5,105.5,421.4487574372494
19.5,106.5,421.3693623637088
19.5,107.5,421.27694200646016
19.5,108.5,421.2190632431285
19.5,109.5,421.1719999171109
19.5,110.5,421.1710079976977
19.5,111.5,420.99460458254686
19.5,112.5,420.9021142498413
19.5,113.5,420.829055361046
19.5,114.5,420.77211980619865
19.5,115.5,420.7185937191496
19.5,116.5,420.6617376722442
19.5,117.5,420.5988538325634
19.5,118.5,420.5366737655215
19.5,119.5,420.4891563124937
19.5,120.5,420.4582630921617
19.5,121.5,420.4312354772607
19.5,122.5,420.41069591589087
19.5,123.5,420.38149160257865
19.5,124.5,420.355408322086
19.5,125.5,420.329901435809
19.5,126.5,420.3065549669221
19.5,127.5,420.2848853896864
19.5,128.5,420.2591275892853
19.5,129.5,420.2349583075351
19.5,130.5,420.2096154918071
19.5,131.5,420.1855719244484
19.5,132.5,420.1598913987112
19.5,133.5,420.1354255298356
19.5,134.5,420.1193020346964
19.5,135.5,420.098121688585
19.5,136.5,420.0810702230764
19.5,137.5,420.0668173101883
19.5,138.5,420.057863178874
19.5,139.5,420.0598010195295
19.5,140.5,420.0561570957637
19.5,141.5,420.0544975340403
19.5,142.5,420.0520933913031
19.5,143.5,420.0499285206299
19.5,144.5,420.0475144465981
19.5,145.5,420.0459367466501
19.5,146.5,420.0526618281843
19.5,147.5,420.0599179858049
19.5,148.5,420.0670870620343
19.5,149.5,420.07465219605496
19.5,150.5,420.0799731327352
19.5,151.5,420.0854140298823
19.5,152.5,420.0928946817396
19.5,153.5,420.1002807701639
19.5,154.5,420.10657907490736
19.5,155.5,420.1151305219482
19.5,156.5,420.1247483355241
19.5,157.5,420.134328519414
19.5,158.5,420.1432679513901
19.5,159.5,420.15225560488193
19.5,160.5,420.162539924453
19.5,161.5,420.16564608712457
19.5,162.5,420.1697937873656
19.5,163.5,420.1725840924639
19.5,164.5,420.1743172675877
19.5,165.5,420.1761449513865
19.5,166.5,420.1781352500529
19.5,167.5,420.18208747910535
19.5,168.5,420.1851156224236
19.5,169.5,420.186139059675
19.5,170.5,420.187400807786
19.5,171.5,420.1878558364191
19.5,172.5,420.2015761949921
19.5,173.5,420.1939588940991
19.5,174.5,420.1971212960258
19.5,175.5,420.1994251218523
19.5,176.5,420.2008324909642
19.5,177.5,420.2005610632541
19.5,178.5,420.1974546400359
19.5,179.5,420.1905678058764
20.5,-179.5,420.18128380644254
20.5,-178.5,420.1769261586618
20.5,-177.5,420.17305140568175
20.5,-176.5,420.169580331637
20.5,-175.5,420.1656752923397
20.5,-174.5,420.16001063979365
20.5,-173.5,420.15452714753206
20.5,-172.5,420.1484453219033
20.5,-171.5,420.1403420018398
20.5,-170.5,420.12950891965033
20.5,-169.5,420.11794025377634
20.5,-168.5,420.1058195973951
20.5,-167.5,420.0985202778657
20.5,-166.5,420.0854373659996
20.5,-165.5,420.07620873623387
20.5,-164.5,420.0691333044815
20.5,-163.5,420.0648097010376
20.5,-162.5,420.0504676741305
20.5,-161.5,420.06199967995104
20.5,-160.5,420.0630392804373
20.5,-159.5,420.0646139502688
20.5,-158.5,420.06417139774777
20.5,-157.5,420.0485016511123
20.5,-156.5,420.0412275222028
20.5,-155.5,420.040211069628
20.5,-154.5,420.0427979872551
20.5,-153.5,420.0439231180662
20.5,-152.5,420.0412953097499
20.5,-151.5,420.0366650119662
20.5,-150.5,420.0333173484108
20.5,-149.5,420.0305622163163
20.5,-148.5,420.0295294121437
20.5,-147.5,420.0304684529489
20.5,-146.5,420.0311503241307
20.5,-145.5,420.0360314871447
20.5,-144.5,420.0402787945493
20.5,-143.5,420.04626845334064
20.5,-142.5,420.053025716597
20.5,-141.5,420.0521877737223
20.5,-140.5,420.0509503209677
20.5,-139.5,420.0487245626253
20.5,-138.5,420.0472705255378
20.5,-137.5,420.046780990497
20.5,-136.5,420.0472471523599
20.5,-135.5,420.0411765870666
20.5,-134.5,420.0382781596088
20.5,-133.5,420.03517180466525
20.5,-132.5,420.0311725699566
20.5,-131.5,420.0222582021951
20.5,-130.5,420.01366925049854
20.5,-129.5,420.00446003099626
20.5,-128.5,419.9970415587021
20.5,-127.5,419.9910276913099
20.5,-126.5,419.9817903577517
20.5,-125.5,419.97628150467233
20.5,-124.5,419.9695383851389
20.5,-123.5,419.9620878699635
20.5,-122.5,419.9544232763778
20.5,-121.5,419.946842690552
20.5,-120.5,419.9377461878747
20.5,-119.5,419.9238337426818
20.5,-118.5,419.9125450207061
20.5,-117.5,419.89688546552577
20.5,-116.5,419.8781041037227
20.5,-115.5,419.86335655614687
20.5,-114.5,419.8510709126709
20.5,-113.5,419.8400476224828
20.5,-112.5,419.82549952204295
20.5,-111.5,419.80506889455785
20.5,-110.5,419.7800009144676
20.5,-109.5,419.75297517149
20.5,-108.5,419.7273722360593
20.5,-107.5,419.69919561509545
20.5,-106.5,419.6959168214796
20.5,-105.5,419.7236847946757
20.5,-104.5,419.4206190756559
20.5,-103.5,419.5732197102465
20.5,-102.5,419.471142531727
20.5,-101.5,419.5171842658136
20.5,-100.5,419.5701608827846
20.5,-99.5,419.53024157461465
20.5,-98.5,419.6363134079165
20.5,-97.5,419.7879076888327
20.5,-96.5,419.6378915949748
20.5,-95.5,419.5273568422559
20.5,-94.5,419.45617515917183
20.5,-93.5,419.4212796053873
20.5,-92.5,419.4124939423169
20.5,-91.5,419.41897914446633
20.5,-90.5,419.4148384126332
20.5,-89.5,419.3877914482281
20.5,-88.5,419.4429055811252
20.5,-87.5,419.4752481725716
20.5,-86.5,419.5046864215152
20.5,-85.5,419.5086606696707
20.5,-84.5,419.5074620985649
20.5,-83.5,419.5050038304267
20.5,-82.5,419.4986874527848
20.5,-81.5,419.4872342941558
20.5,-80.5,419.4751094788823
20.5,-79.5,419.4679073728818
20.5,-78.5,419.466544151398
20.5,-77.5,419.4680366456582
20.5,-76.5,419.45925374185504
20.5,-75.5,419.45442458205264
20.5,-74.5,419.3955850699244
20.5,-73.5,419.42632133639967
20.5,-72.5,419.42724780320594
20.5,-71.5,419.4260954836788
20.5,-70.5,419.41729674832726
20.5,-69.5,419.4131577357852
20.5,-68.5,419.4151872183638
20.5,-67.5,419.4167668871715
20.5,-66.5,419.4172953440591
20.5,-65.5,419.440217013992
20.5,-64.5,419.4118172099688
20.5,-63.5,419.4390813047309
20.5,-62.5,419.4115646517865
20.5,-61.5,419.4123880803282
20.5,-60.5,419.4136189685141
20.5,-59.5,419.4133039798068
20.5,-58.5,419.4125220827239
20.5,-57.5,419.4129118628242
20.5,-56.5,419.4132373961325
20.5,-55.5,419.41358605089647
20.5,-54.5,419.41026901812825
20.5,-53.5,419.4074053813061
20.5,-52.5,419.40352915823
20.5,-51.5,419.39921996771386
20.5,-50.5,419.3953737708004
20.5,-49.5,419.3912010648687
20.5,-48.5,419.3868310759231
20.5,-47.5,419.3810797136633
20.5,-46.5,419.41819420664064
20.5,-45.5,419.3750617476264
20.5,-44.5,419.3727096858069
20.5,-43.5,419.36987540236896
20.5,-42.5,419.36708833892015
20.5,-41.5,419.3635246913928
20.5,-40.5,419.3602591647225
20.5,-39.5,419.35766217929415
20.5,-38.5,419.3526064294789
20.5,-37.5,419.3463638134909
20.5,-36.5,419.3390781824333
20.5,-35.5,419.3295333173372
20.5,-34.5,419.3207651565571
20.5,-33.5,419.3145533116447
20.5,-32.5,419.335341077142
20.5,-31.5,419.3069538288215
20.5,-30.5,419.30508391985416
20.5,-29.5,419.30462647460143
20.5,-28.5,419.30427407658186
20.5,-27.5,419.3033186037625
20.5,-26.5,419.3018950138178
20.5,-25.5,419.3000919524536
20.5,-24.5,419.2983626964205
20.5,-23.5,419.2995195891763
20.5,-22.5,419.2983598739537
20.5,-21.5,419.29858571636953
20.5,-20.5,419.3001736773768
20.5,-19.5,419.30320232163166
20.5,-18.5,419.30642408005735
20.5,-17.5,419.3086877543349
20.5,-16.5,419.3002107392422
20.5,-15.5,419.29425888951664
20.5,-14.5,419.2911516479166
20.5,-13.5,419.2797142770869
20.5,-12.5,419.2405959256369
20.5,-11.5,419.2341333079155
20.5,-10.5,419.2269315786255
20.5,-9.5,419.2174135741549
20.5,-8.5,419.215440376117
20.5,-7.5,419.2182297892578
20.5,-6.5,419.22429664204094
20.5,-5.5,419.2284247890441
20.5,-4.5,419.2285469349362
20.5,-3.5,419.22684003709526
20.5,-2.5,419.224833878323
20.5,-1.5,419.2336932640971
20.5,-0.5,419.20419856293626
20.5,0.5,419.17159710374784
20.5,1.5,419.15905977644456
20.5,2.5,419.1171448383269
20.5,3.5,419.11898255925
20.5,4.5,419.1592108331114
20.5,5.5,419.17399020379247
20.5,6.5,419.1847112720036
20.5,7.5,419.1704518812397
20.5,8.5,419.1212942106434
20.5,9.5,419.168207445118
20.5,10.5,419.1901416829151
20.5,11.5,419.19826106158376
20.5,12.5,419.18587327208246
20.5,13.5,419.1825487246182
20.5,14.5,419.19020623207786
20.5,15.5,419.1791692547435
20.5,16.5,419.09806715404216
20.5,17.5,419.0672571967703
20.5,18.5,419.024232598417
20.5,19.5,419.206829552549
20.5,20.5,419.2532850423247
20.5,21.5,419.2690510478628
20.5,22.5,419.26806928169
20.5,23.5,419.2565565747296
20.5,24.5,419.2457427940205
20.5,25.5,419.2630830955456
20.5,26.5,419.299436845464
20.5,27.5,419.3350528461363
20.5,28.5,419.3560317028573
20.5,29.5,419.3673334481322
20.5,30.5,419.3875143790514
20.5,31.5,419.3857449912847
20.5,32.5,419.3825741457226
20.5,33.5,419.3785186327134
20.5,34.5,419.34793287884446
20.5,35.5,419.3335752211341
20.5,36.5,419.3840611103008
20.5,37.5,419.4957846979949
20.5,38.5,419.6557921185234
20.5,39.5,419.8477149991268
20.5,40.5,419.521115222272
20.5,41.5,419.30392640045005
20.5,42.5,419.3274792928548
20.5,43.5,419.40224341789104
20.5,44.5,419.4626485985812
20.5,45.5,419.5089742340053
20.5,46.5,419.5370489022389
20.5,47.5,419.5562966580893
20.5,48.5,419.577292633316
20.5,49.5,419.5860296896932
20.5,50.5,419.58759925149656
20.5,51.5,419.585927941317
20.5,52.5,419.5653272052572
20.5,53.5,419.5390212886267
20.5,54.5,419.5095668512479
20.5,55.5,419.48426849564737
20.5,56.5,419.4485648101512
20.5,57.5,419.4143606416719
20.5,58.5,419.40654294017406
20.5,59.5,419.386745903084
20.5,60.5,419.3622305704106
20.5,61.5,419.3357542181703
20.5,62.5,419.313444578379
20.5,63.5,419.2939811657919
20.5,64.5,419.2734568585775
20.5,65.5,419.2534763947202
20.5,66.5,419.2345152695679
20.5,67.5,419.2134479771487
20.5,68.5,419.1896393981877
20.5,69.5,419.16504438844834
20.5,70.5,419.1467467154813
20.5,71.5,419.1455377122098
20.5,72.5,419.20922252165695
20.5,73.5,419.0579679776432
20.5,74.5,419.05318512856
20.5,75.5,419.05109538258057
20.5,76.5,419.0812169477831
20.5,77.5,419.1609445447088
20.5,78.5,419.2074992064344
20.5,79.5,419.2913388545313
20.5,80.5,419.32570498611847
20.5,81.5,419.4096877853693
20.5,82.5,419.4435213546524
20.5,83.5,419.58513248536417
20.5,84.5,419.6953895273237
20.5,85.5,419.89855817295785
20.5,86.5,419.8621176765979
20.5,87.5,419.8437670639559
20.5,88.5,419.7967388124798
20.5,89.5,419.7573263133767
20.5,90.5,419.7304658544202
20.5,91.5,419.7176795214597
20.5,92.5,419.7082923692796
20.5,93.5,419.7043364392033
20.5,94.5,419.63233518862825
20.5,95.5,419.8672309600125
20.5,96.5,419.8356690803776
20.5,97.5,419.8216787483398
20.5,98.5,420.077995504298
20.5,99.5,420.2870818975208
20.5,100.5,420.4351243836762
20.5,101.5,420.4979612898033
20.5,102.5,420.6657615453945
20.5,103.5,420.6822174596555
20.5,104.5,421.1065430373471
20.5,105.5,421.5563022824524
20.5,106.5,421.8267360927972
20.5,107.5,421.5051428083042
20.5,108.5,421.450533814644
20.5,109.5,421.3909682526647
20.5,110.5,421.3203403104213
20.5,111.5,421.23370274615496
20.5,112.5,421.1514570344885
20.5,113.5,421.0570037210821
20.5,114.5,420.97104301905176
20.5,115.5,420.9032507669797
20.5,116.5,420.8408213007528
20.5,117.5,420.7697591330644
20.5,118.5,420.6894937174278
20.5,119.5,420.6145235590636
20.5,120.5,420.55108708894943
20.5,121.5,420.5195543951032
20.5,122.5,420.4931889833706
20.5,123.5,420.459461174322
20.5,124.5,420.4317187634115
20.5,125.5,420.40609916128767
20.5,126.5,420.3825058522585
20.5,127.5,420.3656174599067
20.5,128.5,420.3406887872652
20.5,129.5,420.3179658271533
20.5,130.5,420.2964306748726
20.5,131.5,420.2771429113955
20.5,132.5,420.2549907684879
20.5,133.5,420.227556414904
20.5,134.5,420.2044457027209
20.5,135.5,420.18320579441934
20.5,136.5,420.169388204056
20.5,137.5,420.15812233979017
20.5,138.5,420.1484340287756
20.5,139.5,420.1356640263084
20.5,140.5,420.1247083866626
20.5,141.5,420.1165303081816
20.5,142.5,420.109114616168
20.5,143.5,420.0979676057329
20.5,144.5,420.0870318861359
20.5,145.5,420.0788416140661
20.5,146.5,420.0717295423497
20.5,147.5,420.05721180415577
20.5,148.5,420.0788460131203
20.5,149.5,420.0838071256868
20.5,150.5,420.0876669406053
20.5,151.5,420.0926217770691
20.5,152.5,420.10297326075965
20.5,153.5,420.1099546693749
20.5,154.5,420.1172654842055
20.5,155.5,420.12496339618207
20.5,156.5,420.132938362328
20.5,157.5,420.1390937004931
20.5,158.5,420.1443421594914
20.5,159.5,420.1482339965414
20.5,160.5,420.15307423464793
20.5,161.5,420.1548673243423
20.5,162.5,420.16023227054126
20.5,163.5,420.1699441226455
20.5,164.5,420.1695326730223
20.5,165.5,420.1707619444829
20.5,166.5,420.1719837843072
20.5,167.5,420.1844794110649
20.5,168.5,420.1777269504312
20.5,169.5,420.1792883673792
20.5,170.5,420.1881524991488
20.5,171.5,420.18146423404414
20.5,172.5,420.1843351679784
20.5,173.5,420.1867491914089
20.5,174.5,420.19103379994107
20.5,175.5,420.1945987031201
20.5,176.5,420.19605038086826
20.5,177.5,420.19439845627886
20.5,178.5,420.19133165756216
20.5,179.5,420.1872286756739
21.5,-179.5,420.1731602311692
21.5,-178.5,420.1717620569464
21.5,-177.5,420.17074776992746
21.5,-176.5,420.16943280304673
21.5,-175.5,420.1672925940944
21.5,-174.5,420.1630910698954
21.5,-173.5,420.1574820878872
21.5,-172.5,420.1521127682451
21.5,-171.5,420.146342519916
21.5,-170.5,420.1390777646226
21.5,-169.5,420.1225624866576
21.5,-168.5,420.12117931732007
21.5,-167.5,420.1130881025457
21.5,-166.5,420.1032941505685
21.5,-165.5,420.0925856365209
21.5,-164.5,420.0832538523912
21.5,-163.5,420.0774611513488
21.5,-162.5,420.0748383163043
21.5,-161.5,420.0738285173496
21.5,-160.5,420.0729460553448
21.5,-159.5,420.0733522472776
21.5,-158.5,420.0770245218644
21.5,-157.5,420.0601759653949
21.5,-156.5,420.0535852618499
21.5,-155.5,420.0511818432488
21.5,-154.5,420.05048363480233
21.5,-153.5,420.050765477558
21.5,-152.5,420.0504276347384
21.5,-151.5,420.047295415132
21.5,-150.5,420.0441081959447
21.5,-149.5,420.04229080389047
21.5,-148.5,420.0437819005908
21.5,-147.5,420.04431084968894
21.5,-146.5,420.0453738994265
21.5,-145.5,420.0460229581292
21.5,-144.5,420.0476783748451
21.5,-143.5,420.0538192796549
21.5,-142.5,420.0567329024725
21.5,-141.5,420.0654703350533
21.5,-140.5,420.0660150073821
21.5,-139.5,420.07218672786297
21.5,-138.5,420.0716610934223
21.5,-137.5,420.072313446236
21.5,-136.5,420.0733525366499
21.5,-135.5,420.07394267585056
21.5,-134.5,420.0748580782878
21.5,-133.5,420.0698317917463
21.5,-132.5,420.0682062166835
21.5,-131.5,420.066167770964
21.5,-130.5,420.063020217651
21.5,-129.5,420.05385965653926
21.5,-128.5,420.04958083321503
21.5,-127.5,420.0464940089503
21.5,-126.5,420.0435942871866
21.5,-125.5,420.04027835271165
21.5,-124.5,420.0367582275172
21.5,-123.5,420.0259172220601
21.5,-122.5,420.0195676038168
21.5,-121.5,420.01339201918415
21.5,-120.5,420.0063116992941
21.5,-119.5,419.9997143136016
21.5,-118.5,419.9919986190496
21.5,-117.5,419.9724447089877
21.5,-116.5,419.9559999847037
21.5,-115.5,419.9398938726271
21.5,-114.5,419.9250897137738
21.5,-113.5,419.9119836112398
21.5,-112.5,419.8988383767792
21.5,-111.5,419.8800954098263
21.5,-110.5,419.8555038464392
21.5,-109.5,419.8308873634032
21.5,-108.5,419.8066284860257
21.5,-107.5,419.7798663787125
21.5,-106.5,419.7603264673162
21.5,-105.5,419.8067397373373
21.5,-104.5,419.6794857187012
21.5,-103.5,419.5179379159547
21.5,-102.5,419.4371155568504
21.5,-101.5,419.4112994412242
21.5,-100.5,419.470379252961
21.5,-99.5,419.6101854865235
21.5,-98.5,419.9354955309103
21.5,-97.5,419.7675504547114
21.5,-96.5,419.6496122825869
21.5,-95.5,419.57013751778896
21.5,-94.5,419.5235372650235
21.5,-93.5,419.4981732485368
21.5,-92.5,419.4944888076885
21.5,-91.5,419.5019512133771
21.5,-90.5,419.5045401715145
21.5,-89.5,419.5178265864921
21.5,-88.5,419.5269216318201
21.5,-87.5,419.5186978486194
21.5,-86.5,419.5645882950809
21.5,-85.5,419.5547819085522
21.5,-84.5,419.55100463475344
21.5,-83.5,419.5513605314042
21.5,-82.5,419.54262739390737
21.5,-81.5,419.5424387275364
21.5,-80.5,419.52512531792513
21.5,-79.5,419.494178965656
21.5,-78.5,419.4794379480338
21.5,-77.5,419.4758144883545
21.5,-76.5,419.459622236246
21.5,-75.5,419.45720202353874
21.5,-74.5,419.4508997533761
21.5,-73.5,419.4429377590316
21.5,-72.5,419.4381274495919
21.5,-71.5,419.4368817445829
21.5,-70.5,419.4335051312498
21.5,-69.5,419.431184256938
21.5,-68.5,419.434671947118
21.5,-67.5,419.4381838676573
21.5,-66.5,419.4398537945862
21.5,-65.5,419.4394804013148
21.5,-64.5,419.4371147829089
21.5,-63.5,419.4372311555568
21.5,-62.5,419.4377444858165
21.5,-61.5,419.4369865116727
21.5,-60.5,419.4362041988424
21.5,-59.5,419.43350963454907
21.5,-58.5,419.432579316051
21.5,-57.5,419.43403759276106
21.5,-56.5,419.436979670282
21.5,-55.5,419.438998618661
21.5,-54.5,419.4393289535111
21.5,-53.5,419.4371333225053
21.5,-52.5,419.434218871554
21.5,-51.5,419.4269796834009
21.5,-50.5,419.4221454263762
21.5,-49.5,419.4173417387081
21.5,-48.5,419.4122413594989
21.5,-47.5,419.4064975301254
21.5,-46.5,419.3992720748847
21.5,-45.5,419.39294278049385
21.5,-44.5,419.3905954281288
21.5,-43.5,419.38877874465743
21.5,-42.5,419.3862174910121
21.5,-41.5,419.382517041004
21.5,-40.5,419.3786455615266
21.5,-39.5,419.37526936970056
21.5,-38.5,419.3714975511913
21.5,-37.5,419.3677347774329
21.5,-36.5,419.3617964752139
21.5,-35.5,419.35369978455554
21.5,-34.5,419.34547121177735
21.5,-33.5,419.3391984969616
21.5,-32.5,419.3339264328693
21.5,-31.5,419.3296278196886
21.5,-30.5,419.3250547449262
21.5,-29.5,419.3224554074328
21.5,-28.5,419.3214207549851
21.5,-27.5,419.3196708666388
21.5,-26.5,419.31756343748265
21.5,-25.5,419.31722730919904
21.5,-24.5,419.3152160051882
21.5,-23.5,419.313117737944
21.5,-22.5,419.31098999000136
21.5,-21.5,419.3095743357599
21.5,-20.5,419.3097292187384
21.5,-19.5,419.312506894765
21.5,-18.5,419.314951753229
21.5,-17.5,419.3149653730713
21.5,-16.5,419.3083906328727
21.5,-15.5,419.2970104348421
21.5,-14.5,419.29716016185824
21.5,-13.5,419.2836301948767
21.5,-12.5,419.2615609059351
21.5,-11.5,419.25798645006006
21.5,-10.5,419.24600005900777
21.5,-9.5,419.23775461214296
21.5,-8.5,419.2352111298741
21.5,-7.5,419.23534554876255
21.5,-6.5,419.23985310282205
21.5,-5.5,419.2515735937032
21.5,-4.5,419.2538815522263
21.5,-3.5,419.2588771177813
21.5,-2.5,419.2681042895192
21.5,-1.5,419.2693764660375
21.5,-0.5,419.2437496993111
21.5,0.5,419.205383534685
21.5,1.5,419.1930599302616
21.5,2.5,419.1784379968592
21.5,3.5,419.1674346716994
21.5,4.5,419.147724376546
21.5,5.5,419.1601563131768
21.5,6.5,419.1614109258083
21.5,7.5,419.1573321440917
21.5,8.5,419.1341783485657
21.5,9.5,419.15688327326177
21.5,10.5,419.2049912632015
21.5,11.5,419.1958233791986
21.5,12.5,419.17133663058473
21.5,13.5,419.1863242397093
21.5,14.5,419.1955597913805
21.5,15.5,419.1578155282067
21.5,16.5,419.1105653238123
21.5,17.5,419.1097957682177
21.5,18.5,419.09291082438057
21.5,19.5,419.1363755331774
21.5,20.5,419.2697119132937
21.5,21.5,419.2881355452928
21.5,22.5,419.2894647267856
21.5,23.5,419.2930575806838
21.5,24.5,419.2751900239832
21.5,25.5,419.248157632432
21.5,26.5,419.30549702350265
21.5,27.5,419.3387984794808
21.5,28.5,419.3735542891363
21.5,29.5,419.3990416895048
21.5,30.5,419.4152089975612
21.5,31.5,419.4266048987286
21.5,32.5,419.4313342834548
21.5,33.5,419.4254148199407
21.5,34.5,419.383127635019
21.5,35.5,419.3750352738614
21.5,36.5,419.436299509433
21.5,37.5,419.55925413250975
21.5,38.5,419.6783224229415
21.5,39.5,420.3652632094171
21.5,40.5,419.6547332490287
21.5,41.5,419.3917622677909
21.5,42.5,419.41406630411626
21.5,43.5,419.475004300653
21.5,44.5,419.50508679213095
21.5,45.5,419.52831027789887
21.5,46.5,419.5820851193857
21.5,47.5,419.6188169365441
21.5,48.5,419.6548239537482
21.5,49.5,419.6642749478203
21.5,50.5,419.6749512932906
21.5,51.5,419.6600184479679
21.5,52.5,419.6659192587722
21.5,53.5,419.63837316683214
21.5,54.5,419.6062270788289
21.5,55.5,419.5747630075494
21.5,56.5,419.5410135515029
21.5,57.5,419.4641878365143
21.5,58.5,419.4133725642589
21.5,59.5,419.4276093634596
21.5,60.5,419.4219094466681
21.5,61.5,419.3923954099428
21.5,62.5,419.3678069405004
21.5,63.5,419.3470991330232
21.5,64.5,419.3292575293548
21.5,65.5,419.3137568933629
21.5,66.5,419.2988058736442
21.5,67.5,419.2865794717506
21.5,68.5,419.26899465181145
21.5,69.5,419.2488719271663
21.5,70.5,419.2251713440759
21.5,71.5,419.1903400245593
21.5,72.5,419.4144681495839
21.5,73.5,419.22365486286014
21.5,74.5,419.1766852364871
21.5,75.5,419.1687032894556
21.5,76.5,419.1735537123973
21.5,77.5,419.1918004908114
21.5,78.5,419.32828690041487
21.5,79.5,419.3174414500262
21.5,80.5,419.32707651304224
21.5,81.5,419.5220363137909
21.5,82.5,419.7056329811977
21.5,83.5,419.909225949254
21.5,84.5,419.77811946383787
21.5,85.5,419.80517696432
21.5,86.5,419.9183014878589
21.5,87.5,419.93875215193447
21.5,88.5,419.8829014652376
21.5,89.5,419.7932829098488
21.5,90.5,419.7398976027052
21.5,91.5,419.7216545811333
21.5,92.5,419.6621618146046
21.5,93.5,419.4369529606856
21.5,94.5,419.67787181694894
21.5,95.5,419.82467410784295
21.5,96.5,419.7969582791303
21.5,97.5,419.7261308759741
21.5,98.5,419.9855736575356
21.5,99.5,419.9412600786591
21.5,100.5,420.2953902612297
21.5,101.5,420.4230281529845
21.5,102.5,420.61252159027873
21.5,103.5,420.87305214520353
21.5,104.5,421.4194126419709
21.5,105.5,422.11024718827554
21.5,106.5,421.8493513943912
21.5,107.5,421.6959714545309
21.5,108.5,421.69963037003777
21.5,109.5,421.6730479534108
21.5,110.5,421.7419466641204
21.5,111.5,421.52087353856336
21.5,112.5,421.4311501430584
21.5,113.5,421.3300638147937
21.5,114.5,421.1960172723191
21.5,115.5,421.1012550456208
21.5,116.5,421.02892332843686
21.5,117.5,420.9744862640295
21.5,118.5,420.93449949753546
21.5,119.5,420.8419467956247
21.5,120.5,420.7004384954241
21.5,121.5,420.6526909471584
21.5,122.5,420.6148148939757
21.5,123.5,420.5654634984784
21.5,124.5,420.5326120039412
21.5,125.5,420.5020881868769
21.5,126.5,420.4782748784256
21.5,127.5,420.4533624282144
21.5,128.5,420.42705931750646
21.5,129.5,420.4003960002616
21.5,130.5,420.3811999127341
21.5,131.5,420.360388679375
21.5,132.5,420.337598966601
21.5,133.5,420.3179750985279
21.5,134.5,420.3012703368223
21.5,135.5,420.27729007772274
21.5,136.5,420.2525927993734
21.5,137.5,420.2371504741146
21.5,138.5,420.2230398197517
21.5,139.5,420.2100731621185
21.5,140.5,420.1919985684007
21.5,141.5,420.1739578549993
21.5,142.5,420.1589174134973
21.5,143.5,420.1419425971184
21.5,144.5,420.122383081656
21.5,145.5,420.1096083242314
21.5,146.5,420.09957909224494
21.5,147.5,420.094465607746
21.5,148.5,420.0944520146948
21.5,149.5,420.0956672373737
21.5,150.5,420.0958725203974
21.5,151.5,420.1003002700151
21.5,152.5,420.1090178489943
21.5,153.5,420.1159512292215
21.5,154.5,420.1234858108271
21.5,155.5,420.132467784767
21.5,156.5,420.1372256185615
21.5,157.5,420.1405210769748
21.5,158.5,420.1395319409637
21.5,159.5,420.1413494637285
21.5,160.5,420.1430410939273
21.5,161.5,420.1448657897821
21.5,162.5,420.1504790794366
21.5,163.5,420.1582059223759
21.5,164.5,420.1619373780986
21.5,165.5,420.1646708002093
21.5,166.5,420.1664493611521
21.5,167.5,420.16886691623046
21.5,168.5,420.1692413898148
21.5,169.5,420.1707237737855
21.5,170.5,420.1704987958984
21.5,171.5,420.1703961684669
21.5,172.5,420.1722587485349
21.5,173.5,420.17402162017447
21.5,174.5,420.1780186111291
21.5,175.5,420.1819216730098
21.5,176.5,420.18247378422296
21.5,177.5,420.1798854647381
21.5,178.5,420.1757010691796
21.5,179.5,420.173831728614
22.5,-179.5,420.1605700368588
22.5,-178.5,420.1607931637964
22.5,-177.5,420.1626022086343
22.5,-176.5,420.1656659056016
22.5,-175.5,420.1668589219343
22.5,-174.5,420.1651418199828
22.5,-173.5,420.16169861520336
22.5,-172.5,420.1567027911253
22.5,-171.5,420.1519397596039
22.5,-170.5,420.147054357051
22.5,-169.5,420.1411742223463
22.5,-168.5,420.1336114322121
22.5,-167.5,420.1256376071815
22.5,-166.5,420.1173318390448
22.5,-165.5,420.1074501801449
22.5,-164.5,420.0969997644483
22.5,-163.5,420.0877405991107
22.5,-162.5,420.0830928270319
22.5,-161.5,420.0805773930232
22.5,-160.5,420.07675203721226
22.5,-159.5,420.06329362072216
22.5,-158.5,420.07166040969554
22.5,-157.5,420.0691797298611
22.5,-156.5,420.0662205651928
22.5,-155.5,420.0636180905003
22.5,-154.5,420.06000052821
22.5,-153.5,420.0595260760401
22.5,-152.5,420.0567523188637
22.5,-151.5,420.0528194651803
22.5,-150.5,420.0504414139602
22.5,-149.5,420.05069563430976
22.5,-148.5,420.05093330211633
22.5,-147.5,420.0523077249997
22.5,-146.5,420.053566368653
22.5,-145.5,420.0543953941728
22.5,-144.5,420.0542824859996
22.5,-143.5,420.05592354229873
22.5,-142.5,420.0600664213061
22.5,-141.5,420.0650410065885
22.5,-140.5,420.0695525036862
22.5,-139.5,420.0735977266089
22.5,-138.5,420.0782035355186
22.5,-137.5,420.0817728160073
22.5,-136.5,420.0840576358978
22.5,-135.5,420.0869937897661
22.5,-134.5,420.0901536529501
22.5,-133.5,420.0914684021533
22.5,-132.5,420.0925892896603
22.5,-131.5,420.09394065143726
22.5,-130.5,420.0952637071832
22.5,-129.5,420.09496929247774
22.5,-128.5,420.0930131871906
22.5,-127.5,420.0933279538004
22.5,-126.5,420.09278819362567
22.5,-125.5,420.09239909745367
22.5,-124.5,420.0913145108253
22.5,-123.5,420.0894218141952
22.5,-122.5,420.085962797637
22.5,-121.5,420.0763041207799
22.5,-120.5,420.0696575348069
22.5,-119.5,420.0641188098731
22.5,-118.5,420.0585006153902
22.5,-117.5,420.0481239312806
22.5,-116.5,420.0331260542684
22.5,-115.5,420.0214499578504
22.5,-114.5,420.00805100914295
22.5,-113.5,419.98867259938766
22.5,-112.5,419.978259961124
22.5,-111.5,419.9656815823454
22.5,-110.5,419.9443910982481
22.5,-109.5,419.9232030798808
22.5,-108.5,419.90578628710966
22.5,-107.5,419.8788840278784
22.5,-106.5,419.8705222128469
22.5,-105.5,420.01858295692665
22.5,-104.5,419.6322974554448
22.5,-103.5,419.44243449631017
22.5,-102.5,419.39237663996965
22.5,-101.5,419.4083278422932
22.5,-100.5,419.5903502851512
22.5,-99.5,419.7180280771972
22.5,-98.5,419.8696629257752
22.5,-97.5,419.846691308812
22.5,-96.5,419.6857182219524
22.5,-95.5,419.6292727780055
22.5,-94.5,419.59140878450273
22.5,-93.5,419.5805246733328
22.5,-92.5,419.5710009414056
22.5,-91.5,419.56439215433176
22.5,-90.5,419.5643752291131
22.5,-89.5,419.5759699817966
22.5,-88.5,419.5933013580824
22.5,-87.5,419.6037094577366
22.5,-86.5,419.6113662940377
22.5,-85.5,419.61461034595936
22.5,-84.5,419.5790799821049
22.5,-83.5,419.5917682652736
22.5,-82.5,419.5808447715922
22.5,-81.5,419.55197956595686
22.5,-80.5,419.534612023161
22.5,-79.5,419.5188922958301
22.5,-78.5,419.4927287983864
22.5,-77.5,419.4939757477141
22.5,-76.5,419.4837440362556
22.5,-75.5,419.4756565940096
22.5,-74.5,419.4696368664051
22.5,-73.5,419.466357573899
22.5,-72.5,419.4639585786363
22.5,-71.5,419.46048569057217
22.5,-70.5,419.4586153195525
22.5,-69.5,419.45730039281966
22.5,-68.5,419.4607198803426
22.5,-67.5,419.4661075896768
22.5,-66.5,419.4700092705749
22.5,-65.5,419.4702808484492
22.5,-64.5,419.4769869567205
22.5,-63.5,419.4682283867032
22.5,-62.5,419.4672450523036
22.5,-61.5,419.4635985768209
22.5,-60.5,419.46259816886607
22.5,-59.5,419.45889809552966
22.5,-58.5,419.45595353456673
22.5,-57.5,419.45834304344896
22.5,-56.5,419.4600653036745
22.5,-55.5,419.4638465385118
22.5,-54.5,419.46539402205366
22.5,-53.5,419.4645447720853
22.5,-52.5,419.4988177899472
22.5,-51.5,419.4591335571913
22.5,-50.5,419.45380796785946
22.5,-49.5,419.4446449750216
22.5,-48.5,419.438250560546
22.5,-47.5,419.4323445244406
22.5,-46.5,419.423904895254
22.5,-45.5,419.4161189871208
22.5,-44.5,419.443249551912
22.5,-43.5,419.4065700298234
22.5,-42.5,419.40246759778927
22.5,-41.5,419.3979777436238
22.5,-40.5,419.3936637668416
22.5,-39.5,419.3897182651301
22.5,-38.5,419.3860661822577
22.5,-37.5,419.3832357095436
22.5,-36.5,419.38004619786136
22.5,-35.5,419.37476791804096
22.5,-34.5,419.366808180018
22.5,-33.5,419.3625910057783
22.5,-32.5,419.35851175038863
22.5,-31.5,419.3541112334316
22.5,-30.5,419.3482881624559
22.5,-29.5,419.3443754809313
22.5,-28.5,419.3399846789202
22.5,-27.5,419.3368648220501
22.5,-26.5,419.3356799074178
22.5,-25.5,419.33411109308514
22.5,-24.5,419.3323914382723
22.5,-23.5,419.3292273478015
22.5,-22.5,419.3257488248443
22.5,-21.5,419.3237435211662
22.5,-20.5,419.3223975652752
22.5,-19.5,419.3228861042613
22.5,-18.5,419.3241469609086
22.5,-17.5,419.3258347337997
22.5,-16.5,419.3167384250059
22.5,-15.5,419.2936943437954
22.5,-14.5,419.30202201838887
22.5,-13.5,419.2982350834994
22.5,-12.5,419.2876671743242
22.5,-11.5,419.2793150828565
22.5,-10.5,419.2694278437723
22.5,-9.5,419.278633230764
22.5,-8.5,419.2627169943082
22.5,-7.5,419.2576907423755
22.5,-6.5,419.2571422733006
22.5,-5.5,419.26516601902136
22.5,-4.5,419.2761408669023
22.5,-3.5,419.2899682955485
22.5,-2.5,419.2939651144917
22.5,-1.5,419.28986245215947
22.5,-0.5,419.27032435511313
22.5,0.5,419.27058554963503
22.5,1.5,419.2364750857315
22.5,2.5,419.2093981151187
22.5,3.5,419.19822238789686
22.5,4.5,419.16241639015885
22.5,5.5,419.097887770684
22.5,6.5,419.1386853850961
22.5,7.5,419.14053928247
22.5,8.5,419.11355940454575
22.5,9.5,419.1702806958123
22.5,10.5,419.2107991609642
22.5,11.5,419.1849487452648
22.5,12.5,419.1590274833269
22.5,13.5,419.1665061472074
22.5,14.5,419.1749112741999
22.5,15.5,419.1783210802489
22.5,16.5,419.1901812506554
22.5,17.5,419.2175994266072
22.5,18.5,419.1874459443134
22.5,19.5,419.2167073440788
22.5,20.5,419.28605680417
22.5,21.5,419.3055545229144
22.5,22.5,419.31094071865846
22.5,23.5,419.3144863070914
22.5,24.5,419.2783037310104
22.5,25.5,419.2649960845272
22.5,26.5,419.30948904265614
22.5,27.5,419.35295077112335
22.5,28.5,419.4149874672276
22.5,29.5,419.4430649210947
22.5,30.5,419.44745794791686
22.5,31.5,419.4623802734088
22.5,32.5,419.4657287599316
22.5,33.5,419.4742177670735
22.5,34.5,419.4588991561665
22.5,35.5,419.5130949657572
22.5,36.5,419.5639182666985
22.5,37.5,419.5929747851668
22.5,38.5,419.6723642651931
22.5,39.5,419.76079716376137
22.5,40.5,419.5173052409101
22.5,41.5,419.4792654675463
22.5,42.5,419.4817138125808
22.5,43.5,419.49794102045865
22.5,44.5,419.5221173986727
22.5,45.5,419.560069277749
22.5,46.5,419.5845559175143
22.5,47.5,419.6600357181199
22.5,48.5,419.7174134595488
22.5,49.5,419.7441497629525
22.5,50.5,419.786338276684
22.5,51.5,419.8057970001752
22.5,52.5,419.79849868408536
22.5,53.5,419.76187523246966
22.5,54.5,419.7217526348522
22.5,55.5,419.6673795827032
22.5,56.5,419.575654170191
22.5,57.5,419.4568920173836
22.5,58.5,419.4767797915193
22.5,59.5,419.5260331399304
22.5,60.5,419.48861925911046
22.5,61.5,419.4489426103206
22.5,62.5,419.41783812628216
22.5,63.5,419.3969397022109
22.5,64.5,419.3827350876212
22.5,65.5,419.3730069633935
22.5,66.5,419.36607045500455
22.5,67.5,419.3579289690384
22.5,68.5,419.33792856566777
22.5,69.5,419.3440297432143
22.5,70.5,419.2997534360619
22.5,71.5,419.29323318662927
22.5,72.5,419.32377170247497
22.5,73.5,419.3956461581144
22.5,74.5,419.2623200509972
22.5,75.5,419.26376959745
22.5,76.5,419.27488542313614
22.5,77.5,419.2950723177755
22.5,78.5,419.2506580016161
22.5,79.5,419.31866740106574
22.5,80.5,419.407749757631
22.5,81.5,419.420344821894
22.5,82.5,419.9961611036869
22.5,83.5,419.7582595328315
22.5,84.5,419.7294668485444
22.5,85.5,419.8862419682604
22.5,86.5,420.0163772132786
22.5,87.5,420.09947138968926
22.5,88.5,420.2514220274081
22.5,89.5,419.9021838836624
22.5,90.5,419.7692449210572
22.5,91.5,419.7691329513376
22.5,92.5,419.6192622527569
22.5,93.5,419.3595306718271
22.5,94.5,419.6578359908856
22.5,95.5,419.802466804533
22.5,96.5,419.6769682778021
22.5,97.5,419.7363647777384
22.5,98.5,419.7141703742879
22.5,99.5,419.7797145638064
22.5,100.5,420.0366076814584
22.5,101.5,420.23454968833227
22.5,102.5,420.60149675481375
22.5,103.5,420.81118201489176
22.5,104.5,421.3150118848785
22.5,105.5,421.6721190327661
22.5,106.5,421.5583317016728
22.5,107.5,421.8764038361626
22.5,108.5,422.1044052087949
22.5,109.5,421.7817012274349
22.5,110.5,421.71655065415183
22.5,111.5,421.6121391681059
22.5,112.5,421.82996539368094
22.5,113.5,421.8153498699738
22.5,114.5,421.5287898333828
22.5,115.5,421.339036627906
22.5,116.5,421.2429295988224
22.5,117.5,421.1404947717693
22.5,118.5,421.1308971366699
22.5,119.5,421.1835066382172
22.5,120.5,421.1506631763399
22.5,121.5,420.7188422038556
22.5,122.5,420.7715472088992
22.5,123.5,420.71114077270136
22.5,124.5,420.6630106508313
22.5,125.5,420.624511290962
22.5,126.5,420.58646609332857
22.5,127.5,420.5506066464552
22.5,128.5,420.51637942519807
22.5,129.5,420.493871762884
22.5,130.5,420.4645451026778
22.5,131.5,420.4376087790157
22.5,132.5,420.41466653198165
22.5,133.5,420.3936425425976
22.5,134.5,420.377707480242
22.5,135.5,420.3579507440566
22.5,136.5,420.3327584856197
22.5,137.5,420.3101804880001
22.5,138.5,420.2919867531123
22.5,139.5,420.2649039208479
22.5,140.5,420.2427811928885
22.5,141.5,420.2268116966375
22.5,142.5,420.2094688221584
22.5,143.5,420.1904107607835
22.5,144.5,420.1706110436827
22.5,145.5,420.1513400530778
22.5,146.5,420.137839393181
22.5,147.5,420.1284316356911
22.5,148.5,420.1248376858492
22.5,149.5,420.1236029919429
22.5,150.5,420.11856913121534
22.5,151.5,420.1186589888649
22.5,152.5,420.1238367744621
22.5,153.5,420.1287028685881
22.5,154.5,420.1349130117371
22.5,155.5,420.14121031028
22.5,156.5,420.1493749713887
22.5,157.5,420.14916649227496
22.5,158.5,420.1437945885873
22.5,159.5,420.1372409904909
22.5,160.5,420.1386252181413
22.5,161.5,420.14323457404737
22.5,162.5,420.1461632860394
22.5,163.5,420.1551421202991
22.5,164.5,420.1612095164447
22.5,165.5,420.1669916425132
22.5,166.5,420.1674328794911
22.5,167.5,420.16906624519646
22.5,168.5,420.1675177006682
22.5,169.5,420.1655765993983
22.5,170.5,420.164388277269
22.5,171.5,420.1634550976487
22.5,172.5,420.16229399533233
22.5,173.5,420.1614015388462
22.5,174.5,420.1644989389512
22.5,175.5,420.1716269010794
22.5,176.5,420.1656541307393
22.5,177.5,420.1625634934293
22.5,178.5,420.1654889301914
22.5,179.5,420.1606551839502
23.5,-179.5,420.15166335280094
23.5,-178.5,420.1513580225656
23.5,-177.5,420.1524075448612
23.5,-176.5,420.15516312823576
23.5,-175.5,420.1593733184484
23.5,-174.5,420.1607294158441
23.5,-173.5,420.1608282797546
23.5,-172.5,420.1580343836421
23.5,-171.5,420.1555051614905
23.5,-170.5,420.1534134344906
23.5,-169.5,420.15007486987
23.5,-168.5,420.1444649154533
23.5,-167.5,420.1368189318807
23.5,-166.5,420.1274085805248
23.5,-165.5,420.1158478569404
23.5,-164.5,420.1062193070878
23.5,-163.5,420.09903205398615
23.5,-162.5,420.0923709982327
23.5,-161.5,420.08676309850216
23.5,-160.5,420.08246635263487
23.5,-159.5,420.0782443983225
23.5,-158.5,420.07787598445424
23.5,-157.5,420.07940300005214
23.5,-156.5,420.0775590724851
23.5,-155.5,420.07626622082057
23.5,-154.5,420.0709875661026
23.5,-153.5,420.0667513186562
23.5,-152.5,420.0618667645163
23.5,-151.5,420.0586537297689
23.5,-150.5,420.05476515869634
23.5,-149.5,420.0535506524027
23.5,-148.5,420.05289182326754
23.5,-147.5,420.0539155868588
23.5,-146.5,420.0544815698721
23.5,-145.5,420.0557844227021
23.5,-144.5,420.057200955489
23.5,-143.5,420.05882089579296
23.5,-142.5,420.0620022441575
23.5,-141.5,420.0640622514924
23.5,-140.5,420.067225312856
23.5,-139.5,420.0683250582916
23.5,-138.5,420.0714615077503
23.5,-137.5,420.0755859394973
23.5,-136.5,420.0792811347512
23.5,-135.5,420.077850562022
23.5,-134.5,420.0900153205904
23.5,-133.5,420.0961075134121
23.5,-132.5,420.1027608547174
23.5,-131.5,420.10768780149454
23.5,-130.5,420.11225235728176
23.5,-129.5,420.1163306949933
23.5,-128.5,420.12100294141806
23.5,-127.5,420.1245169561325
23.5,-126.5,420.12778864747634
23.5,-125.5,420.1297234543851
23.5,-124.5,420.1320859660599
23.5,-123.5,420.1331422793705
23.5,-122.5,420.132633130224
23.5,-121.5,420.12884816166655
23.5,-120.5,420.125419260345
23.5,-119.5,420.1211605033808
23.5,-118.5,420.1191871866777
23.5,-117.5,420.11180569118864
23.5,-116.5,420.1006835096389
23.5,-115.5,420.0889733346645
23.5,-114.5,420.07857508879937
23.5,-113.5,420.06971312600666
23.5,-112.5,420.0624774264773
23.5,-111.5,420.0535154814728
23.5,-110.5,420.0276735341636
23.5,-109.5,419.9675295855541
23.5,-108.5,420.0315028665521
23.5,-107.5,420.0167113950677
23.5,-106.5,419.9774815028314
23.5,-105.5,419.5908395121039
23.5,-104.5,419.51305049948667
23.5,-103.5,419.4557681994719
23.5,-102.5,419.4380751096891
23.5,-101.5,419.41334499097934
23.5,-100.5,419.520875532484
23.5,-99.5,419.52878379306014
23.5,-98.5,419.8375943346538
23.5,-97.5,419.8242907063848
23.5,-96.5,419.7477987058895
23.5,-95.5,419.6961344290676
23.5,-94.5,419.6649753985253
23.5,-93.5,419.6703243359294
23.5,-92.5,419.63702689475423
23.5,-91.5,419.62524456119365
23.5,-90.5,419.61902950388514
23.5,-89.5,419.62397525942777
23.5,-88.5,419.6364724704464
23.5,-87.5,419.6523301822656
23.5,-86.5,419.6601943775267
23.5,-85.5,419.6598123003085
23.5,-84.5,419.65886166692
23.5,-83.5,419.6536338578995
23.5,-82.5,419.6442810448801
23.5,-81.5,419.6213534430591
23.5,-80.5,419.6022030147077
23.5,-79.5,419.5710835423743
23.5,-78.5,419.54882269180223
23.5,-77.5,419.5314234195204
23.5,-76.5,419.5226113111373
23.5,-75.5,419.5296814799594
23.5,-74.5,419.52254943892143
23.5,-73.5,419.5023582300947
23.5,-72.5,419.4977626022504
23.5,-71.5,419.49241119667175
23.5,-70.5,419.4880296831312
23.5,-69.5,419.4880923299686
23.5,-68.5,419.4916349418819
23.5,-67.5,419.496964310932
23.5,-66.5,419.5022064037499
23.5,-65.5,419.5057097582604
23.5,-64.5,419.507319019678
23.5,-63.5,419.5046464200963
23.5,-62.5,419.5027747274516
23.5,-61.5,419.501779496422
23.5,-60.5,419.4988426366818
23.5,-59.5,419.4916198934455
23.5,-58.5,419.4891129187858
23.5,-57.5,419.4880742259243
23.5,-56.5,419.4894185127333
23.5,-55.5,419.4901703147914
23.5,-54.5,419.4918606467828
23.5,-53.5,419.49167821124354
23.5,-52.5,419.4896342986385
23.5,-51.5,419.4860433308396
23.5,-50.5,419.4814177337624
23.5,-49.5,419.473042419532
23.5,-48.5,419.465860032574
23.5,-47.5,419.45823188842496
23.5,-46.5,419.44975225108766
23.5,-45.5,419.44118602562594
23.5,-44.5,419.4351177384551
23.5,-43.5,419.4281652383786
23.5,-42.5,419.4213530193219
23.5,-41.5,419.4150314144472
23.5,-40.5,419.40955935184047
23.5,-39.5,419.4037322829898
23.5,-38.5,419.399254723371
23.5,-37.5,419.3954226712089
23.5,-36.5,419.3902189152784
23.5,-35.5,419.386911416208
23.5,-34.5,419.3853408384108
23.5,-33.5,419.3826705205333
23.5,-32.5,419.4080985081025
23.5,-31.5,419.3762888038621
23.5,-30.5,419.3714265582096
23.5,-29.5,419.36379521254736
23.5,-28.5,419.3561348120935
23.5,-27.5,419.34998564913104
23.5,-26.5,419.3479300018829
23.5,-25.5,419.3468541738781
23.5,-24.5,419.3460734677453
23.5,-23.5,419.3437279806089
23.5,-22.5,419.3408267264819
23.5,-21.5,419.3396307900754
23.5,-20.5,419.3377985450706
23.5,-19.5,419.3364297500997
23.5,-18.5,419.3368167850216
23.5,-17.5,419.3390996896916
23.5,-16.5,419.3410140154034
23.5,-15.5,419.3283663368322
23.5,-14.5,419.32712469752033
23.5,-13.5,419.323961426228
23.5,-12.5,419.320904509477
23.5,-11.5,419.3264168639439
23.5,-10.5,419.3239164499574
23.5,-9.5,419.3229971500367
23.5,-8.5,419.3552504039399
23.5,-7.5,419.3111676259748
23.5,-6.5,419.2991810415884
23.5,-5.5,419.30057090927846
23.5,-4.5,419.308924072732
23.5,-3.5,419.31761079784224
23.5,-2.5,419.3160536004789
23.5,-1.5,419.3114576488327
23.5,-0.5,419.304702675439
23.5,0.5,419.2833411222827
23.5,1.5,419.2511734013439
23.5,2.5,419.2159244451869
23.5,3.5,419.1992019792133
23.5,4.5,419.13493414586094
23.5,5.5,419.0119480478658
23.5,6.5,419.0110949544885
23.5,7.5,419.0777357310744
23.5,8.5,419.1322980101869
23.5,9.5,419.1885034750601
23.5,10.5,419.1662863415068
23.5,11.5,419.1744859208597
23.5,12.5,419.2029202901251
23.5,13.5,419.2043726897963
23.5,14.5,419.2155941457928
23.5,15.5,419.241947994629
23.5,16.5,419.259449449362
23.5,17.5,419.27664060713727
23.5,18.5,419.26981589428857
23.5,19.5,419.2556523138856
23.5,20.5,419.2895661078794
23.5,21.5,419.3139442010445
23.5,22.5,419.3281965051778
23.5,23.5,419.33188561970303
23.5,24.5,419.3192502497822
23.5,25.5,419.2836815006388
23.5,26.5,419.320555687863
23.5,27.5,419.37568002799225
23.5,28.5,419.4328502638786
23.5,29.5,419.46177767885706
23.5,30.5,419.49677949669086
23.5,31.5,419.4992119795574
23.5,32.5,419.512542929184
23.5,33.5,419.5132591180121
23.5,34.5,419.4899598817936
23.5,35.5,419.51631096548965
23.5,36.5,419.60487382202257
23.5,37.5,419.68350918308505
23.5,38.5,419.6884312868069
23.5,39.5,419.6112442853933
23.5,40.5,419.5212504872184
23.5,41.5,419.49023443623474
23.5,42.5,419.4969011405332
23.5,43.5,419.5258951280949
23.5,44.5,419.5533033002806
23.5,45.5,419.595998287754
23.5,46.5,419.6612948341108
23.5,47.5,419.7245140628813
23.5,48.5,419.7736943973135
23.5,49.5,419.8334356588083
23.5,50.5,419.89850102709937
23.5,51.5,419.9484140334872
23.5,52.5,419.9249184540933
23.5,53.5,419.894704870778
23.5,54.5,419.8876775275872
23.5,55.5,419.8205571298382
23.5,56.5,419.6458540833476
23.5,57.5,419.6288976911567
23.5,58.5,419.6917099132813
23.5,59.5,419.6363376610583
23.5,60.5,419.5587667983877
23.5,61.5,419.5088984449836
23.5,62.5,419.474148760229
23.5,63.5,419.4504992654149
23.5,64.5,419.4370907846506
23.5,65.5,419.4322496705639
23.5,66.5,419.4313133025928
23.5,67.5,419.42633150594406
23.5,68.5,419.43013291545657
23.5,69.5,419.3931379891934
23.5,70.5,419.3789862320684
23.5,71.5,419.3678605629843
23.5,72.5,419.4232762304919
23.5,73.5,419.3595902735924
23.5,74.5,419.36348869557634
23.5,75.5,419.3178808810081
23.5,76.5,419.3219384251677
23.5,77.5,419.38000379677214
23.5,78.5,419.4131808227275
23.5,79.5,419.47679329387336
23.5,80.5,419.60427620970125
23.5,81.5,419.6195629385313
23.5,82.5,419.65037461093374
23.5,83.5,419.7327015653754
23.5,84.5,419.68313361796055
23.5,85.5,419.8527196766544
23.5,86.5,420.5270344762205
23.5,87.5,420.44406622258026
23.5,88.5,420.2067163831749
23.5,89.5,419.9908764399998
23.5,90.5,419.97530303721766
23.5,91.5,419.7810635743109
23.5,92.5,419.59209469532624
23.5,93.5,419.3511312658373
23.5,94.5,419.6039907517757
23.5,95.5,419.66665600589744
23.5,96.5,419.6594657886373
23.5,97.5,419.5590836611549
23.5,98.5,419.6425405152711
23.5,99.5,419.60737188400094
23.5,100.5,419.7627771432609
23.5,101.5,420.000129836862
23.5,102.5,420.1242416276799
23.5,103.5,420.2799405405057
23.5,104.5,420.5742638837502
23.5,105.5,421.0383114963211
23.5,106.5,421.5698782047457
23.5,107.5,421.8955617231277
23.5,108.5,422.0904230875315
23.5,109.5,421.9498218850627
23.5,110.5,422.0044214451426
23.5,111.5,421.8304260958299
23.5,112.5,421.90235447107295
23.5,113.5,422.0293449141272
23.5,114.5,421.62544642499336
23.5,115.5,421.4296329393955
23.5,116.5,421.50349348536906
23.5,117.5,421.4273871570831
23.5,118.5,421.2629650767275
23.5,119.5,421.4784145381069
23.5,120.5,421.03725965564354
23.5,121.5,421.0311551394244
23.5,122.5,420.9724565335597
23.5,123.5,420.8611841169306
23.5,124.5,420.7953192490546
23.5,125.5,420.7476016773262
23.5,126.5,420.70391836987767
23.5,127.5,420.66024888020434
23.5,128.5,420.6234558111345
23.5,129.5,420.5878989159737
23.5,130.5,420.555092815352
23.5,131.5,420.5191315937556
23.5,132.5,420.4939894073663
23.5,133.5,420.4643462441775
23.5,134.5,420.4400834454528
23.5,135.5,420.4234629157532
23.5,136.5,420.404977575883
23.5,137.5,420.3816741154472
23.5,138.5,420.3539813377975
23.5,139.5,420.32408945839546
23.5,140.5,420.3016074574528
23.5,141.5,420.28389381449966
23.5,142.5,420.2690339820831
23.5,143.5,420.2513162616854
23.5,144.5,420.2327650108774
23.5,145.5,420.214690847837
23.5,146.5,420.1960251904519
23.5,147.5,420.1800343012589
23.5,148.5,420.166951698865
23.5,149.5,420.1609774959938
23.5,150.5,420.15619321369337
23.5,151.5,420.15141441483473
23.5,152.5,420.1479263034681
23.5,153.5,420.1491816265021
23.5,154.5,420.1531282777235
23.5,155.5,420.1575012726525
23.5,156.5,420.1616549119582
23.5,157.5,420.1606872765693
23.5,158.5,420.1574787775016
23.5,159.5,420.1519265446886
23.5,160.5,420.1444267986447
23.5,161.5,420.1448956017573
23.5,162.5,420.1477607922007
23.5,163.5,420.15406215771054
23.5,164.5,420.1594594963454
23.5,165.5,420.1670008410725
23.5,166.5,420.1722489385413
23.5,167.5,420.1743133525251
23.5,168.5,420.1705641991157
23.5,169.5,420.16633588594993
23.5,170.5,420.1612913871628
23.5,171.5,420.1574090898584
23.5,172.5,420.1539774126176
23.5,173.5,420.15122596685217
23.5,174.5,420.15094988301706
23.5,175.5,420.1524507180815
23.5,176.5,420.151351106438
23.5,177.5,420.15016122589145
23.5,178.5,420.1499064403611
23.5,179.5,420.15116014488586
24.5,-179.5,420.1465790610234
24.5,-178.5,420.14364028649175
24.5,-177.5,420.1427651342975
24.5,-176.5,420.1443614521009
24.5,-175.5,420.146164489755
24.5,-174.5,420.150362163116
24.5,-173.5,420.15381793353833
24.5,-172.5,420.15581473833146
24.5,-171.5,420.1566606610682
24.5,-170.5,420.1559661050937
24.5,-169.5,420.15417145933645
24.5,-168.5,420.151994543719
24.5,-167.5,420.14618929588494
24.5,-166.5,420.1373086078331
24.5,-165.5,420.1266416162423
24.5,-164.5,420.1165562338716
24.5,-163.5,420.1089307307248
24.5,-162.5,420.1001156760273
24.5,-161.5,420.0934117030426
24.5,-160.5,420.089209396913
24.5,-159.5,420.084914321631
24.5,-158.5,420.08423372022935
24.5,-157.5,420.0856053814238
24.5,-156.5,420.083435033331
24.5,-155.5,420.0786471341836
24.5,-154.5,420.07374810147417
24.5,-153.5,420.0695370803148
24.5,-152.5,420.06936064645055
24.5,-151.5,420.0649913333429
24.5,-150.5,420.0600161950284
24.5,-149.5,420.0557483772318
24.5,-148.5,420.0532752783303
24.5,-147.5,420.0524572338009
24.5,-146.5,420.0529205345365
24.5,-145.5,420.0550172282426
24.5,-144.5,420.0584882999914
24.5,-143.5,420.06191262691976
24.5,-142.5,420.0646258201462
24.5,-141.5,420.0648428825669
24.5,-140.5,420.066022953518
24.5,-139.5,420.06411395326114
24.5,-138.5,420.063304072039
24.5,-137.5,420.0659702339787
24.5,-136.5,420.0691721341257
24.5,-135.5,420.0738698324299
24.5,-134.5,420.0809952971272
24.5,-133.5,420.0887849949987
24.5,-132.5,420.0970861255137
24.5,-131.5,420.10512343019366
24.5,-130.5,420.11530109027234
24.5,-129.5,420.1226273233533
24.5,-128.5,420.13002261346384
24.5,-127.5,420.1374568420094
24.5,-126.5,420.1449494074847
24.5,-125.5,420.1505817217377
24.5,-124.5,420.1558095624978
24.5,-123.5,420.15933728128095
24.5,-122.5,420.1621560948089
24.5,-121.5,420.1648013865229
24.5,-120.5,420.167984240434
24.5,-119.5,420.17259874454487
24.5,-118.5,420.1718040705322
24.5,-117.5,420.1700098466212
24.5,-116.5,420.1644669943052
24.5,-115.5,420.15715882091536
24.5,-114.5,420.148281935304
24.5,-113.5,420.14020492784977
24.5,-112.5,420.1337545391632
24.5,-111.5,420.100726904872
24.5,-110.5,420.12110328262446
24.5,-109.5,420.1499331865609
24.5,-108.5,420.1479680660392
24.5,-107.5,420.21133397850247
24.5,-106.5,420.0625769573934
24.5,-105.5,419.5714977669813
24.5,-104.5,419.5276818352764
24.5,-103.5,419.52218159427866
24.5,-102.5,419.53207054122754
24.5,-101.5,419.4816677940464
24.5,-100.5,419.5029331208316
24.5,-99.5,419.8224912476265
24.5,-98.5,419.9139970832984
24.5,-97.5,419.8870253763352
24.5,-96.5,419.81423653165433
24.5,-95.5,419.76847363811765
24.5,-94.5,419.7406197489324
24.5,-93.5,419.71976507000704
24.5,-92.5,419.7034082271995
24.5,-91.5,419.6905948764933
24.5,-90.5,419.6829605831245
24.5,-89.5,419.6840513828712
24.5,-88.5,419.68915113989294
24.5,-87.5,419.7174044385657
24.5,-86.5,419.7044878207172
24.5,-85.5,419.7062764150452
24.5,-84.5,419.706317210644
24.5,-83.5,419.7022145682197
24.5,-82.5,419.7138435803598
24.5,-81.5,419.6760302110952
24.5,-80.5,419.6526577031518
24.5,-79.5,419.6288079644194
24.5,-78.5,419.6057568779383
24.5,-77.5,419.585440362816
24.5,-76.5,419.5709266497007
24.5,-75.5,419.5608610781173
24.5,-74.5,419.5534431048967
24.5,-73.5,419.5497783344856
24.5,-72.5,419.5546978102297
24.5,-71.5,419.5309169069952
24.5,-70.5,419.525661821358
24.5,-69.5,419.52039699203766
24.5,-68.5,419.5225360298239
24.5,-67.5,419.5266369794407
24.5,-66.5,419.5320502021138
24.5,-65.5,419.5364992126632
24.5,-64.5,419.5398102650813
24.5,-63.5,419.5437641865532
24.5,-62.5,419.5409836563796
24.5,-61.5,419.5396792851676
24.5,-60.5,419.5363515239926
24.5,-59.5,419.53388689791245
24.5,-58.5,419.5281629604726
24.5,-57.5,419.52695870050206
24.5,-56.5,419.52576372509975
24.5,-55.5,419.5531131313115
24.5,-54.5,419.5226391466916
24.5,-53.5,419.51962210148326
24.5,-52.5,419.5167920078829
24.5,-51.5,419.5116243133412
24.5,-50.5,419.50570052948194
24.5,-49.5,419.5319085048404
24.5,-48.5,419.4952595564245
24.5,-47.5,419.4868117487403
24.5,-46.5,419.474844256244
24.5,-45.5,419.4675153463262
24.5,-44.5,419.46123589923207
24.5,-43.5,419.45357969009433
24.5,-42.5,419.4444846159683
24.5,-41.5,419.4344781716708
24.5,-40.5,419.4249958134643
24.5,-39.5,419.4170377572174
24.5,-38.5,419.41076486477016
24.5,-37.5,419.40512766897234
24.5,-36.5,419.4003489981625
24.5,-35.5,419.39762575133176
24.5,-34.5,419.3971883637005
24.5,-33.5,419.397952678084
24.5,-32.5,419.3972339516128
24.5,-31.5,419.3946427986599
24.5,-30.5,419.387275150914
24.5,-29.5,419.3781268949184
24.5,-28.5,419.3682317980846
24.5,-27.5,419.3600466514512
24.5,-26.5,419.356521146338
24.5,-25.5,419.3566714085085
24.5,-24.5,419.3595156283828
24.5,-23.5,419.35877342288353
24.5,-22.5,419.35784483259584
24.5,-21.5,419.3569398812454
24.5,-20.5,419.35514881096566
24.5,-19.5,419.35327533432303
24.5,-18.5,419.35250155264833
24.5,-17.5,419.35660498401154
24.5,-16.5,419.3594506734203
24.5,-15.5,419.3611981966068
24.5,-14.5,419.3502318567839
24.5,-13.5,419.3399693598113
24.5,-12.5,419.3392573223592
24.5,-11.5,419.3437673236493
24.5,-10.5,419.3397924970268
24.5,-9.5,419.3493882793576
24.5,-8.5,419.3384947571867
24.5,-7.5,419.3433614939936
24.5,-6.5,419.3418665243175
24.5,-5.5,419.33607868478094
24.5,-4.5,419.3456644393884
24.5,-3.5,419.3444252286638
24.5,-2.5,419.3420769155167
24.5,-1.5,419.3371428391138
24.5,-0.5,419.3330678429343
24.5,0.5,419.3223998022376
24.5,1.5,419.29895662542174
24.5,2.5,419.2462243221652
24.5,3.5,419.2133544852952
24.5,4.5,419.17935442619614
24.5,5.5,419.09883444365096
24.5,6.5,419.1280071045033
24.5,7.5,419.1254811368509
24.5,8.5,419.1338620685906
24.5,9.5,419.13904063823713
24.5,10.5,419.2005579592026
24.5,11.5,419.23021447458655
24.5,12.5,419.2460594997332
24.5,13.5,419.2475691765889
24.5,14.5,419.2824990745804
24.5,15.5,419.2843701275616
24.5,16.5,419.2843534652205
24.5,17.5,419.29619587382
24.5,18.5,419.300208809456
24.5,19.5,419.3020944376712
24.5,20.5,419.3271457878021
24.5,21.5,419.3410957566968
24.5,22.5,419.344270267658
24.5,23.5,419.3425256085949
24.5,24.5,419.3422331528877
24.5,25.5,419.3033604887383
24.5,26.5,419.3192510408183
24.5,27.5,419.3757499351883
24.5,28.5,419.42351397214895
24.5,29.5,419.4594341933789
24.5,30.5,419.5149122261421
24.5,31.5,419.5297004274031
24.5,32.5,419.55836569471313
24.5,33.5,419.5449157711234
24.5,34.5,419.5137585242831
24.5,35.5,419.6192081335069
24.5,36.5,419.6403515124592
24.5,37.5,419.6222571360884
24.5,38.5,419.5595992051943
24.5,39.5,419.5795004509537
24.5,40.5,419.53485682681554
24.5,41.5,419.5171909243159
24.5,42.5,419.527415022393
24.5,43.5,419.5488761249239
24.5,44.5,419.5912842343657
24.5,45.5,419.67794404870745
24.5,46.5,419.7908530676617
24.5,47.5,419.7933374227668
24.5,48.5,419.80942526631054
24.5,49.5,419.92901447295657
24.5,50.5,420.02136855377097
24.5,51.5,420.144537121611
24.5,52.5,420.0842928060924
24.5,53.5,419.9977800434301
24.5,54.5,420.194487732114
24.5,55.5,420.0756805109946
24.5,56.5,419.9291614109539
24.5,57.5,419.8425903304659
24.5,58.5,419.7506222933172
24.5,59.5,419.6690650677998
24.5,60.5,419.6129900997987
24.5,61.5,419.5673473160925
24.5,62.5,419.53203198369295
24.5,63.5,419.5093126041668
24.5,64.5,419.48898622507846
24.5,65.5,419.48334829944207
24.5,66.5,419.4967131645898
24.5,67.5,419.5705050280721
24.5,68.5,419.5034480916129
24.5,69.5,419.476935289537
24.5,70.5,419.44616521686834
24.5,71.5,419.4362797983069
24.5,72.5,419.3734530943053
24.5,73.5,419.31459394480976
24.5,74.5,419.3888986046508
24.5,75.5,419.4053658566599
24.5,76.5,419.4707214469121
24.5,77.5,419.45911501323314
24.5,78.5,419.5169695075304
24.5,79.5,419.570905405436
24.5,80.5,419.6444220781766
24.5,81.5,419.7523888518784
24.5,82.5,420.8083575811757
24.5,83.5,420.1085320915963
24.5,84.5,419.9985168390039
24.5,85.5,419.8772694662551
24.5,86.5,420.0271538489756
24.5,87.5,420.1461052073756
24.5,88.5,420.106709018296
24.5,89.5,420.015572437693
24.5,90.5,420.0315158122161
24.5,91.5,419.8612296670461
24.5,92.5,419.7496938005255
24.5,93.5,419.479691158808
24.5,94.5,419.45607297194186
24.5,95.5,419.62759497479993
24.5,96.5,419.5689424842519
24.5,97.5,419.5176748983377
24.5,98.5,419.4634047665808
24.5,99.5,419.4595531825537
24.5,100.5,419.5834414239389
24.5,101.5,419.7191931969512
24.5,102.5,419.8887328892302
24.5,103.5,420.0921108332562
24.5,104.5,420.5633362807781
24.5,105.5,421.1236039869152
24.5,106.5,421.4116185728375
24.5,107.5,421.77578338414446
24.5,108.5,421.94901471160097
24.5,109.5,422.053444651333
24.5,110.5,421.80862228938327
24.5,111.5,421.7910247890841
24.5,112.5,421.732412759586
24.5,113.5,421.83751205092295
24.5,114.5,421.6350334608729
24.5,115.5,421.6346234438316
24.5,116.5,421.3982314221438
24.5,117.5,421.4653581675121
24.5,118.5,421.47498184595145
24.5,119.5,421.3415067517283
24.5,120.5,421.4011542439248
24.5,121.5,421.2357584516408
24.5,122.5,421.1252744953457
24.5,123.5,420.9868234113464
24.5,124.5,420.9029228422814
24.5,125.5,420.8509247081657
24.5,126.5,420.80722241508187
24.5,127.5,420.7632495237243
24.5,128.5,420.7216273581376
24.5,129.5,420.6707861803691
24.5,130.5,420.64967408243166
24.5,131.5,420.61414967001474
24.5,132.5,420.5776198686698
24.5,133.5,420.5395762972703
24.5,134.5,420.5032958252101
24.5,135.5,420.4791977770103
24.5,136.5,420.4626974983864
24.5,137.5,420.4432593570663
24.5,138.5,420.42033590736327
24.5,139.5,420.3988688527948
24.5,140.5,420.3720498851177
24.5,141.5,420.3452225416637
24.5,142.5,420.3329880063754
24.5,143.5,420.3146311673282
24.5,144.5,420.2945627349372
24.5,145.5,420.2748393434063
24.5,146.5,420.2519535313671
24.5,147.5,420.23852846759496
24.5,148.5,420.2268705985668
24.5,149.5,420.2112240434522
24.5,150.5,420.20312472881926
24.5,151.5,420.1955625266413
24.5,152.5,420.1866113504001
24.5,153.5,420.18016792300426
24.5,154.5,420.1797709108848
24.5,155.5,420.1793714334936
24.5,156.5,420.178717608652
24.5,157.5,420.17554598463823
24.5,158.5,420.1731924615055
24.5,159.5,420.168958358383
24.5,160.5,420.1636086468334
24.5,161.5,420.1607388905696
24.5,162.5,420.1565535299264
24.5,163.5,420.1592763659504
24.5,164.5,420.16278816447294
24.5,165.5,420.16637942898655
24.5,166.5,420.16937659571073
24.5,167.5,420.1721045389941
24.5,168.5,420.1742705527619
24.5,169.5,420.1694812777167
24.5,170.5,420.162696041413
24.5,171.5,420.15542913406256
24.5,172.5,420.1493738168692
24.5,173.5,420.1452420093822
24.5,174.5,420.1429152867641
24.5,175.5,420.1432867007911
24.5,176.5,420.1458670574652
24.5,177.5,420.14776673058736
24.5,178.5,420.152487822457
24.5,179.5,420.14890928334967
25.5,-179.5,420.1419929389909
25.5,-178.5,420.1359878682173
25.5,-177.5,420.13379917230543
25.5,-176.5,420.13390361170855
25.5,-175.5,420.1350432916828
25.5,-174.5,420.13853095287374
25.5,-173.5,420.14485913758654
25.5,-172.5,420.1519809421994
25.5,-171.5,420.156264708797
25.5,-170.5,420.1575657805984
25.5,-169.5,420.1579578661847
25.5,-168.5,420.1561312342545
25.5,-167.5,420.1517460742554
25.5,-166.5,420.1455572647875
25.5,-165.5,420.1382553943053
25.5,-164.5,420.129234970888
25.5,-163.5,420.1209553247221
25.5,-162.5,420.11103703290667
25.5,-161.5,420.1037419887261
25.5,-160.5,420.09853350820737
25.5,-159.5,420.0940804005792
25.5,-158.5,420.0919329936265
25.5,-157.5,420.0631600903405
25.5,-156.5,420.0858654168623
25.5,-155.5,420.0825038721725
25.5,-154.5,420.0829907228278
25.5,-153.5,420.0797681125336
25.5,-152.5,420.0758811076194
25.5,-151.5,420.0715982336199
25.5,-150.5,420.0681644546821
25.5,-149.5,420.06204152204657
25.5,-148.5,420.05693435669946
25.5,-147.5,420.0553840080075
25.5,-146.5,420.05877192485633
25.5,-145.5,420.0591214789557
25.5,-144.5,420.0600316886948
25.5,-143.5,420.0640258570684
25.5,-142.5,420.0677161978744
25.5,-141.5,420.0685067976749
25.5,-140.5,420.066372452461
25.5,-139.5,420.06284591601496
25.5,-138.5,420.0525389237609
25.5,-137.5,420.0570141225343
25.5,-136.5,420.0598429951118
25.5,-135.5,420.0639681165442
25.5,-134.5,420.0691471619272
25.5,-133.5,420.0750744181612
25.5,-132.5,420.0834781168438
25.5,-131.5,420.0918786442346
25.5,-130.5,420.1019595554357
25.5,-129.5,420.1133329795085
25.5,-128.5,420.1249216657352
25.5,-127.5,420.1350441456841
25.5,-126.5,420.14688338870656
25.5,-125.5,420.1536254069199
25.5,-124.5,420.16097537868063
25.5,-123.5,420.16895332969705
25.5,-122.5,420.1763553703503
25.5,-121.5,420.1843856392792
25.5,-120.5,420.1920777209655
25.5,-119.5,420.20166412560167
25.5,-118.5,420.2117087098872
25.5,-117.5,420.218731277916
25.5,-116.5,420.22108403494406
25.5,-115.5,420.2180859820711
25.5,-114.5,420.2137501493008
25.5,-113.5,420.2072369128247
25.5,-112.5,420.1984028377384
25.5,-111.5,420.17126032981326
25.5,-110.5,420.18824874650153
25.5,-109.5,420.2597825835283
25.5,-108.5,420.2811020329106
25.5,-107.5,420.186893162658
25.5,-106.5,419.6942646275815
25.5,-105.5,419.6613951941036
25.5,-104.5,419.7195652693451
25.5,-103.5,419.7981225981906
25.5,-102.5,419.7554888220244
25.5,-101.5,419.6507394796184
25.5,-100.5,419.6426353172583
25.5,-99.5,420.0410143100879
25.5,-98.5,420.02277143716
25.5,-97.5,419.97513982600896
25.5,-96.5,419.8847152544287
25.5,-95.5,419.8403336673712
25.5,-94.5,419.8134825197508
25.5,-93.5,419.79436086235535
25.5,-92.5,419.7826947990498
25.5,-91.5,419.7589143941441
25.5,-90.5,419.743960908685
25.5,-89.5,419.73714532205975
25.5,-88.5,419.7384530718619
25.5,-87.5,419.7445121743128
25.5,-86.5,419.7550834236871
25.5,-85.5,419.75713030199046
25.5,-84.5,419.7536185248539
25.5,-83.5,419.7474710455709
25.5,-82.5,419.7429643400792
25.5,-81.5,419.75204490746114
25.5,-80.5,419.7781072543464
25.5,-79.5,419.7106152384374
25.5,-78.5,419.6761612345708
25.5,-77.5,419.64989347298246
25.5,-76.5,419.6298793303928
25.5,-75.5,419.614190570314
25.5,-74.5,419.6081083374202
25.5,-73.5,419.5986222554798
25.5,-72.5,419.60322016850336
25.5,-71.5,419.5738256834589
25.5,-70.5,419.56807127290665
25.5,-69.5,419.5649954335672
25.5,-68.5,419.5597931868311
25.5,-67.5,419.573183864958
25.5,-66.5,419.5645244858812
25.5,-65.5,419.5668958947245
25.5,-64.5,419.5698909365679
25.5,-63.5,419.5758397801136
25.5,-62.5,419.5794739106738
25.5,-61.5,419.57766317043934
25.5,-60.5,419.5709176085844
25.5,-59.5,419.56986696513457
25.5,-58.5,419.56968719680776
25.5,-57.5,419.5680611316676
25.5,-56.5,419.5902196120369
25.5,-55.5,419.5554467513758
25.5,-54.5,419.54991676552186
25.5,-53.5,419.54734754926784
25.5,-52.5,419.5435472705328
25.5,-51.5,419.533993982478
25.5,-50.5,419.52680889507945
25.5,-49.5,419.5206942156019
25.5,-48.5,419.51535718887294
25.5,-47.5,419.50707930455707
25.5,-46.5,419.499757169748
25.5,-45.5,419.4937524924404
25.5,-44.5,419.4864825676838
25.5,-43.5,419.4773405360172
25.5,-42.5,419.4681908085714
25.5,-41.5,419.4564722067767
25.5,-40.5,419.4458410268053
25.5,-39.5,419.43690885064194
25.5,-38.5,419.4279878849194
25.5,-37.5,419.421867415267
25.5,-36.5,419.4155971947772
25.5,-35.5,419.4117867500524
25.5,-34.5,419.41165899910993
25.5,-33.5,419.4130478639573
25.5,-32.5,419.41185455833454
25.5,-31.5,419.4077530907689
25.5,-30.5,419.43192786910646
25.5,-29.5,419.39234584055714
25.5,-28.5,419.3816948791096
25.5,-27.5,419.3738625793618
25.5,-26.5,419.37021542701575
25.5,-25.5,419.3696148597184
25.5,-24.5,419.37042412264367
25.5,-23.5,419.3706459033534
25.5,-22.5,419.3705302879872
25.5,-21.5,419.3704247961333
25.5,-20.5,419.3704413421733
25.5,-19.5,419.3713797482899
25.5,-18.5,419.3715924561603
25.5,-17.5,419.3737625125893
25.5,-16.5,419.3774432784963
25.5,-15.5,419.3815264038333
25.5,-14.5,419.3802343018261
25.5,-13.5,419.37252209536086
25.5,-12.5,419.36111450091215
25.5,-11.5,419.3428804706757
25.5,-10.5,419.3519720766063
25.5,-9.5,419.3308685183976
25.5,-8.5,419.3346779620268
25.5,-7.5,419.356152959525
25.5,-6.5,419.3879276735791
25.5,-5.5,419.3652440689014
25.5,-4.5,419.36184587671937
25.5,-3.5,419.3907811104537
25.5,-2.5,419.3698803423389
25.5,-1.5,419.3684238378856
25.5,-0.5,419.3685831024962
25.5,0.5,419.3498176912175
25.5,1.5,419.3349870784935
25.5,2.5,419.3245409004618
25.5,3.5,419.2306980158134
25.5,4.5,419.20630316487
25.5,5.5,419.2014738519016
25.5,6.5,419.1882234229017
25.5,7.5,419.1507549935839
25.5,8.5,419.1847360840324
25.5,9.5,419.2212151500658
25.5,10.5,419.2867995198858
25.5,11.5,419.2858145557193
25.5,12.5,419.2898347679738
25.5,13.5,419.2984156088466
25.5,14.5,419.3099989075399
25.5,15.5,419.3001109965942
25.5,16.5,419.3040558967809
25.5,17.5,419.3346031301263
25.5,18.5,419.3530115133024
25.5,19.5,419.3606091757134
25.5,20.5,419.3640263162878
25.5,21.5,419.3746703293006
25.5,22.5,419.3687237911308
25.5,23.5,419.3543398465544
25.5,24.5,419.3538237830853
25.5,25.5,419.36797727670216
25.5,26.5,419.3844833509078
25.5,27.5,419.41741896258486
25.5,28.5,419.4422492374519
25.5,29.5,419.4835886694486
25.5,30.5,419.5359565029082
25.5,31.5,419.5602551565444
25.5,32.5,419.585852237485
25.5,33.5,419.5690114225566
25.5,34.5,419.5524326250369
25.5,35.5,419.6502522700617
25.5,36.5,419.6510616871232
25.5,37.5,419.57884167446895
25.5,38.5,419.5832781020056
25.5,39.5,419.5255188352525
25.5,40.5,419.5104560480098
25.5,41.5,419.5341694126634
25.5,42.5,419.5439053600824
25.5,43.5,419.5748821154075
25.5,44.5,419.6445937124144
25.5,45.5,419.6749028566793
25.5,46.5,419.7940587779661
25.5,47.5,419.80767736041867
25.5,48.5,419.8675026229759
25.5,49.5,420.1818202394768
25.5,50.5,420.1964875608796
25.5,51.5,420.3558690646856
25.5,52.5,419.9739869495916
25.5,53.5,419.9531929652518
25.5,54.5,420.0347091126424
25.5,55.5,420.3923981616173
25.5,56.5,420.0941258137968
25.5,57.5,419.82406087848665
25.5,58.5,419.7002044407188
25.5,59.5,419.6668661120241
25.5,60.5,419.6144487453333
25.5,61.5,419.5651546000013
25.5,62.5,419.5381960665808
25.5,63.5,419.5013556395704
25.5,64.5,419.4735926342488
25.5,65.5,419.43053534725954
25.5,66.5,419.4933098848626
25.5,67.5,419.4789627679698
25.5,68.5,419.54714394187545
25.5,69.5,419.5458353810205
25.5,70.5,419.51781667819375
25.5,71.5,419.496768344985
25.5,72.5,419.49591745026646
25.5,73.5,419.4394471914433
25.5,74.5,419.44857540107546
25.5,75.5,419.6597395848569
25.5,76.5,419.6102579250288
25.5,77.5,419.5847195030652
25.5,78.5,419.6843639034186
25.5,79.5,419.755725187004
25.5,80.5,419.84832445224936
25.5,81.5,420.071455380922
25.5,82.5,420.0563294407205
25.5,83.5,420.1072596514229
25.5,84.5,420.1545490899041
25.5,85.5,420.2320888225544
25.5,86.5,420.2309092492251
25.5,87.5,420.1982998041502
25.5,88.5,420.0870384864329
25.5,89.5,419.9562655434688
25.5,90.5,419.72764857639726
25.5,91.5,419.62424843809583
25.5,92.5,419.6217230453202
25.5,93.5,419.3757274469184
25.5,94.5,419.2561739223305
25.5,95.5,419.63931379288346
25.5,96.5,419.5586581075016
25.5,97.5,419.5372681673523
25.5,98.5,419.1849006381272
25.5,99.5,419.1672949075937
25.5,100.5,419.4327621565823
25.5,101.5,419.551883445912
25.5,102.5,419.8761250557096
25.5,103.5,420.12532550496593
25.5,104.5,420.3785118310376
25.5,105.5,421.0851731011277
25.5,106.5,421.4922796343303
25.5,107.5,421.6229456376303
25.5,108.5,421.7094592338884
25.5,109.5,421.8824274351591
25.5,110.5,421.8756080965044
25.5,111.5,421.9737810644165
25.5,112.5,421.95591977350193
25.5,113.5,421.8526754182464
25.5,114.5,421.7701576585772
25.5,115.5,421.7117249324516
25.5,116.5,421.4624425390622
25.5,117.5,421.4965371924412
25.5,118.5,421.3618348605152
25.5,119.5,421.5291729206669
25.5,120.5,421.38731192947273
25.5,121.5,421.3808471161585
25.5,122.5,421.1803496406121
25.5,123.5,421.0575934052157
25.5,124.5,420.9828899764806
25.5,125.5,420.9296528493681
25.5,126.5,420.8900698414888
25.5,127.5,420.86503361999627
25.5,128.5,420.8123357530628
25.5,129.5,420.7771537577193
25.5,130.5,420.73888280625766
25.5,131.5,420.6984498941301
25.5,132.5,420.6594588641461
25.5,133.5,420.6258707812334
25.5,134.5,420.5851351404632
25.5,135.5,420.5480337301785
25.5,136.5,420.52162835010944
25.5,137.5,420.50754667963
25.5,138.5,420.49073418800106
25.5,139.5,420.4728355606003
25.5,140.5,420.4500859641005
25.5,141.5,420.4270824378149
25.5,142.5,420.4056810678903
25.5,143.5,420.3825110710124
25.5,144.5,420.35894200207946
25.5,145.5,420.3384653660087
25.5,146.5,420.3202775072176
25.5,147.5,420.2988846136358
25.5,148.5,420.2859909916572
25.5,149.5,420.2729690138176
25.5,150.5,420.2618871805302
25.5,151.5,420.2437162786759
25.5,152.5,420.2324595144604
25.5,153.5,420.2245569809053
25.5,154.5,420.2183284063592
25.5,155.5,420.2111266837828
25.5,156.5,420.2068202604011
25.5,157.5,420.2025431183335
25.5,158.5,420.1988381173579
25.5,159.5,420.1913346025876
25.5,160.5,420.1850252753284
25.5,161.5,420.1805808726832
25.5,162.5,420.177012347096
25.5,163.5,420.1742729656486
25.5,164.5,420.1690268912028
25.5,165.5,420.1694482752114
25.5,166.5,420.1690709421927
25.5,167.5,420.1693732283981
25.5,168.5,420.168794163892
25.5,169.5,420.1660079478425
25.5,170.5,420.1614449020301
25.5,171.5,420.1532923592767
25.5,172.5,420.144503033794
25.5,173.5,420.13929100532846
25.5,174.5,420.1368376425492
25.5,175.5,420.1377169484527
25.5,176.5,420.1408950433407
25.5,177.5,420.1444632623933
25.5,178.5,420.1477277608177
25.5,179.5,420.1474926153141
26.5,-179.5,420.1351913280213
26.5,-178.5,420.1302448309645
26.5,-177.5,420.1264300414971
26.5,-176.5,420.1259839665582
26.5,-175.5,420.1282018888864
26.5,-174.5,420.1328770619818
26.5,-173.5,420.13783443487927
26.5,-172.5,420.1455761227931
26.5,-171.5,420.15212083763856
26.5,-170.5,420.15503168017824
26.5,-169.5,420.15739036522734
26.5,-168.5,420.1572514614129
26.5,-167.5,420.15446331254674
26.5,-166.5,420.15072002466434
26.5,-165.5,420.1468755933765
26.5,-164.5,420.142679312843
26.5,-163.5,420.1335702647024
26.5,-162.5,420.1239494570149
26.5,-161.5,420.1173751964808
26.5,-160.5,420.1113539964597
26.5,-159.5,420.1063908651245
26.5,-158.5,420.1014599211702
26.5,-157.5,420.0952097276149
26.5,-156.5,420.0905127707336
26.5,-155.5,420.0879236530749
26.5,-154.5,420.0887196894349
26.5,-153.5,420.0862770597202
26.5,-152.5,420.0816323255609
26.5,-151.5,420.0767438483175
26.5,-150.5,420.0733642567079
26.5,-149.5,420.0666681769992
26.5,-148.5,420.0612397512325
26.5,-147.5,420.0604334302543
26.5,-146.5,420.06210339402304
26.5,-145.5,420.0627663796192
26.5,-144.5,420.0658139036228
26.5,-143.5,420.06652850601273
26.5,-142.5,420.0679257800212
26.5,-141.5,420.07057305149925
26.5,-140.5,420.0698891657841
26.5,-139.5,420.06532373506406
26.5,-138.5,420.0598736289367
26.5,-137.5,420.0558592384938
26.5,-136.5,420.051703678805
26.5,-135.5,420.0589267749261
26.5,-134.5,420.0626274648297
26.5,-133.5,420.0680436622134
26.5,-132.5,420.07242166315
26.5,-131.5,420.0796375713632
26.5,-130.5,420.088423244891
26.5,-129.5,420.100260110886
26.5,-128.5,420.11205585172416
26.5,-127.5,420.1248634108717
26.5,-126.5,420.1375656828932
26.5,-125.5,420.1501031990688
26.5,-124.5,420.16144975814507
26.5,-123.5,420.1726104136631
26.5,-122.5,420.1835546129655
26.5,-121.5,420.1963651194922
26.5,-120.5,420.2098365596097
26.5,-119.5,420.2234059401817
26.5,-118.5,420.2378084365512
26.5,-117.5,420.250705673373
26.5,-116.5,420.2598541223233
26.5,-115.5,420.2657440441765
26.5,-114.5,420.271935029368
26.5,-113.5,420.24768096750046
26.5,-112.5,420.16565429898776
26.5,-111.5,420.26119322328174
26.5,-110.5,420.3356667209517
26.5,-109.5,420.3513693832196
26.5,-108.5,420.462125065406
26.5,-107.5,420.1607003300245
26.5,-106.5,419.6418997359256
26.5,-105.5,419.6781993077365
26.5,-104.5,419.86666301951067
26.5,-103.5,419.9153827559787
26.5,-102.5,419.92678780131575
26.5,-101.5,420.0511314587369
26.5,-100.5,420.08292864221886
26.5,-99.5,420.1024344299662
26.5,-98.5,420.0694123736272
26.5,-97.5,420.03598444248775
26.5,-96.5,419.94976803334873
26.5,-95.5,419.9069742283195
26.5,-94.5,419.88003848713385
26.5,-93.5,419.8611133673992
26.5,-92.5,419.8430105290799
26.5,-91.5,419.8200391147956
26.5,-90.5,419.7969886294367
26.5,-89.5,419.7877380348172
26.5,-88.5,419.7823883728585
26.5,-87.5,419.7850986946012
26.5,-86.5,419.7904965234716
26.5,-85.5,419.7900282425084
26.5,-84.5,419.7890927690884
26.5,-83.5,419.7904704929024
26.5,-82.5,419.7993719363034
26.5,-81.5,419.7763131575503
26.5,-80.5,419.9437179388468
26.5,-79.5,419.778929396534
26.5,-78.5,419.744393633755
26.5,-77.5,419.7104181411327
26.5,-76.5,419.6884794275659
26.5,-75.5,419.6761132895508
26.5,-74.5,419.65764127656047
26.5,-73.5,419.6435529018136
26.5,-72.5,419.63547310027934
26.5,-71.5,419.6243036298731
26.5,-70.5,419.6116003893396
26.5,-69.5,419.6069325252378
26.5,-68.5,419.6048577477467
26.5,-67.5,419.6014563760634
26.5,-66.5,419.61587157693646
26.5,-65.5,419.6048692141117
26.5,-64.5,419.6019495195745
26.5,-63.5,419.6068597177201
26.5,-62.5,419.6097152415704
26.5,-61.5,419.60663537847086
26.5,-60.5,419.600736551656
26.5,-59.5,419.59777974903903
26.5,-58.5,419.5960121156844
26.5,-57.5,419.59488260670025
26.5,-56.5,419.589703365006
26.5,-55.5,419.5823602551903
26.5,-54.5,419.574763683498
26.5,-53.5,419.5686501800992
26.5,-52.5,419.5627444464983
26.5,-51.5,419.5562974544528
26.5,-50.5,419.5471666283386
26.5,-49.5,419.5389331278563
26.5,-48.5,419.5321453444032
26.5,-47.5,419.5233576472513
26.5,-46.5,419.5166401633766
26.5,-45.5,419.51028493455567
26.5,-44.5,419.5024436006057
26.5,-43.5,419.4942619565692
26.5,-42.5,419.48704359471833
26.5,-41.5,419.4810592645741
26.5,-40.5,419.4718521064132
26.5,-39.5,419.4630133041349
26.5,-38.5,419.4503091440274
26.5,-37.5,419.4419776556678
26.5,-36.5,419.434952705303
26.5,-35.5,419.4307314827272
26.5,-34.5,419.4298409719401
26.5,-33.5,419.4288288002314
26.5,-32.5,419.42526632355305
26.5,-31.5,419.4172031819835
26.5,-30.5,419.4093095341784
26.5,-29.5,419.40104890371066
26.5,-28.5,419.3916261946544
26.5,-27.5,419.3823927767805
26.5,-26.5,419.3769579256197
26.5,-25.5,419.37609124088095
26.5,-24.5,419.4089277560766
26.5,-23.5,419.38035742579547
26.5,-22.5,419.3816041194444
26.5,-21.5,419.3818457199907
26.5,-20.5,419.3826182201839
26.5,-19.5,419.38117892935367
26.5,-18.5,419.3825204768849
26.5,-17.5,419.3869614503061
26.5,-16.5,419.39196204039854
26.5,-15.5,419.39778837075625
26.5,-14.5,419.4043672395449
26.5,-13.5,419.4021094887663
26.5,-12.5,419.38173519111575
26.5,-11.5,419.36899739362485
26.5,-10.5,419.3802869949758
26.5,-9.5,419.3391514070736
26.5,-8.5,419.35351264462105
26.5,-7.5,419.40118951509584
26.5,-6.5,419.3966543031481
26.5,-5.5,419.3828320887293
26.5,-4.5,419.3782857814504
26.5,-3.5,419.3747226748301
26.5,-2.5,419.38262283451576
26.5,-1.5,419.3946022762119
26.5,-0.5,419.3893695957027
26.5,0.5,419.3790647544169
26.5,1.5,419.3752493873038
26.5,2.5,419.365862123304
26.5,3.5,419.3338712183119
26.5,4.5,419.2882962100678
26.5,5.5,419.2599917592184
26.5,6.5,419.2816670544386
26.5,7.5,419.2433995157476
26.5,8.5,419.2796430175546
26.5,9.5,419.3074224461109
26.5,10.5,419.3349904150394
26.5,11.5,419.3240108014722
26.5,12.5,419.3208466044132
26.5,13.5,419.32781735690514
26.5,14.5,419.3365909450838
26.5,15.5,419.3291630938363
26.5,16.5,419.3181752398664
26.5,17.5,419.3095547491281
26.5,18.5,419.34794756037456
26.5,19.5,419.3811068386618
26.5,20.5,419.388610196881
26.5,21.5,419.38902186522233
26.5,22.5,419.39141339463583
26.5,23.5,419.39201898449215
26.5,24.5,419.3861605766967
26.5,25.5,419.3941289596732
26.5,26.5,419.4109638067884
26.5,27.5,419.4350517728644
26.5,28.5,419.4677052789375
26.5,29.5,419.5060279279865
26.5,30.5,419.5639255262265
26.5,31.5,419.6126643570083
26.5,32.5,419.57465307079286
26.5,33.5,419.57034810454144
26.5,34.5,419.6547759389738
26.5,35.5,419.6686192203157
26.5,36.5,419.6469762903065
26.5,37.5,419.5540051481121
26.5,38.5,419.568604373216
26.5,39.5,419.5120841798507
26.5,40.5,419.474866741936
26.5,41.5,419.5634424557065
26.5,42.5,419.5955905098341
26.5,43.5,419.6534770518301
26.5,44.5,419.6817362658125
26.5,45.5,419.6917934474073
26.5,46.5,419.7550090341325
26.5,47.5,419.8128534693871
26.5,48.5,419.9791812646323
26.5,49.5,420.4132985076188
26.5,50.5,420.298476774143
26.5,51.5,420.000208174337
26.5,52.5,419.93864326184354
26.5,53.5,419.9371391757032
26.5,54.5,419.9414555118137
26.5,55.5,420.0218644734104
26.5,56.5,419.9438306569125
26.5,57.5,419.80081802309365
26.5,58.5,419.6185572027852
26.5,59.5,419.558538952869
26.5,60.5,419.5240319741124
26.5,61.5,419.38495880087
26.5,62.5,419.4478780113317
26.5,63.5,419.4146225628418
26.5,64.5,419.38739192895696
26.5,65.5,419.3524173948139
26.5,66.5,419.4120783387005
26.5,67.5,419.48550670337823
26.5,68.5,419.56416838299657
26.5,69.5,419.5747737235585
26.5,70.5,419.5573449006081
26.5,71.5,419.5589498513733
26.5,72.5,419.5641420977533
26.5,73.5,419.5889971178252
26.5,74.5,419.5499565100005
26.5,75.5,419.6415422621363
26.5,76.5,419.672295455226
26.5,77.5,419.78424901611874
26.5,78.5,419.9017366634853
26.5,79.5,419.9291650823151
26.5,80.5,420.04732490934543
26.5,81.5,420.0594189819722
26.5,82.5,420.0847319495523
26.5,83.5,420.07400781131486
26.5,84.5,420.12727704662007
26.5,85.5,420.1217936082809
26.5,86.5,419.83307796860186
26.5,87.5,419.9162954224006
26.5,88.5,419.9245911995857
26.5,89.5,419.9297278397598
26.5,90.5,419.841909004288
26.5,91.5,419.7506990496137
26.5,92.5,419.82759848288265
26.5,93.5,419.8545640604494
26.5,94.5,419.58383010123725
26.5,95.5,419.460746488942
26.5,96.5,419.5984455393339
26.5,97.5,419.386357295794
26.5,98.5,418.95669793798766
26.5,99.5,418.8715610731714
26.5,100.5,419.12352686443165
26.5,101.5,419.6295258099455
26.5,102.5,419.6624825899707
26.5,103.5,419.92448161789656
26.5,104.5,420.2563575760496
26.5,105.5,421.2897776401027
26.5,106.5,421.4770365145704
26.5,107.5,421.549403799192
26.5,108.5,421.63655987472896
26.5,109.5,421.85384581677386
26.5,110.5,421.7650878523728
26.5,111.5,422.36191984531854
26.5,112.5,422.58202748922486
26.5,113.5,422.1307621979376
26.5,114.5,422.0325417675657
26.5,115.5,421.9355963862757
26.5,116.5,421.63209295652297
26.5,117.5,421.49341654331
26.5,118.5,421.40754823047104
26.5,119.5,421.40311228202
26.5,120.5,421.5243785111255
26.5,121.5,421.38878070624
26.5,122.5,421.2420286830925
26.5,123.5,421.1250561385099
26.5,124.5,421.0418218582788
26.5,125.5,420.9902544034479
26.5,126.5,420.950940205732
26.5,127.5,420.9843594425277
26.5,128.5,420.88932016255046
26.5,129.5,420.8442833070538
26.5,130.5,420.8019844912283
26.5,131.5,420.7647943884516
26.5,132.5,420.7320664407479
26.5,133.5,420.7046239811858
26.5,134.5,420.6613543298204
26.5,135.5,420.6223638403884
26.5,136.5,420.5897644336207
26.5,137.5,420.5723311425924
26.5,138.5,420.5540043419061
26.5,139.5,420.53594664616406
26.5,140.5,420.5212624025641
26.5,141.5,420.49958038733314
26.5,142.5,420.4735214535539
26.5,143.5,420.458628970434
26.5,144.5,420.4377132692786
26.5,145.5,420.41241340217937
26.5,146.5,420.39341493568224
26.5,147.5,420.3762305831415
26.5,148.5,420.35188544244687
26.5,149.5,420.3351510150833
26.5,150.5,420.3177387026989
26.5,151.5,420.3002156681215
26.5,152.5,420.2872304075264
26.5,153.5,420.2753142178934
26.5,154.5,420.2636784653674
26.5,155.5,420.2471684992778
26.5,156.5,420.2373961849152
26.5,157.5,420.2305778781079
26.5,158.5,420.22550095136194
26.5,159.5,420.2170500262175
26.5,160.5,420.2092514270395
26.5,161.5,420.2016639574079
26.5,162.5,420.1945090477426
26.5,163.5,420.1890516929852
26.5,164.5,420.1838050268937
26.5,165.5,420.1781595759633
26.5,166.5,420.17579258593366
26.5,167.5,420.1737110983346
26.5,168.5,420.17056321534426
26.5,169.5,420.16567006294594
26.5,170.5,420.1581718729
26.5,171.5,420.1485100105829
26.5,172.5,420.1377826549673
26.5,173.5,420.1286303401741
26.5,174.5,420.1255568391167
26.5,175.5,420.1279614365383
26.5,176.5,420.1317364156279
26.5,177.5,420.13645866233816
26.5,178.5,420.13989037300894
26.5,179.5,420.139283034156
27.5,-179.5,420.1289203423295
27.5,-178.5,420.12634799430975
27.5,-177.5,420.1244072373349
27.5,-176.5,420.1239019830334
27.5,-175.5,420.1231879711441
27.5,-174.5,420.126210519841
27.5,-173.5,420.1335553703783
27.5,-172.5,420.141506930872
27.5,-171.5,420.146709064604
27.5,-170.5,420.1509816489949
27.5,-169.5,420.15389180661896
27.5,-168.5,420.1547813840003
27.5,-167.5,420.1532705158661
27.5,-166.5,420.14947515791096
27.5,-165.5,420.14818830750016
27.5,-164.5,420.1281287659937
27.5,-163.5,420.1400994524925
27.5,-162.5,420.1358859913639
27.5,-161.5,420.1300782923012
27.5,-160.5,420.1248893260347
27.5,-159.5,420.1173980424319
27.5,-158.5,420.1112236486261
27.5,-157.5,420.10540510219977
27.5,-156.5,420.09996215984506
27.5,-155.5,420.09859169711433
27.5,-154.5,420.0702861935352
27.5,-153.5,420.09255554789513
27.5,-152.5,420.0884975338394
27.5,-151.5,420.0854862075881
27.5,-150.5,420.08010163713766
27.5,-149.5,420.07420046386767
27.5,-148.5,420.0702904453352
27.5,-147.5,420.0639124693243
27.5,-146.5,420.0615480375695
27.5,-145.5,420.063950259592
27.5,-144.5,420.0656279744127
27.5,-143.5,420.0674354708622
27.5,-142.5,420.0680484510166
27.5,-141.5,420.0689863356271
27.5,-140.5,420.0643225315672
27.5,-139.5,420.0675109202367
27.5,-138.5,420.0634662985841
27.5,-137.5,420.0607737016379
27.5,-136.5,420.05953819927737
27.5,-135.5,420.0592068066704
27.5,-134.5,420.0612500235536
27.5,-133.5,420.06480533163534
27.5,-132.5,420.06909327820136
27.5,-131.5,420.0738775004969
27.5,-130.5,420.0814339062927
27.5,-129.5,420.0893897261735
27.5,-128.5,420.0986470322617
27.5,-127.5,420.1111650925728
27.5,-126.5,420.12665949124494
27.5,-125.5,420.1434338379033
27.5,-124.5,420.1596646120248
27.5,-123.5,420.17495834206886
27.5,-122.5,420.1902865509719
27.5,-121.5,420.2064868313513
27.5,-120.5,420.2236660137268
27.5,-119.5,420.2418587697218
27.5,-118.5,420.257333327461
27.5,-117.5,420.2781392871011
27.5,-116.5,420.2935406359261
27.5,-115.5,420.30284929615823
27.5,-114.5,420.3006762365028
27.5,-113.5,420.2281808431913
27.5,-112.5,420.3242414000575
27.5,-111.5,420.38794782130185
27.5,-110.5,420.4207896552194
27.5,-109.5,420.4781032110719
27.5,-108.5,420.2550794045944
27.5,-107.5,419.796920299925
27.5,-106.5,419.8220476962802
27.5,-105.5,419.9491919432668
27.5,-104.5,419.9132763691581
27.5,-103.5,419.9106535366696
27.5,-102.5,419.93174215345687
27.5,-101.5,420.1643498665179
27.5,-100.5,420.1917851297803
27.5,-99.5,420.1490130873239
27.5,-98.5,420.1167806222141
27.5,-97.5,420.0710467524872
27.5,-96.5,420.0114292053708
27.5,-95.5,419.971552419919
27.5,-94.5,419.9340422460904
27.5,-93.5,419.9066539248581
27.5,-92.5,419.8845822327728
27.5,-91.5,419.865168369321
27.5,-90.5,419.8458101239904
27.5,-89.5,419.83195621170034
27.5,-88.5,419.8233312603184
27.5,-87.5,419.81824024175415
27.5,-86.5,419.81576472232166
27.5,-85.5,419.8136269978762
27.5,-84.5,419.81498355623546
27.5,-83.5,419.85726339841256
27.5,-82.5,419.9455075479285
27.5,-81.5,419.8371298680743
27.5,-80.5,419.8390123266767
27.5,-79.5,419.8142891209649
27.5,-78.5,419.7886078805487
27.5,-77.5,419.7691871782079
27.5,-76.5,419.7600301830578
27.5,-75.5,419.7315325727294
27.5,-74.5,419.70921554111777
27.5,-73.5,419.6977054682869
27.5,-72.5,419.6832560330817
27.5,-71.5,419.6699624300897
27.5,-70.5,419.6614601156362
27.5,-69.5,419.65277694341
27.5,-68.5,419.64964533061664
27.5,-67.5,419.6495118022448
27.5,-66.5,419.6451179711097
27.5,-65.5,419.64388541531486
27.5,-64.5,419.64025200665424
27.5,-63.5,419.6378764576412
27.5,-62.5,419.6402820551487
27.5,-61.5,419.638049955103
27.5,-60.5,419.63337849455246
27.5,-59.5,419.6257782388014
27.5,-58.5,419.6217952090765
27.5,-57.5,419.617070146969
27.5,-56.5,419.6099667347319
27.5,-55.5,419.60198356401577
27.5,-54.5,419.5931147525546
27.5,-53.5,419.5860870906032
27.5,-52.5,419.5787251054178
27.5,-51.5,419.5729652621845
27.5,-50.5,419.5671632696776
27.5,-49.5,419.5606153769932
27.5,-48.5,419.5511304040604
27.5,-47.5,419.54063194292144
27.5,-46.5,419.5305690957384
27.5,-45.5,419.5228400402338
27.5,-44.5,419.5430507528311
27.5,-43.5,419.506182968717
27.5,-42.5,419.4979242766509
27.5,-41.5,419.4937162618057
27.5,-40.5,419.4872158372954
27.5,-39.5,419.4802297457492
27.5,-38.5,419.4723873714534
27.5,-37.5,419.4644142727506
27.5,-36.5,419.4580370189933
27.5,-35.5,419.4520082343026
27.5,-34.5,419.4476628021778
27.5,-33.5,419.4440441090174
27.5,-32.5,419.4388619855209
27.5,-31.5,419.4299118285861
27.5,-30.5,419.4203608829261
27.5,-29.5,419.4095532986688
27.5,-28.5,419.3986905003472
27.5,-27.5,419.3879849552143
27.5,-26.5,419.3796848010236
27.5,-25.5,419.3756901785846
27.5,-24.5,419.3774808111041
27.5,-23.5,419.38100520502815
27.5,-22.5,419.3841171989397
27.5,-21.5,419.3888149713203
27.5,-20.5,419.3900483944629
27.5,-19.5,419.3889330786832
27.5,-18.5,419.38992399564
27.5,-17.5,419.3948476420071
27.5,-16.5,419.39222887796825
27.5,-15.5,419.40120489817485
27.5,-14.5,419.41332916264025
27.5,-13.5,419.41972646395294
27.5,-12.5,419.4154407615204
27.5,-11.5,419.39372709852375
27.5,-10.5,419.3766756924773
27.5,-9.5,419.3739759850265
27.5,-8.5,419.3747230749341
27.5,-7.5,419.37695047422505
27.5,-6.5,419.39052504493526
27.5,-5.5,419.4006583165302
27.5,-4.5,419.3829049844408
27.5,-3.5,419.38494520870887
27.5,-2.5,419.3998705724418
27.5,-1.5,419.4101022393336
27.5,-0.5,419.4144901534711
27.5,0.5,419.3911865252053
27.5,1.5,419.3549422363294
27.5,2.5,419.3838324311298
27.5,3.5,419.367559565855
27.5,4.5,419.34110434763744
27.5,5.5,419.3270523319064
27.5,6.5,419.34855774923193
27.5,7.5,419.3614771045258
27.5,8.5,419.3638621909831
27.5,9.5,419.3604457942375
27.5,10.5,419.36242258356936
27.5,11.5,419.36714019430894
27.5,12.5,419.3611994825964
27.5,13.5,419.3724108850176
27.5,14.5,419.3772950527703
27.5,15.5,419.35468814316056
27.5,16.5,419.3308713699437
27.5,17.5,419.290581244429
27.5,18.5,419.3677004067756
27.5,19.5,419.3885489904735
27.5,20.5,419.3999261295878
27.5,21.5,419.4008333731143
27.5,22.5,419.4047940175221
27.5,23.5,419.3995015846542
27.5,24.5,419.4022343415031
27.5,25.5,419.4103142938396
27.5,26.5,419.4226098711712
27.5,27.5,419.4393583260568
27.5,28.5,419.4696511988764
27.5,29.5,419.5175174885818
27.5,30.5,419.6342616098592
27.5,31.5,419.5838765219386
27.5,32.5,419.5191477447137
27.5,33.5,419.6324929991663
27.5,34.5,419.6747290668539
27.5,35.5,419.5943007652476
27.5,36.5,419.48407888822993
27.5,37.5,419.483753243434
27.5,38.5,419.52482334235617
27.5,39.5,419.5373145389318
27.5,40.5,419.5399829925634
27.5,41.5,419.5710895303456
27.5,42.5,419.6326538910941
27.5,43.5,419.66621104028513
27.5,44.5,419.6886508625058
27.5,45.5,419.7224709349202
27.5,46.5,419.7772348024631
27.5,47.5,419.8655833946251
27.5,48.5,420.03263443177417
27.5,49.5,420.16433256616506
27.5,50.5,420.0451014273894
27.5,51.5,419.93538311496746
27.5,52.5,419.9634586940592
27.5,53.5,419.75257465858186
27.5,54.5,419.71356344447344
27.5,55.5,419.78434277003777
27.5,56.5,419.8774143130372
27.5,57.5,419.7382795414952
27.5,58.5,419.6675553864242
27.5,59.5,419.5824424663045
27.5,60.5,419.3945754385746
27.5,61.5,419.2955263774156
27.5,62.5,419.3374590315349
27.5,63.5,419.3723181712039
27.5,64.5,419.3124424864817
27.5,65.5,419.2509454017127
27.5,66.5,419.2769574639765
27.5,67.5,419.4148783520437
27.5,68.5,419.6064287430772
27.5,69.5,419.6157936630962
27.5,70.5,419.6140219213048
27.5,71.5,419.6223149158163
27.5,72.5,419.622311085963
27.5,73.5,419.65982033414696
27.5,74.5,419.64215572488814
27.5,75.5,419.6635180296112
27.5,76.5,419.7710636872338
27.5,77.5,419.98122238367466
27.5,78.5,420.13768512346593
27.5,79.5,420.1100575163706
27.5,80.5,420.1113186401116
27.5,81.5,420.0779895905629
27.5,82.5,420.02733571935096
27.5,83.5,419.8990626934007
27.5,84.5,419.9006823870217
27.5,85.5,419.6388089539953
27.5,86.5,419.2894346064479
27.5,87.5,419.0488319979729
27.5,88.5,418.8518804958693
27.5,89.5,419.28994006240185
27.5,90.5,419.4010528542393
27.5,91.5,419.40142490669984
27.5,92.5,419.27148809033457
27.5,93.5,419.50386374675577
27.5,94.5,419.7010986800756
27.5,95.5,419.66157782902826
27.5,96.5,419.4813998566172
27.5,97.5,419.3217941332173
27.5,98.5,418.9944081520284
27.5,99.5,418.80657614721633
27.5,100.5,418.69663008085024
27.5,101.5,419.1578817108688
27.5,102.5,419.7318005682128
27.5,103.5,420.4516290307959
27.5,104.5,421.1596795066222
27.5,105.5,421.43974029821607
27.5,106.5,422.0780300255532
27.5,107.5,421.76283595019606
27.5,108.5,421.7548558380561
27.5,109.5,422.0995205195034
27.5,110.5,422.0949360797098
27.5,111.5,422.3465766644003
27.5,112.5,422.6609770156204
27.5,113.5,422.6556122835108
27.5,114.5,422.4888523006259
27.5,115.5,422.1891811196153
27.5,116.5,421.9415851327371
27.5,117.5,421.6929016386415
27.5,118.5,421.44381118131264
27.5,119.5,421.380986741932
27.5,120.5,421.68646528263343
27.5,121.5,421.5599470514082
27.5,122.5,421.3528435311442
27.5,123.5,421.2045481813354
27.5,124.5,421.1067844780096
27.5,125.5,421.0441388592208
27.5,126.5,421.0074934379178
27.5,127.5,420.9748359409924
27.5,128.5,420.93219161526207
27.5,129.5,420.8969184957364
27.5,130.5,420.8568475144946
27.5,131.5,420.8193450282448
27.5,132.5,420.792026104762
27.5,133.5,420.7648834338316
27.5,134.5,420.73583091718655
27.5,135.5,420.7004929317539
27.5,136.5,420.66606572500575
27.5,137.5,420.637461659136
27.5,138.5,420.6165552268809
27.5,139.5,420.6024727625828
27.5,140.5,420.5791401045244
27.5,141.5,420.5577124750217
27.5,142.5,420.5428297682166
27.5,143.5,420.52248288865263
27.5,144.5,420.504746465657
27.5,145.5,420.48841370733913
27.5,146.5,420.4632958879981
27.5,147.5,420.4432323887247
27.5,148.5,420.4241408881692
27.5,149.5,420.39864975584464
27.5,150.5,420.3791152647582
27.5,151.5,420.3621523323607
27.5,152.5,420.3440759639528
27.5,153.5,420.330788003047
27.5,154.5,420.31408179628494
27.5,155.5,420.2946543195532
27.5,156.5,420.2712317814967
27.5,157.5,420.2588548871906
27.5,158.5,420.2501277878165
27.5,159.5,420.24172549798857
27.5,160.5,420.2351753304542
27.5,161.5,420.2249288095151
27.5,162.5,420.21440854049865
27.5,163.5,420.2054724172175
27.5,164.5,420.1997736005407
27.5,165.5,420.1942198736842
27.5,166.5,420.18919936349096
27.5,167.5,420.18376736891673
27.5,168.5,420.1778561397041
27.5,169.5,420.16915870465766
27.5,170.5,420.15805654681
27.5,171.5,420.1460370472986
27.5,172.5,420.1340238247542
27.5,173.5,420.12154034469046
27.5,174.5,420.11327964003846
27.5,175.5,420.1141798342029
27.5,176.5,420.11670333691694
27.5,177.5,420.1209555136873
27.5,178.5,420.12616964220695
27.5,179.5,420.129097358259
28.5,-179.5,420.1204975858141
28.5,-178.5,420.1207940679051
28.5,-177.5,420.1213927279924
28.5,-176.5,420.1210149209247
28.5,-175.5,420.1190361335212
28.5,-174.5,420.1179087822874
28.5,-173.5,420.1221443901383
28.5,-172.5,420.12947895923895
28.5,-171.5,420.13660836030976
28.5,-170.5,420.1441894020227
28.5,-169.5,420.150973084056
28.5,-168.5,420.1535991292813
28.5,-167.5,420.1519388791778
28.5,-166.5,420.14708534864496
28.5,-165.5,420.1426461893165
28.5,-164.5,420.1386603594924
28.5,-163.5,420.13662772768646
28.5,-162.5,420.1370041219101
28.5,-161.5,420.13488629038886
28.5,-160.5,420.1302058457332
28.5,-159.5,420.1238959284095
28.5,-158.5,420.1187535341947
28.5,-157.5,420.1145658224739
28.5,-156.5,420.1126600162437
28.5,-155.5,420.1086276674149
28.5,-154.5,420.1050194017506
28.5,-153.5,420.1023814046902
28.5,-152.5,420.1010525106664
28.5,-151.5,420.0969604385028
28.5,-150.5,420.09156557877446
28.5,-149.5,420.0875562687455
28.5,-148.5,420.08084674849647
28.5,-147.5,420.0728468510923
28.5,-146.5,420.07031923604495
28.5,-145.5,420.0685791540782
28.5,-144.5,420.0677579938316
28.5,-143.5,420.06961017878126
28.5,-142.5,420.0686918005428
28.5,-141.5,420.06743198219306
28.5,-140.5,420.0664626829373
28.5,-139.5,420.0676509880446
28.5,-138.5,420.0681611340792
28.5,-137.5,420.067370040472
28.5,-136.5,420.0661672988053
28.5,-135.5,420.0646231393033
28.5,-134.5,420.06353475936754
28.5,-133.5,420.0664629279533
28.5,-132.5,420.0699536514724
28.5,-131.5,420.07489613203535
28.5,-130.5,420.0800016149505
28.5,-129.5,420.085757546565
28.5,-128.5,420.0918588163609
28.5,-127.5,420.1006292831634
28.5,-126.5,420.1138340145557
28.5,-125.5,420.1354218843577
28.5,-124.5,420.1547352292239
28.5,-123.5,420.1747516485476
28.5,-122.5,420.193899248375
28.5,-121.5,420.2133396481405
28.5,-120.5,420.2343926745706
28.5,-119.5,420.2560811308822
28.5,-118.5,420.2803437899824
28.5,-117.5,420.3056565530986
28.5,-116.5,420.3278937226912
28.5,-115.5,420.3351716655449
28.5,-114.5,420.3430800175205
28.5,-113.5,420.2377875306268
28.5,-112.5,420.37604618458994
28.5,-111.5,420.43551317049344
28.5,-110.5,420.4489598041146
28.5,-109.5,420.4788559609863
28.5,-108.5,420.1387515309258
28.5,-107.5,419.80015295440353
28.5,-106.5,419.93798790381294
28.5,-105.5,420.09724235678544
28.5,-104.5,419.98865963965375
28.5,-103.5,420.0162349838835
28.5,-102.5,419.9558243941428
28.5,-101.5,420.15424638620993
28.5,-100.5,420.2481880103879
28.5,-99.5,420.1968601095214
28.5,-98.5,420.1733359138586
28.5,-97.5,420.1408474225655
28.5,-96.5,420.0758618228977
28.5,-95.5,420.0567849900876
28.5,-94.5,419.9897136202338
28.5,-93.5,419.94711349942577
28.5,-92.5,419.9150465999877
28.5,-91.5,419.89333191834487
28.5,-90.5,419.8748494167807
28.5,-89.5,419.8529424886723
28.5,-88.5,419.8424028087756
28.5,-87.5,419.8342920806053
28.5,-86.5,419.8294243045221
28.5,-85.5,419.8255101006525
28.5,-84.5,419.8236302481955
28.5,-83.5,419.8362999319806
28.5,-82.5,419.8970891404593
28.5,-81.5,419.917553558393
28.5,-80.5,419.8384946759178
28.5,-79.5,419.8230776470856
28.5,-78.5,419.8127071588427
28.5,-77.5,419.80947920315725
28.5,-76.5,419.80469802570383
28.5,-75.5,419.78819102092217
28.5,-74.5,419.7761246122337
28.5,-73.5,419.75625697148007
28.5,-72.5,419.7380832038581
28.5,-71.5,419.7233503437377
28.5,-70.5,419.7395345585567
28.5,-69.5,419.709830882631
28.5,-68.5,419.6987339910679
28.5,-67.5,419.6966147768475
28.5,-66.5,419.6927034773785
28.5,-65.5,419.6839290408519
28.5,-64.5,419.6791998433158
28.5,-63.5,419.6769198858147
28.5,-62.5,419.6724741049217
28.5,-61.5,419.670039741336
28.5,-60.5,419.66550856622416
28.5,-59.5,419.6595601377661
28.5,-58.5,419.6497711927109
28.5,-57.5,419.6414297841842
28.5,-56.5,419.63186933048513
28.5,-55.5,419.6215321928946
28.5,-54.5,419.6129491534245
28.5,-53.5,419.6057164192602
28.5,-52.5,419.6002851174083
28.5,-51.5,419.5949589246098
28.5,-50.5,419.589962026724
28.5,-49.5,419.5843219113421
28.5,-48.5,419.5767640920379
28.5,-47.5,419.5638972640084
28.5,-46.5,419.5494550412249
28.5,-45.5,419.537513792286
28.5,-44.5,419.528935530678
28.5,-43.5,419.51959680588186
28.5,-42.5,419.5092473590303
28.5,-41.5,419.5010350766657
28.5,-40.5,419.495465438402
28.5,-39.5,419.49023595416486
28.5,-38.5,419.4831354077712
28.5,-37.5,419.47572629313976
28.5,-36.5,419.4703761933531
28.5,-35.5,419.4632009582971
28.5,-34.5,419.4566391405869
28.5,-33.5,419.4515154393284
28.5,-32.5,419.4464572276144
28.5,-31.5,419.4386892389024
28.5,-30.5,419.4291666836998
28.5,-29.5,419.41779122407365
28.5,-28.5,419.4059599118758
28.5,-27.5,419.3947844133619
28.5,-26.5,419.3829396489582
28.5,-25.5,419.3738658302382
28.5,-24.5,419.3697901163524
28.5,-23.5,419.36831712232106
28.5,-22.5,419.3730525816258
28.5,-21.5,419.3822569153911
28.5,-20.5,419.3901594887367
28.5,-19.5,419.393223454256
28.5,-18.5,419.3943092778536
28.5,-17.5,419.38667620394375
28.5,-16.5,419.3655418690527
28.5,-15.5,419.4048463351973
28.5,-14.5,419.4122680586396
28.5,-13.5,419.4203843948998
28.5,-12.5,419.4356654823719
28.5,-11.5,419.441368197036
28.5,-10.5,419.4186734254961
28.5,-9.5,419.40309201158846
28.5,-8.5,419.39621472341184
28.5,-7.5,419.396287338133
28.5,-6.5,419.3995772203703
28.5,-5.5,419.3905586462339
28.5,-4.5,419.3974335852244
28.5,-3.5,419.3970346016666
28.5,-2.5,419.39328212458446
28.5,-1.5,419.4055096082036
28.5,-0.5,419.4288035896337
28.5,0.5,419.40586423736113
28.5,1.5,419.3656491630656
28.5,2.5,419.3501901294152
28.5,3.5,419.350244917865
28.5,4.5,419.3910396607331
28.5,5.5,419.4071920263159
28.5,6.5,419.42527395898526
28.5,7.5,419.4038792794668
28.5,8.5,419.4039646783685
28.5,9.5,419.3780282616559
28.5,10.5,419.3848461654785
28.5,11.5,419.380935271388
28.5,12.5,419.3602709276207
28.5,13.5,419.31759476454783
28.5,14.5,419.3589608677564
28.5,15.5,419.3589195339255
28.5,16.5,419.37358137883007
28.5,17.5,419.38374393511873
28.5,18.5,419.3898489384465
28.5,19.5,419.39628493058393
28.5,20.5,419.4038214452506
28.5,21.5,419.4067263146545
28.5,22.5,419.41486414929136
28.5,23.5,419.4004773268669
28.5,24.5,419.40236102548863
28.5,25.5,419.4108941830754
28.5,26.5,419.4198910495463
28.5,27.5,419.4422885929334
28.5,28.5,419.46043080456616
28.5,29.5,419.5157910857498
28.5,30.5,419.6631188166478
28.5,31.5,419.6266918347832
28.5,32.5,419.538604888294
28.5,33.5,419.6206723773584
28.5,34.5,419.4936637222257
28.5,35.5,419.5248648100632
28.5,36.5,419.5164148342092
28.5,37.5,419.5156085197005
28.5,38.5,419.54217722504177
28.5,39.5,419.5705050352759
28.5,40.5,419.5743884029689
28.5,41.5,419.61241377905
28.5,42.5,419.64819124924304
28.5,43.5,419.672234797544
28.5,44.5,419.706632264838
28.5,45.5,419.7496489719714
28.5,46.5,419.7989419289207
28.5,47.5,419.9160203139617
28.5,48.5,420.08253982644686
28.5,49.5,420.07585437588045
28.5,50.5,419.9933358142171
28.5,51.5,419.8548325820254
28.5,52.5,419.71581275792295
28.5,53.5,419.60907472527583
28.5,54.5,419.5030745487635
28.5,55.5,419.4875813261218
28.5,56.5,419.5168893996316
28.5,57.5,419.5505978334355
28.5,58.5,419.5536779938081
28.5,59.5,419.5055956332511
28.5,60.5,419.3062086153096
28.5,61.5,419.3110977217348
28.5,62.5,419.4079030828777
28.5,63.5,419.37436875137615
28.5,64.5,419.3485412566408
28.5,65.5,419.29973288377374
28.5,66.5,419.1729516384625
28.5,67.5,419.35906159507977
28.5,68.5,419.64047970409774
28.5,69.5,419.6715533252536
28.5,70.5,419.7026544612596
28.5,71.5,419.6895894844516
28.5,72.5,419.6980491437035
28.5,73.5,419.7313802392698
28.5,74.5,419.7643089917098
28.5,75.5,419.8179028095712
28.5,76.5,420.4900114401273
28.5,77.5,420.5231940100514
28.5,78.5,420.3599583567645
28.5,79.5,420.2848939593695
28.5,80.5,420.2034372433758
28.5,81.5,419.99205883398287
28.5,82.5,419.6150487120815
28.5,83.5,419.177298183443
28.5,84.5,418.8505849527999
28.5,85.5,418.8756468664712
28.5,86.5,418.5147030807492
28.5,87.5,418.6114329357043
28.5,88.5,418.773120254514
28.5,89.5,418.8388835507046
28.5,90.5,418.9216934773812
28.5,91.5,418.8193150309336
28.5,92.5,418.81710262113006
28.5,93.5,419.232896966743
28.5,94.5,419.4337174181615
28.5,95.5,419.3415005321257
28.5,96.5,418.958389909853
28.5,97.5,418.7583216331682
28.5,98.5,418.70816394385565
28.5,99.5,418.7016411373913
28.5,100.5,418.5828806538733
28.5,101.5,419.1539757497748
28.5,102.5,420.1070333287343
28.5,103.5,421.2925607331086
28.5,104.5,422.6853389429165
28.5,105.5,422.7371253259366
28.5,106.5,422.4259247671337
28.5,107.5,421.8846359988629
28.5,108.5,421.7810108347236
28.5,109.5,421.9806953125786
28.5,110.5,422.04292505839817
28.5,111.5,422.311632188543
28.5,112.5,422.78269645477206
28.5,113.5,422.4745590082952
28.5,114.5,422.2481468311174
28.5,115.5,422.6233858488407
28.5,116.5,422.3442426521247
28.5,117.5,421.995523252141
28.5,118.5,421.74838207869294
28.5,119.5,421.7503631775352
28.5,120.5,421.6278452316016
28.5,121.5,421.7394394477809
28.5,122.5,421.4837629515615
28.5,123.5,421.2960240612748
28.5,124.5,421.17205704844497
28.5,125.5,421.0925747972582
28.5,126.5,421.0436706629958
28.5,127.5,421.0050758041817
28.5,128.5,420.9680694432792
28.5,129.5,420.920146123332
28.5,130.5,420.9008581579637
28.5,131.5,420.8750728525992
28.5,132.5,420.8511169620394
28.5,133.5,420.82508265662034
28.5,134.5,420.795111201854
28.5,135.5,420.7632614856572
28.5,136.5,420.729459402637
28.5,137.5,420.69753796929575
28.5,138.5,420.6738165221802
28.5,139.5,420.6549507494912
28.5,140.5,420.6337475558612
28.5,141.5,420.6194859512134
28.5,142.5,420.5997504972396
28.5,143.5,420.5792017650026
28.5,144.5,420.5602531159605
28.5,145.5,420.54368316446505
28.5,146.5,420.5265861134048
28.5,147.5,420.4999175884153
28.5,148.5,420.4791023883499
28.5,149.5,420.4586965765059
28.5,150.5,420.4351565126549
28.5,151.5,420.4179117427506
28.5,152.5,420.4034819193196
28.5,153.5,420.3843703811218
28.5,154.5,420.36481545686087
28.5,155.5,420.3417304206729
28.5,156.5,420.3201439879276
28.5,157.5,420.29550284746136
28.5,158.5,420.280424632634
28.5,159.5,420.26738226993007
28.5,160.5,420.2580808821385
28.5,161.5,420.2476115717403
28.5,162.5,420.2322407778488
28.5,163.5,420.220499983702
28.5,164.5,420.2120050068231
28.5,165.5,420.20394469064126
28.5,166.5,420.198440289843
28.5,167.5,420.1919815674346
28.5,168.5,420.1855698384071
28.5,169.5,420.17484284143694
28.5,170.5,420.15956686812456
28.5,171.5,420.1453327452826
28.5,172.5,420.12958828632327
28.5,173.5,420.1141636671682
28.5,174.5,420.1023053412212
28.5,175.5,420.0993934242477
28.5,176.5,420.1028406439461
28.5,177.5,420.1066123720557
28.5,178.5,420.1103665500501
28.5,179.5,420.1142857776528
29.5,-179.5,420.1073834436936
29.5,-178.5,420.11225741473766
29.5,-177.5,420.114828896549
29.5,-176.5,420.1144422203767
29.5,-175.5,420.1130947561676
29.5,-174.5,420.1097970152253
29.5,-173.5,420.1070552025575
29.5,-172.5,420.1109097044316
29.5,-171.5,420.11746374466486
29.5,-170.5,420.12677635906977
29.5,-169.5,420.13735332869805
29.5,-168.5,420.1457195563693
29.5,-167.5,420.1472344380157
29.5,-166.5,420.1435707877229
29.5,-165.5,420.13788206524623
29.5,-164.5,420.1327825426469
29.5,-163.5,420.1286079938071
29.5,-162.5,420.1287430046816
29.5,-161.5,420.1296144661388
29.5,-160.5,420.10541697800096
29.5,-159.5,420.1236876031113
29.5,-158.5,420.1220600554258
29.5,-157.5,420.1229404654544
29.5,-156.5,420.1215755618772
29.5,-155.5,420.1198373489328
29.5,-154.5,420.1166217005553
29.5,-153.5,420.1134021495397
29.5,-152.5,420.1113006045099
29.5,-151.5,420.10810211627967
29.5,-150.5,420.1025586299217
29.5,-149.5,420.0973858007504
29.5,-148.5,420.089040166535
29.5,-147.5,420.0827241542119
29.5,-146.5,420.07661257629366
29.5,-145.5,420.0721383290992
29.5,-144.5,420.07025311248776
29.5,-143.5,420.0694677646334
29.5,-142.5,420.0689507611212
29.5,-141.5,420.0694906416425
29.5,-140.5,420.069083011102
29.5,-139.5,420.0693247695662
29.5,-138.5,420.07157716432073
29.5,-137.5,420.0717496839528
29.5,-136.5,420.0710705309817
29.5,-135.5,420.0699661221951
29.5,-134.5,420.06900245884975
29.5,-133.5,420.0688682224856
29.5,-132.5,420.07087769713786
29.5,-131.5,420.0744291710498
29.5,-130.5,420.078896193517
29.5,-129.5,420.0831412335844
29.5,-128.5,420.0856941763399
29.5,-127.5,420.0897935056914
29.5,-126.5,420.0990819028871
29.5,-125.5,420.1170528968757
29.5,-124.5,420.1411061716676
29.5,-123.5,420.1676485187818
29.5,-122.5,420.19426778962287
29.5,-121.5,420.21796782368017
29.5,-120.5,420.2412888461419
29.5,-119.5,420.2670995879613
29.5,-118.5,420.2979838132272
29.5,-117.5,420.3341582869384
29.5,-116.5,420.3698771688557
29.5,-115.5,420.33327620989286
29.5,-114.5,420.3330282152656
29.5,-113.5,420.3991850343365
29.5,-112.5,420.3821620013738
29.5,-111.5,420.5204677034251
29.5,-110.5,420.4201155589686
29.5,-109.5,420.3567203907669
29.5,-108.5,420.02858364290427
29.5,-107.5,419.88064229331184
29.5,-106.5,420.1067750076359
29.5,-105.5,420.1537201590602
29.5,-104.5,420.1716384837664
29.5,-103.5,420.1281384744224
29.5,-102.5,420.1377015401209
29.5,-101.5,420.2457909742786
29.5,-100.5,420.1737484973024
29.5,-99.5,420.1558425527156
29.5,-98.5,420.2544105363534
29.5,-97.5,420.2144715757117
29.5,-96.5,420.1863528781321
29.5,-95.5,420.31322045079565
29.5,-94.5,420.2189672002701
29.5,-93.5,419.9894341172218
29.5,-92.5,419.94162351367225
29.5,-91.5,419.8923389385228
29.5,-90.5,419.9226238518553
29.5,-89.5,419.8976116701597
29.5,-88.5,419.862934929115
29.5,-87.5,419.84522032734645
29.5,-86.5,419.83873571133154
29.5,-85.5,419.80848713493526
29.5,-84.5,419.8044034554709
29.5,-83.5,419.799010478296
29.5,-82.5,419.8194807411529
29.5,-81.5,419.8327650941274
29.5,-80.5,419.8184972280373
29.5,-79.5,419.8104711355554
29.5,-78.5,419.8109259599577
29.5,-77.5,419.8115557661056
29.5,-76.5,419.8225634225846
29.5,-75.5,419.8203623141205
29.5,-74.5,419.8157488725723
29.5,-73.5,419.8077826234737
29.5,-72.5,419.8025293028144
29.5,-71.5,419.7879041709343
29.5,-70.5,419.79378785584674
29.5,-69.5,419.7639889482663
29.5,-68.5,419.7575803922764
29.5,-67.5,419.76880445521306
29.5,-66.5,419.7418761887584
29.5,-65.5,419.7297041581011
29.5,-64.5,419.7185170952306
29.5,-63.5,419.7104946391544
29.5,-62.5,419.7048664297732
29.5,-61.5,419.69672373736745
29.5,-60.5,419.6899490270998
29.5,-59.5,419.6839369788355
29.5,-58.5,419.67645517783626
29.5,-57.5,419.6691279436517
29.5,-56.5,419.6567887892351
29.5,-55.5,419.6455119568816
29.5,-54.5,419.6380917817596
29.5,-53.5,419.63379853987465
29.5,-52.5,419.6288342437589
29.5,-51.5,419.6252027166918
29.5,-50.5,419.6158605496636
29.5,-49.5,419.6094282486251
29.5,-48.5,419.6009650368338
29.5,-47.5,419.5870257214655
29.5,-46.5,419.57119230805336
29.5,-45.5,419.5580705185154
29.5,-44.5,419.54465129826536
29.5,-43.5,419.5316874277424
29.5,-42.5,419.5192347328891
29.5,-41.5,419.50684415376446
29.5,-40.5,419.4999788870552
29.5,-39.5,419.4945947146656
29.5,-38.5,419.48776052885125
29.5,-37.5,419.481589340308
29.5,-36.5,419.4758143935693
29.5,-35.5,419.46875541667055
29.5,-34.5,419.4607595540765
29.5,-33.5,419.4535130784684
29.5,-32.5,419.4465144123593
29.5,-31.5,419.4382157520132
29.5,-30.5,419.4297969115205
29.5,-29.5,419.4187169245536
29.5,-28.5,419.40672901517786
29.5,-27.5,419.39405101701993
29.5,-26.5,419.3823456764783
29.5,-25.5,419.3718613971886
29.5,-24.5,419.3647617591612
29.5,-23.5,419.3604939011026
29.5,-22.5,419.3617332061408
29.5,-21.5,419.3696797911308
29.5,-20.5,419.380357546081
29.5,-19.5,419.3860541020594
29.5,-18.5,419.38955565240514
29.5,-17.5,419.3931137210045
29.5,-16.5,419.39808949692974
29.5,-15.5,419.40590347523016
29.5,-14.5,419.41536322392506
29.5,-13.5,419.420915400518
29.5,-12.5,419.4338304902077
29.5,-11.5,419.4506861685926
29.5,-10.5,419.4569546080188
29.5,-9.5,419.316360919402
29.5,-8.5,419.3272220413127
29.5,-7.5,419.3879756112185
29.5,-6.5,419.386647711411
29.5,-5.5,419.38381787988754
29.5,-4.5,419.3932426647812
29.5,-3.5,419.3879119286564
29.5,-2.5,419.4252270487938
29.5,-1.5,419.3945106415708
29.5,-0.5,419.4072820681593
29.5,0.5,419.4162013019432
29.5,1.5,419.39912926069496
29.5,2.5,419.3983783097989
29.5,3.5,419.43250275692753
29.5,4.5,419.4346096709006
29.5,5.5,419.44893424818014
29.5,6.5,419.4379863593607
29.5,7.5,419.44953141071335
29.5,8.5,419.4398090207981
29.5,9.5,419.4307992109923
29.5,10.5,419.4078660911531
29.5,11.5,419.387915465888
29.5,12.5,419.3631586864145
29.5,13.5,419.3552206175919
29.5,14.5,419.4044402870106
29.5,15.5,419.4119090726406
29.5,16.5,419.3809033427221
29.5,17.5,419.3926765644067
29.5,18.5,419.39825441360506
29.5,19.5,419.4153141425825
29.5,20.5,419.41475957788447
29.5,21.5,419.4102043774341
29.5,22.5,419.3887452673038
29.5,23.5,419.3901292082945
29.5,24.5,419.39933503928086
29.5,25.5,419.4003993495554
29.5,26.5,419.4187395367527
29.5,27.5,419.4520513446287
29.5,28.5,419.4764682035503
29.5,29.5,419.5092217911422
29.5,30.5,419.6928744499606
29.5,31.5,419.6703659082113
29.5,32.5,419.6661049992362
29.5,33.5,419.5228743121739
29.5,34.5,419.5771577769697
29.5,35.5,419.4797815579781
29.5,36.5,419.4960110747376
29.5,37.5,419.508378476852
29.5,38.5,419.56543103086574
29.5,39.5,419.6003966063602
29.5,40.5,419.612865705272
29.5,41.5,419.6233961170152
29.5,42.5,419.688876010604
29.5,43.5,419.7133397890821
29.5,44.5,419.7461360121375
29.5,45.5,419.7888581619262
29.5,46.5,419.8329942957549
29.5,47.5,419.9464994151451
29.5,48.5,420.3530511360757
29.5,49.5,420.0494169059387
29.5,50.5,419.9666602670482
29.5,51.5,419.6600908375237
29.5,52.5,419.53809574345325
29.5,53.5,419.4051905460477
29.5,54.5,419.38378805720487
29.5,55.5,419.3874297752018
29.5,56.5,419.30879111462593
29.5,57.5,419.3652743430893
29.5,58.5,419.6079056796961
29.5,59.5,419.553138802508
29.5,60.5,419.3254777489478
29.5,61.5,419.37495103753815
29.5,62.5,419.43423142875565
29.5,63.5,419.3008832579604
29.5,64.5,419.321301360509
29.5,65.5,419.3079107487267
29.5,66.5,419.2805515977585
29.5,67.5,419.5632986210542
29.5,68.5,419.3799073996943
29.5,69.5,419.4216874600279
29.5,70.5,419.79042253295313
29.5,71.5,419.8583260091795
29.5,72.5,419.8134636668236
29.5,73.5,419.9761464571405
29.5,74.5,419.93109624029273
29.5,75.5,420.0121159474812
29.5,76.5,420.1670916797581
29.5,77.5,420.45995603135873
29.5,78.5,420.3738367118316
29.5,79.5,419.9527307354947
29.5,80.5,419.73482327983714
29.5,81.5,419.211242853612
29.5,82.5,418.8708076978885
29.5,83.5,418.6581513733188
29.5,84.5,418.6461619064575
29.5,85.5,418.5989726777395
29.5,86.5,418.6688397998679
29.5,87.5,418.6484465021043
29.5,88.5,418.8121678127413
29.5,89.5,418.7141812460787
29.5,90.5,418.7829304490612
29.5,91.5,418.8719806128313
29.5,92.5,418.7440144499473
29.5,93.5,418.9408665882757
29.5,94.5,419.1127009410688
29.5,95.5,418.9847447532004
29.5,96.5,418.7044071383418
29.5,97.5,418.77674258996495
29.5,98.5,418.8654404007235
29.5,99.5,418.70188710445103
29.5,100.5,418.69062003777947
29.5,101.5,419.1369574656146
29.5,102.5,420.9165752538268
29.5,103.5,422.632538864084
29.5,104.5,423.29611815169807
29.5,105.5,423.1861554377678
29.5,106.5,423.28973070952486
29.5,107.5,422.0881113233511
29.5,108.5,421.690271767737
29.5,109.5,421.68999288487737
29.5,110.5,421.81644662474514
29.5,111.5,422.4251654542177
29.5,112.5,422.7671684646299
29.5,113.5,422.8162103860025
29.5,114.5,423.8034794707647
29.5,115.5,422.6018110558443
29.5,116.5,422.37202066199217
29.5,117.5,421.9310556573937
29.5,118.5,421.9060785357952
29.5,119.5,422.05883134372914
29.5,120.5,421.99263053633126
29.5,121.5,421.9291146463917
29.5,122.5,421.6286980434776
29.5,123.5,421.36693200080936
29.5,124.5,421.2231719280544
29.5,125.5,421.129025925348
29.5,126.5,421.07010468657705
29.5,127.5,421.0291064597126
29.5,128.5,420.9927145449252
29.5,129.5,420.9346996433455
29.5,130.5,420.9364155979538
29.5,131.5,420.9238267378497
29.5,132.5,420.9074684694864
29.5,133.5,420.8823818002396
29.5,134.5,420.8529745215702
29.5,135.5,420.8159564269836
29.5,136.5,420.779034231212
29.5,137.5,420.7434026975256
29.5,138.5,420.7150139020202
29.5,139.5,420.6929357802346
29.5,140.5,420.67569423038975
29.5,141.5,420.6579757927464
29.5,142.5,420.6408705361091
29.5,143.5,420.6274008683761
29.5,144.5,420.6090423023433
29.5,145.5,420.5862166667122
29.5,146.5,420.5684208907724
29.5,147.5,420.5529749180718
29.5,148.5,420.5283519003186
29.5,149.5,420.5035149053366
29.5,150.5,420.4817323158896
29.5,151.5,420.4635330332503
29.5,152.5,420.4484181646207
29.5,153.5,420.4312614853483
29.5,154.5,420.40731485865706
29.5,155.5,420.38376506400624
29.5,156.5,420.3599141822088
29.5,157.5,420.3389212054454
29.5,158.5,420.3164923008013
29.5,159.5,420.2940513338656
29.5,160.5,420.2785599604908
29.5,161.5,420.26337633082863
29.5,162.5,420.2468445965334
29.5,163.5,420.2286183054735
29.5,164.5,420.2139351646555
29.5,165.5,420.20510450586585
29.5,166.5,420.1975792296036
29.5,167.5,420.1915533518916
29.5,168.5,420.18293439209054
29.5,169.5,420.17361750880633
29.5,170.5,420.1606479797484
29.5,171.5,420.14557778743074
29.5,172.5,420.128698389868
29.5,173.5,420.1123801433632
29.5,174.5,420.0979620176137
29.5,175.5,420.0928306652184
29.5,176.5,420.0923058161055
29.5,177.5,420.094317955886
29.5,178.5,420.0985942287599
29.5,179.5,420.1023851599674
30.5,-179.5,420.0946093588129
30.5,-178.5,420.0969380449244
30.5,-177.5,420.10030186727465
30.5,-176.5,420.1007864182912
30.5,-175.5,420.09926703327386
30.5,-174.5,420.0968234874098
30.5,-173.5,420.09535939628216
30.5,-172.5,420.0960003014623
30.5,-171.5,420.10027724156834
30.5,-170.5,420.1085708955289
30.5,-169.5,420.1188435292791
30.5,-168.5,420.1286065036684
30.5,-167.5,420.132866477193
30.5,-166.5,420.1333931363888
30.5,-165.5,420.1284542235171
30.5,-164.5,420.1237109646691
30.5,-163.5,420.118140544786
30.5,-162.5,420.11595516893726
30.5,-161.5,420.11910282152553
30.5,-160.5,420.1226256892887
30.5,-159.5,420.1234576137164
30.5,-158.5,420.1019121687598
30.5,-157.5,420.1258571251996
30.5,-156.5,420.1262376175245
30.5,-155.5,420.124502369728
30.5,-154.5,420.1216002711875
30.5,-153.5,420.1183915691452
30.5,-152.5,420.1160854271801
30.5,-151.5,420.1143858104605
30.5,-150.5,420.11039319719487
30.5,-149.5,420.1034534121085
30.5,-148.5,420.0954788636193
30.5,-147.5,420.08636161816713
30.5,-146.5,420.0785533025336
30.5,-145.5,420.0726137261959
30.5,-144.5,420.06898653141394
30.5,-143.5,420.0682507269111
30.5,-142.5,420.0689694173452
30.5,-141.5,420.0697958992683
30.5,-140.5,420.0713018939069
30.5,-139.5,420.0730320560406
30.5,-138.5,420.0733678150636
30.5,-137.5,420.07269142232445
30.5,-136.5,420.07126613390494
30.5,-135.5,420.0715714234849
30.5,-134.5,420.0751128480788
30.5,-133.5,420.0722574074973
30.5,-132.5,420.0707339986303
30.5,-131.5,420.07102506518527
30.5,-130.5,420.072319085133
30.5,-129.5,420.073776372008
30.5,-128.5,420.07554934897655
30.5,-127.5,420.0799941292355
30.5,-126.5,420.084344143689
30.5,-125.5,420.09892520080007
30.5,-124.5,420.1236126803005
30.5,-123.5,420.1517846536093
30.5,-122.5,420.183013062498
30.5,-121.5,420.21638578407993
30.5,-120.5,420.2482256975701
30.5,-119.5,420.28156695074415
30.5,-118.5,420.3202761584832
30.5,-117.5,420.3780506933344
30.5,-116.5,420.36874184561776
30.5,-115.5,420.2126863549273
30.5,-114.5,420.4534613880052
30.5,-113.5,420.46922714849376
30.5,-112.5,420.3962617690892
30.5,-111.5,420.2873303965601
30.5,-110.5,420.1909585035185
30.5,-109.5,420.2140140169301
30.5,-108.5,420.1361704105988
30.5,-107.5,420.1691418578942
30.5,-106.5,420.19914262045495
30.5,-105.5,420.1757659441033
30.5,-104.5,420.163591294681
30.5,-103.5,420.1622426536368
30.5,-102.5,420.2051816491951
30.5,-101.5,420.2219246417136
30.5,-100.5,420.1952066446399
30.5,-99.5,420.17466953634033
30.5,-98.5,420.2393473033176
30.5,-97.5,420.2996976758464
30.5,-96.5,420.276812309508
30.5,-95.5,420.2991518583258
30.5,-94.5,420.2173219876788
30.5,-93.5,420.09635055046886
30.5,-92.5,420.01427119920623
30.5,-91.5,419.9869961371017
30.5,-90.5,420.1309043060351
30.5,-89.5,419.9169213503932
30.5,-88.5,419.9382121488433
30.5,-87.5,419.8815962590888
30.5,-86.5,419.8189715911968
30.5,-85.5,419.80359289067474
30.5,-84.5,419.7670410701264
30.5,-83.5,419.75111647409005
30.5,-82.5,419.748402371668
30.5,-81.5,419.83254684594107
30.5,-80.5,419.78143100970703
30.5,-79.5,419.7812159004947
30.5,-78.5,419.7821293341337
30.5,-77.5,419.8020872423603
30.5,-76.5,419.8163070452164
30.5,-75.5,419.8281197098197
30.5,-74.5,419.8339231058605
30.5,-73.5,419.83784977813
30.5,-72.5,419.8358498032792
30.5,-71.5,419.833365855345
30.5,-70.5,419.82549912959945
30.5,-69.5,419.81038723546015
30.5,-68.5,419.7992245129274
30.5,-67.5,419.7905468965179
30.5,-66.5,419.7811633888486
30.5,-65.5,419.7662737416202
30.5,-64.5,419.74903098208665
30.5,-63.5,419.7375732441555
30.5,-62.5,419.7308108942343
30.5,-61.5,419.7234712193656
30.5,-60.5,419.7147557981822
30.5,-59.5,419.7091970739451
30.5,-58.5,419.7021296741971
30.5,-57.5,419.69598630948747
30.5,-56.5,419.68766455773374
30.5,-55.5,419.6759443018181
30.5,-54.5,419.6673648576098
30.5,-53.5,419.65851295815565
30.5,-52.5,419.6530401272997
30.5,-51.5,419.64882530504616
30.5,-50.5,419.64340769997983
30.5,-49.5,419.6351133386379
30.5,-48.5,419.62565795765335
30.5,-47.5,419.6102313516867
30.5,-46.5,419.5911173511368
30.5,-45.5,419.5711247644242
30.5,-44.5,419.5541094517589
30.5,-43.5,419.5380551477558
30.5,-42.5,419.525053590427
30.5,-41.5,419.5144254282986
30.5,-40.5,419.50497265078616
30.5,-39.5,419.4994419528235
30.5,-38.5,419.4943712058574
30.5,-37.5,419.48643972238057
30.5,-36.5,419.4771034748898
30.5,-35.5,419.4675945183169
30.5,-34.5,419.4600540106086
30.5,-33.5,419.4517209270237
30.5,-32.5,419.44256852832217
30.5,-31.5,419.43341759146927
30.5,-30.5,419.4248765101448
30.5,-29.5,419.4171364626587
30.5,-28.5,419.4071891250016
30.5,-27.5,419.3933691889375
30.5,-26.5,419.3806575308618
30.5,-25.5,419.3704964487824
30.5,-24.5,419.3624567391373
30.5,-23.5,419.3558413029163
30.5,-22.5,419.3545079093519
30.5,-21.5,419.3572057658576
30.5,-20.5,419.3648597165078
30.5,-19.5,419.37056288982126
30.5,-18.5,419.3759238884036
30.5,-17.5,419.3814563097255
30.5,-16.5,419.3916639445736
30.5,-15.5,419.3996340245313
30.5,-14.5,419.4077213921442
30.5,-13.5,419.4156226847438
30.5,-12.5,419.42723995593866
30.5,-11.5,419.44441288371775
30.5,-10.5,419.4684612017299
30.5,-9.5,419.44702014506623
30.5,-8.5,419.2946127639306
30.5,-7.5,419.2310212486816
30.5,-6.5,419.2501286808301
30.5,-5.5,419.3650348176815
30.5,-4.5,419.35930652684186
30.5,-3.5,419.3733367598754
30.5,-2.5,419.3970377930576
30.5,-1.5,419.429377405372
30.5,-0.5,419.40576504133753
30.5,0.5,419.4154774993945
30.5,1.5,419.4180959949941
30.5,2.5,419.42615838654274
30.5,3.5,419.446747734204
30.5,4.5,419.4810644468128
30.5,5.5,419.48420079599794
30.5,6.5,419.4861354381155
30.5,7.5,419.48168846538215
30.5,8.5,419.4827578133271
30.5,9.5,419.477011526672
30.5,10.5,419.4426465254143
30.5,11.5,419.40245898833007
30.5,12.5,419.3898079382308
30.5,13.5,419.39349305744287
30.5,14.5,419.4521155551534
30.5,15.5,419.447344092892
30.5,16.5,419.4160838637498
30.5,17.5,419.4247046986285
30.5,18.5,419.4318971741562
30.5,19.5,419.4210548436731
30.5,20.5,419.398350458117
30.5,21.5,419.391080415039
30.5,22.5,419.3816637295834
30.5,23.5,419.3793133410375
30.5,24.5,419.3808751296159
30.5,25.5,419.3834452011481
30.5,26.5,419.41110731931286
30.5,27.5,419.4291760489672
30.5,28.5,419.46375463815485
30.5,29.5,419.5647839732314
30.5,30.5,419.6744127246638
30.5,31.5,419.7367257011708
30.5,32.5,419.6831933337387
30.5,33.5,419.63767651221474
30.5,34.5,419.6060360621052
30.5,35.5,419.5793784641696
30.5,36.5,419.5187209897127
30.5,37.5,419.57795428239984
30.5,38.5,419.5786885481273
30.5,39.5,419.5647805686179
30.5,40.5,419.6067795989878
30.5,41.5,419.6638409263128
30.5,42.5,419.703055362284
30.5,43.5,419.7298239322041
30.5,44.5,419.7717145748511
30.5,45.5,419.82942524933264
30.5,46.5,419.9117077787193
30.5,47.5,420.0655171975508
30.5,48.5,420.08741123336415
30.5,49.5,419.98718460895816
30.5,50.5,419.671567384698
30.5,51.5,419.381735952884
30.5,52.5,419.3075936570051
30.5,53.5,419.30109264399584
30.5,54.5,419.36549136723625
30.5,55.5,419.3803614768202
30.5,56.5,419.4010371798131
30.5,57.5,419.4725340957844
30.5,58.5,419.6140586821231
30.5,59.5,419.5450374078815
30.5,60.5,419.3856925538115
30.5,61.5,419.5276215301246
30.5,62.5,419.4968644176345
30.5,63.5,419.45794727840735
30.5,64.5,419.38899191589167
30.5,65.5,419.37244776122657
30.5,66.5,419.2147342847758
30.5,67.5,419.13990569121074
30.5,68.5,419.2890392639382
30.5,69.5,419.3957941360532
30.5,70.5,419.7147993899892
30.5,71.5,420.0114479803015
30.5,72.5,419.9845520761986
30.5,73.5,420.0551899022217
30.5,74.5,420.20927280419767
30.5,75.5,420.2251789873305
30.5,76.5,420.4853829405753
30.5,77.5,420.2948695315072
30.5,78.5,419.4081528378871
30.5,79.5,419.4171942142687
30.5,80.5,418.85649263852224
30.5,81.5,418.67393748133406
30.5,82.5,418.6223562836855
30.5,83.5,418.5581950066576
30.5,84.5,418.5026112456811
30.5,85.5,418.5598653044784
30.5,86.5,418.61798440499575
30.5,87.5,418.59088150059233
30.5,88.5,418.4936284762464
30.5,89.5,418.5796865135493
30.5,90.5,418.6716215363146
30.5,91.5,418.6782998434637
30.5,92.5,418.6836134917064
30.5,93.5,418.7014890160616
30.5,94.5,418.847952522696
30.5,95.5,418.8624438445253
30.5,96.5,418.6293778920466
30.5,97.5,418.6938894618839
30.5,98.5,418.854154277437
30.5,99.5,418.8046172124364
30.5,100.5,418.8184882784687
30.5,101.5,419.295075717102
30.5,102.5,420.1716106035008
30.5,103.5,422.9083538999947
30.5,104.5,423.0099189445004
30.5,105.5,422.8901636918128
30.5,106.5,422.6465188625877
30.5,107.5,422.3075175527963
30.5,108.5,421.8078099557242
30.5,109.5,421.5131817978981
30.5,110.5,421.6341083900528
30.5,111.5,422.1524813154672
30.5,112.5,422.6771668470643
30.5,113.5,422.81926659696
30.5,114.5,423.7827254856281
30.5,115.5,422.362765337745
30.5,116.5,422.055263295142
30.5,117.5,422.37559055880325
30.5,118.5,421.9476176674484
30.5,119.5,422.4376242327263
30.5,120.5,422.6702868984596
30.5,121.5,422.4351810292229
30.5,122.5,421.71770742853215
30.5,123.5,421.4099135072526
30.5,124.5,421.2480268225148
30.5,125.5,421.1519674086354
30.5,126.5,421.0898359381396
30.5,127.5,421.0529721508258
30.5,128.5,421.0186306181128
30.5,129.5,420.985103529605
30.5,130.5,420.92239556888114
30.5,131.5,420.9657628928812
30.5,132.5,420.9574824919834
30.5,133.5,420.9408236959417
30.5,134.5,420.9075657454489
30.5,135.5,420.8662148688063
30.5,136.5,420.8241408491649
30.5,137.5,420.7896092789336
30.5,138.5,420.7528126582983
30.5,139.5,420.7283023383044
30.5,140.5,420.7071124279276
30.5,141.5,420.70975568782734
30.5,142.5,420.6814234760281
30.5,143.5,420.66289514898966
30.5,144.5,420.64555556568007
30.5,145.5,420.62606627702166
30.5,146.5,420.6047193635264
30.5,147.5,420.58843754107625
30.5,148.5,420.5695456512742
30.5,149.5,420.5449209659051
30.5,150.5,420.5219091524675
30.5,151.5,420.500702702307
30.5,152.5,420.4829185294631
30.5,153.5,420.4645425546742
30.5,154.5,420.4442387042176
30.5,155.5,420.4182351504826
30.5,156.5,420.39374895353205
30.5,157.5,420.36953044702216
30.5,158.5,420.3429822969404
30.5,159.5,420.3137771804507
30.5,160.5,420.2912696580052
30.5,161.5,420.2672664086484
30.5,162.5,420.2479368614221
30.5,163.5,420.2299325230434
30.5,164.5,420.2120288891899
30.5,165.5,420.2007063008593
30.5,166.5,420.19407237915766
30.5,167.5,420.1882251685166
30.5,168.5,420.1824830559091
30.5,169.5,420.1723094824078
30.5,170.5,420.15819225994073
30.5,171.5,420.1438506473288
30.5,172.5,420.1303764371863
30.5,173.5,420.1187218773536
30.5,174.5,420.1073395740319
30.5,175.5,420.0969311805815
30.5,176.5,420.091438327093
30.5,177.5,420.0891942632979
30.5,178.5,420.08942513846097
30.5,179.5,420.09211705733054
31.5,-179.5,420.09093381269486
31.5,-178.5,420.0908577481466
31.5,-177.5,420.0908153848737
31.5,-176.5,420.0900058836384
31.5,-175.5,420.08975246722457
31.5,-174.5,420.0897668151116
31.5,-173.5,420.0907509934963
31.5,-172.5,420.0918614638685
31.5,-171.5,420.09424037290165
31.5,-170.5,420.09978347047553
31.5,-169.5,420.1071879992173
31.5,-168.5,420.1159811563694
31.5,-167.5,420.1219794394649
31.5,-166.5,420.1256985563929
31.5,-165.5,420.1232476313468
31.5,-164.5,420.11807337591966
31.5,-163.5,420.1122193460516
31.5,-162.5,420.11080996227
31.5,-161.5,420.1129278027837
31.5,-160.5,420.1048522549256
31.5,-159.5,420.1181159267583
31.5,-158.5,420.12109037522674
31.5,-157.5,420.1242247876421
31.5,-156.5,420.1230154416392
31.5,-155.5,420.120076162079
31.5,-154.5,420.1178706876934
31.5,-153.5,420.11502469019183
31.5,-152.5,420.1133485560309
31.5,-151.5,420.1106590298116
31.5,-150.5,420.1081186281919
31.5,-149.5,420.1043055640552
31.5,-148.5,420.0979044021528
31.5,-147.5,420.0895078686105
31.5,-146.5,420.081226526831
31.5,-145.5,420.0728587612721
31.5,-144.5,420.0689596480122
31.5,-143.5,420.070066595183
31.5,-142.5,420.0714985290363
31.5,-141.5,420.0729826513343
31.5,-140.5,420.0727347878137
31.5,-139.5,420.0732176216546
31.5,-138.5,420.0719204208708
31.5,-137.5,420.0702191380335
31.5,-136.5,420.069543405916
31.5,-135.5,420.0710473921533
31.5,-134.5,420.0718993095716
31.5,-133.5,420.0711128464631
31.5,-132.5,420.0689567361391
31.5,-131.5,420.0662581491624
31.5,-130.5,420.0641935197327
31.5,-129.5,420.06288179485455
31.5,-128.5,420.06319199552064
31.5,-127.5,420.0667390784628
31.5,-126.5,420.072741280962
31.5,-125.5,420.080873397788
31.5,-124.5,420.1000488538416
31.5,-123.5,420.1304665670628
31.5,-122.5,420.1666282972535
31.5,-121.5,420.2080915954683
31.5,-120.5,420.25335198305226
31.5,-119.5,420.3002708037984
31.5,-118.5,420.35414759712046
31.5,-117.5,420.4160646831433
31.5,-116.5,420.4014967468685
31.5,-115.5,420.22839227473406
31.5,-114.5,420.5089197877148
31.5,-113.5,420.5004085979684
31.5,-112.5,420.4250564413367
31.5,-111.5,420.3039679737868
31.5,-110.5,420.21626848809314
31.5,-109.5,420.16192924321217
31.5,-108.5,420.14897365855774
31.5,-107.5,420.2488888832647
31.5,-106.5,420.2906714154388
31.5,-105.5,420.2013410787877
31.5,-104.5,420.2837087171857
31.5,-103.5,420.34342162616514
31.5,-102.5,420.30526210493775
31.5,-101.5,420.2751349105821
31.5,-100.5,420.2841695253701
31.5,-99.5,420.2794140723333
31.5,-98.5,420.2925565149553
31.5,-97.5,420.3479246229105
31.5,-96.5,420.3370555640121
31.5,-95.5,420.262498011091
31.5,-94.5,420.1835708050281
31.5,-93.5,420.12065234877593
31.5,-92.5,420.05269241389055
31.5,-91.5,419.9902324496282
31.5,-90.5,419.9556508900757
31.5,-89.5,419.8954273231696
31.5,-88.5,419.874948342145
31.5,-87.5,419.85143094023886
31.5,-86.5,419.7890826207205
31.5,-85.5,419.7514285264991
31.5,-84.5,419.7119944827983
31.5,-83.5,419.7028036405904
31.5,-82.5,419.707941902006
31.5,-81.5,419.725446087631
31.5,-80.5,419.74687476346986
31.5,-79.5,419.7557767799151
31.5,-78.5,419.7660881637349
31.5,-77.5,419.7826232326015
31.5,-76.5,419.8025745903997
31.5,-75.5,419.8247201785837
31.5,-74.5,419.8408205233925
31.5,-73.5,419.85081208769685
31.5,-72.5,419.8563971104929
31.5,-71.5,419.859393054292
31.5,-70.5,419.8537760306649
31.5,-69.5,419.8425018804842
31.5,-68.5,419.82750658119767
31.5,-67.5,419.81392915454825
31.5,-66.5,419.8033600883449
31.5,-65.5,419.7884379310962
31.5,-64.5,419.7766313396186
31.5,-63.5,419.7660355607003
31.5,-62.5,419.7609940730088
31.5,-61.5,419.7536022702729
31.5,-60.5,419.7458832212336
31.5,-59.5,419.7375237974776
31.5,-58.5,419.727516262373
31.5,-57.5,419.719248546053
31.5,-56.5,419.71388300076137
31.5,-55.5,419.70564440504273
31.5,-54.5,419.69211955547775
31.5,-53.5,419.6789074848882
31.5,-52.5,419.670252307565
31.5,-51.5,419.7030319088848
31.5,-50.5,419.6586086826737
31.5,-49.5,419.6525974652752
31.5,-48.5,419.644057310867
31.5,-47.5,419.6267391646878
31.5,-46.5,419.604523311194
31.5,-45.5,419.58333065901047
31.5,-44.5,419.5643726229655
31.5,-43.5,419.549163957924
31.5,-42.5,419.5395565615378
31.5,-41.5,419.5300304694616
31.5,-40.5,419.5196388892779
31.5,-39.5,419.5100796638762
31.5,-38.5,419.5019012334985
31.5,-37.5,419.4919038943172
31.5,-36.5,419.4791135856928
31.5,-35.5,419.46504248481966
31.5,-34.5,419.4585668138528
31.5,-33.5,419.4523053131828
31.5,-32.5,419.4434303483555
31.5,-31.5,419.4340831044839
31.5,-30.5,419.4255096382172
31.5,-29.5,419.417915694581
31.5,-28.5,419.40764289631375
31.5,-27.5,419.3952267262749
31.5,-26.5,419.38303177771263
31.5,-25.5,419.37192306975055
31.5,-24.5,419.3623403999789
31.5,-23.5,419.3534956618135
31.5,-22.5,419.3460785110365
31.5,-21.5,419.34691036955024
31.5,-20.5,419.3505835159592
31.5,-19.5,419.3525296471998
31.5,-18.5,419.35752465767655
31.5,-17.5,419.3648877127888
31.5,-16.5,419.3739486686318
31.5,-15.5,419.3865266518716
31.5,-14.5,419.3974154239817
31.5,-13.5,419.4071012513054
31.5,-12.5,419.4188975072068
31.5,-11.5,419.4338105185733
31.5,-10.5,419.45931158567294
31.5,-9.5,419.46163624793513
31.5,-8.5,419.2922377793362
31.5,-7.5,419.21911211252296
31.5,-6.5,419.11620492375977
31.5,-5.5,419.294858257514
31.5,-4.5,419.2982115139287
31.5,-3.5,419.31434508685055
31.5,-2.5,419.3810479748561
31.5,-1.5,419.3477330245435
31.5,-0.5,419.3785873887255
31.5,0.5,419.41842908493294
31.5,1.5,419.4276704662588
31.5,2.5,419.4196665191629
31.5,3.5,419.4211891220873
31.5,4.5,419.4866714316092
31.5,5.5,419.51521882654623
31.5,6.5,419.531250361687
31.5,7.5,419.52522571752735
31.5,8.5,419.5185087512915
31.5,9.5,419.500267212337
31.5,10.5,419.4530844823639
31.5,11.5,419.4382566273656
31.5,12.5,419.4245890056718
31.5,13.5,419.4434571545564
31.5,14.5,419.46826795891377
31.5,15.5,419.4775066546404
31.5,16.5,419.459982148957
31.5,17.5,419.4367984983498
31.5,18.5,419.4277846379021
31.5,19.5,419.4159850726172
31.5,20.5,419.4034608504942
31.5,21.5,419.3725791359179
31.5,22.5,419.3664330682657
31.5,23.5,419.3680763740549
31.5,24.5,419.36900717407815
31.5,25.5,419.3841437910213
31.5,26.5,419.4041460589067
31.5,27.5,419.4351019697981
31.5,28.5,419.46607464995793
31.5,29.5,419.50301703066566
31.5,30.5,419.6263474084953
31.5,31.5,419.57143244092174
31.5,32.5,419.6333469427833
31.5,33.5,419.6193092391229
31.5,34.5,419.6822078333477
31.5,35.5,419.8020178888565
31.5,36.5,419.5907464444207
31.5,37.5,419.55511416709055
31.5,38.5,419.5486257805159
31.5,39.5,419.5599614223608
31.5,40.5,419.5993412121653
31.5,41.5,419.6651527237899
31.5,42.5,419.7090445079493
31.5,43.5,419.7613693253973
31.5,44.5,419.8521675896949
31.5,45.5,419.8987856813077
31.5,46.5,419.9365128184808
31.5,47.5,420.0551055000301
31.5,48.5,420.0634875775659
31.5,49.5,419.6191742063097
31.5,50.5,419.3058717918841
31.5,51.5,419.2682955294703
31.5,52.5,419.43348168993685
31.5,53.5,419.426562829212
31.5,54.5,419.41517480106097
31.5,55.5,419.5080041373894
31.5,56.5,419.4523607335022
31.5,57.5,419.5412507885028
31.5,58.5,419.59699365115415
31.5,59.5,419.3444455233406
31.5,60.5,419.4294493439529
31.5,61.5,419.5266724116028
31.5,62.5,419.5024498992247
31.5,63.5,419.4712014120238
31.5,64.5,419.384263714124
31.5,65.5,419.36752849314905
31.5,66.5,419.2304567863422
31.5,67.5,419.1847770868514
31.5,68.5,419.29741862236034
31.5,69.5,419.4369471097738
31.5,70.5,419.83721048315977
31.5,71.5,420.0926987378113
31.5,72.5,420.1336519041951
31.5,73.5,420.2173213825491
31.5,74.5,420.2890974694734
31.5,75.5,420.28817267912353
31.5,76.5,420.1307246212892
31.5,77.5,419.7102252332582
31.5,78.5,419.3382441826728
31.5,79.5,419.0889005126858
31.5,80.5,418.66228870021655
31.5,81.5,418.53127910460057
31.5,82.5,418.6083152796159
31.5,83.5,418.557861108048
31.5,84.5,418.6272167444547
31.5,85.5,418.6181992771627
31.5,86.5,418.621500190535
31.5,87.5,418.6529641719983
31.5,88.5,418.6647359601981
31.5,89.5,418.5986151754754
31.5,90.5,418.67685940119554
31.5,91.5,418.6987745622438
31.5,92.5,418.7215423517888
31.5,93.5,418.6444480758306
31.5,94.5,418.69599296241984
31.5,95.5,418.6874894426588
31.5,96.5,418.6112422805399
31.5,97.5,418.6464599855465
31.5,98.5,418.7420784203227
31.5,99.5,418.8044977788047
31.5,100.5,418.8437287419481
31.5,101.5,419.02470195305744
31.5,102.5,419.78942968825993
31.5,103.5,420.7855081261427
31.5,104.5,422.5437529665424
31.5,105.5,422.6174325841614
31.5,106.5,422.21491639235626
31.5,107.5,421.9526808077911
31.5,108.5,421.2916855931901
31.5,109.5,421.25432187310514
31.5,110.5,421.4552647962086
31.5,111.5,422.1248750282455
31.5,112.5,422.34000902946
31.5,113.5,422.434932039433
31.5,114.5,422.3721063623317
31.5,115.5,421.97885122857593
31.5,116.5,422.2159284627832
31.5,117.5,422.4892097740495
31.5,118.5,422.61411305856814
31.5,119.5,422.50372501115424
31.5,120.5,423.0887875190504
31.5,121.5,422.3136318005597
31.5,122.5,421.6572454183464
31.5,123.5,421.4075690322752
31.5,124.5,421.2628211007269
31.5,125.5,421.1695151946672
31.5,126.5,421.10815484988166
31.5,127.5,421.0728608940484
31.5,128.5,421.0567307132443
31.5,129.5,421.0483480387629
31.5,130.5,420.98808973822304
31.5,131.5,421.0055769889536
31.5,132.5,421.01464626291295
31.5,133.5,420.9931811532402
31.5,134.5,420.9584766521232
31.5,135.5,420.9158016394248
31.5,136.5,420.8670461447565
31.5,137.5,420.8278086870483
31.5,138.5,420.79359897426025
31.5,139.5,420.7696451985008
31.5,140.5,420.749389228395
31.5,141.5,420.7316247093549
31.5,142.5,420.7151958034904
31.5,143.5,420.6974241016269
31.5,144.5,420.6763706923029
31.5,145.5,420.65868596004594
31.5,146.5,420.63937232729575
31.5,147.5,420.62307131515655
31.5,148.5,420.6041863894884
31.5,149.5,420.58073665757206
31.5,150.5,420.5591493422344
31.5,151.5,420.5358094180411
31.5,152.5,420.50970659989656
31.5,153.5,420.4879460088196
31.5,154.5,420.466863808592
31.5,155.5,420.4461954612808
31.5,156.5,420.4241168145672
31.5,157.5,420.3954471911847
31.5,158.5,420.3671750928644
31.5,159.5,420.3330815343279
31.5,160.5,420.29973775022063
31.5,161.5,420.2724164211526
31.5,162.5,420.254891078168
31.5,163.5,420.23829477849176
31.5,164.5,420.2205785613799
31.5,165.5,420.2060392682704
31.5,166.5,420.19690875150405
31.5,167.5,420.1900641562461
31.5,168.5,420.1836576017316
31.5,169.5,420.1730664085388
31.5,170.5,420.1602869112693
31.5,171.5,420.1487694115194
31.5,172.5,420.1382825663501
31.5,173.5,420.12763653723226
31.5,174.5,420.1178126715756
31.5,175.5,420.10667657542
31.5,176.5,420.0971755033212
31.5,177.5,420.09150233293065
31.5,178.5,420.0881657827464
31.5,179.5,420.0868806999854
32.5,-179.5,420.0953434304032
32.5,-178.5,420.0933822538019
32.5,-177.5,420.0923956575252
32.5,-176.5,420.0908171193814
32.5,-175.5,420.0896249423
32.5,-174.5,420.0888142824919
32.5,-173.5,420.0884371601248
32.5,-172.5,420.0889313687521
32.5,-171.5,420.09192277850514
32.5,-170.5,420.0959439519498
32.5,-169.5,420.1040610003732
32.5,-168.5,420.1127846860423
32.5,-167.5,420.1218949287343
32.5,-166.5,420.12813526778734
32.5,-165.5,420.1287543486585
32.5,-164.5,420.12489976815743
32.5,-163.5,420.1195636828539
32.5,-162.5,420.1162570960329
32.5,-161.5,420.1171421216389
32.5,-160.5,420.1173715228063
32.5,-159.5,420.11648147847
32.5,-158.5,420.1151293172457
32.5,-157.5,420.11276738984304
32.5,-156.5,420.1107656606117
32.5,-155.5,420.1081351391574
32.5,-154.5,420.1045116348191
32.5,-153.5,420.10258284516107
32.5,-152.5,420.1011487051277
32.5,-151.5,420.10137376471215
32.5,-150.5,420.1011297904755
32.5,-149.5,420.0965807604865
32.5,-148.5,420.0913375339809
32.5,-147.5,420.0857516875366
32.5,-146.5,420.0787252538884
32.5,-145.5,420.0739233656277
32.5,-144.5,420.0688986319884
32.5,-143.5,420.0680066925512
32.5,-142.5,420.06976415542033
32.5,-141.5,420.07192627170895
32.5,-140.5,420.0726169233291
32.5,-139.5,420.0704919618393
32.5,-138.5,420.0677340540126
32.5,-137.5,420.06568830133466
32.5,-136.5,420.06454170915606
32.5,-135.5,420.065664239553
32.5,-134.5,420.0671063793927
32.5,-133.5,420.0663140730391
32.5,-132.5,420.0652213767543
32.5,-131.5,420.06324560937617
32.5,-130.5,420.0593806475644
32.5,-129.5,420.0554508254263
32.5,-128.5,420.0530183106713
32.5,-127.5,420.052931029894
32.5,-126.5,420.0552360396299
32.5,-125.5,420.0645230391807
32.5,-124.5,420.0811644625823
32.5,-123.5,420.1121849225444
32.5,-122.5,420.1552266533523
32.5,-121.5,420.2062925458242
32.5,-120.5,420.2667549339739
32.5,-119.5,420.3407701478118
32.5,-118.5,420.4193332454981
32.5,-117.5,420.517144570466
32.5,-116.5,420.26542328367657
32.5,-115.5,420.5918384816183
32.5,-114.5,420.5611104173162
32.5,-113.5,420.52459088829386
32.5,-112.5,420.49096907917294
32.5,-111.5,420.4912929428596
32.5,-110.5,420.2793167305483
32.5,-109.5,420.24283224191146
32.5,-108.5,420.1431346891292
32.5,-107.5,420.1442846078593
32.5,-106.5,420.1631552455102
32.5,-105.5,420.11034568525065
32.5,-104.5,420.2518158767658
32.5,-103.5,420.3342816994141
32.5,-102.5,420.3177511149821
32.5,-101.5,420.328458630318
32.5,-100.5,420.30416289433686
32.5,-99.5,420.3101332888494
32.5,-98.5,420.32258641404746
32.5,-97.5,420.5062850709736
32.5,-96.5,420.40309728673645
32.5,-95.5,420.2707842874933
32.5,-94.5,420.2528185151071
32.5,-93.5,420.163434746047
32.5,-92.5,420.1022522715047
32.5,-91.5,420.0239073905674
32.5,-90.5,419.97107156284505
32.5,-89.5,419.8643926596374
32.5,-88.5,419.8603519814432
32.5,-87.5,419.7989317802131
32.5,-86.5,419.76295917357305
32.5,-85.5,419.6610564767665
32.5,-84.5,419.7056991842884
32.5,-83.5,419.70645725206384
32.5,-82.5,419.697093438178
32.5,-81.5,419.7038993739628
32.5,-80.5,419.75191802602006
32.5,-79.5,419.7369420465572
32.5,-78.5,419.74300396752864
32.5,-77.5,419.758831159613
32.5,-76.5,419.78577513252407
32.5,-75.5,419.814815617586
32.5,-74.5,419.83674644425776
32.5,-73.5,419.85174269069927
32.5,-72.5,419.86416450767047
32.5,-71.5,419.8694205313316
32.5,-70.5,419.86848400709545
32.5,-69.5,419.8603414315236
32.5,-68.5,419.8458088297824
32.5,-67.5,419.8333305170902
32.5,-66.5,419.82090330562494
32.5,-65.5,419.8123745413664
32.5,-64.5,419.8117420943316
32.5,-63.5,419.8040846629291
32.5,-62.5,419.7952022895172
32.5,-61.5,419.78757362951
32.5,-60.5,419.7778676561248
32.5,-59.5,419.7649447493093
32.5,-58.5,419.7516234844288
32.5,-57.5,419.7403745858702
32.5,-56.5,419.7328801082119
32.5,-55.5,419.7240515689822
32.5,-54.5,419.7092049465813
32.5,-53.5,419.6924389419283
32.5,-52.5,419.68242844799
32.5,-51.5,419.67384749902754
32.5,-50.5,419.6651929736544
32.5,-49.5,419.6566834430377
32.5,-48.5,419.64757575045945
32.5,-47.5,419.6355759851882
32.5,-46.5,419.6193316254793
32.5,-45.5,419.5985244486962
32.5,-44.5,419.58113849514086
32.5,-43.5,419.5682153837831
32.5,-42.5,419.5612740714123
32.5,-41.5,419.55330317462005
32.5,-40.5,419.5426700820354
32.5,-39.5,419.52931919797504
32.5,-38.5,419.5145672132042
32.5,-37.5,419.5006404868967
32.5,-36.5,419.4877837852968
32.5,-35.5,419.4755123895684
32.5,-34.5,419.4660061461895
32.5,-33.5,419.4585614842474
32.5,-32.5,419.45039825718953
32.5,-31.5,419.4403334673924
32.5,-30.5,419.4314267249604
32.5,-29.5,419.42246034768857
32.5,-28.5,419.4124782878416
32.5,-27.5,419.40081673419087
32.5,-26.5,419.38852528965504
32.5,-25.5,419.376073543278
32.5,-24.5,419.36270988959495
32.5,-23.5,419.3526163566788
32.5,-22.5,419.3453981108668
32.5,-21.5,419.3422573564684
32.5,-20.5,419.3422652945549
32.5,-19.5,419.3417928402368
32.5,-18.5,419.3426682491124
32.5,-17.5,419.34143057212816
32.5,-16.5,419.3575675892021
32.5,-15.5,419.37031550114807
32.5,-14.5,419.3823407079639
32.5,-13.5,419.3942865854796
32.5,-12.5,419.4067499270342
32.5,-11.5,419.42033682741896
32.5,-10.5,419.4411583340269
32.5,-9.5,419.4739556369408
32.5,-8.5,419.4648272620368
32.5,-7.5,419.530651640785
32.5,-6.5,419.296859113839
32.5,-5.5,419.2273665594468
32.5,-4.5,419.1765367566399
32.5,-3.5,419.27705010099606
32.5,-2.5,419.2655133552075
32.5,-1.5,419.2807327814166
32.5,-0.5,419.35858685366696
32.5,0.5,419.36995440159046
32.5,1.5,419.4037187462799
32.5,2.5,419.4139482657249
32.5,3.5,419.4292752355771
32.5,4.5,419.48135371115495
32.5,5.5,419.5164498399431
32.5,6.5,419.53995506773697
32.5,7.5,419.5415644896392
32.5,8.5,419.54298983116144
32.5,9.5,419.5118569481365
32.5,10.5,419.50283827933697
32.5,11.5,419.537830379097
32.5,12.5,419.6113960969685
32.5,13.5,419.5252022091399
32.5,14.5,419.46703820067614
32.5,15.5,419.4861556874473
32.5,16.5,419.4527580196228
32.5,17.5,419.4317601872871
32.5,18.5,419.41397152957
32.5,19.5,419.4079595657505
32.5,20.5,419.3923820204434
32.5,21.5,419.3178781944941
32.5,22.5,419.3298896851699
32.5,23.5,419.3795936683768
32.5,24.5,419.384867651861
32.5,25.5,419.3924795119134
32.5,26.5,419.40772117089216
32.5,27.5,419.4263879852249
32.5,28.5,419.4507047362328
32.5,29.5,419.4655746587799
32.5,30.5,419.493461228848
32.5,31.5,419.5133105000268
32.5,32.5,419.5431639024095
32.5,33.5,419.571475827492
32.5,34.5,419.6334346943983
32.5,35.5,419.6044870627084
32.5,36.5,419.4903104092517
32.5,37.5,419.509020852337
32.5,38.5,419.5174607097601
32.5,39.5,419.5241129071677
32.5,40.5,419.5660822050679
32.5,41.5,419.6324976428115
32.5,42.5,419.7067593644469
32.5,43.5,419.8039928759735
32.5,44.5,419.9533737408811
32.5,45.5,419.9205562370496
32.5,46.5,419.8420404584477
32.5,47.5,419.81869562449566
32.5,48.5,419.7634831094232
32.5,49.5,419.42445499425145
32.5,50.5,419.269758930741
32.5,51.5,419.67748555077264
32.5,52.5,419.5731302190083
32.5,53.5,419.51132699371954
32.5,54.5,419.5435941089309
32.5,55.5,419.5960541434579
32.5,56.5,419.5803596169204
32.5,57.5,419.609504960062
32.5,58.5,419.4528656563588
32.5,59.5,419.2693407685448
32.5,60.5,419.3903759631745
32.5,61.5,419.5036039881141
32.5,62.5,419.4569821020245
32.5,63.5,419.30076974195765
32.5,64.5,419.33349691208207
32.5,65.5,419.221243528851
32.5,66.5,419.08979483350566
32.5,67.5,419.1757177203527
32.5,68.5,419.1977270519747
32.5,69.5,419.2749931991172
32.5,70.5,419.9100550722438
32.5,71.5,420.1384574882078
32.5,72.5,420.22302002062327
32.5,73.5,420.4044363561268
32.5,74.5,420.4222744565631
32.5,75.5,420.2871320348306
32.5,76.5,419.3177358100434
32.5,77.5,418.7512604796636
32.5,78.5,418.7721265856713
32.5,79.5,418.6716054351163
32.5,80.5,418.6667316724355
32.5,81.5,418.6021014082768
32.5,82.5,418.6265352297943
32.5,83.5,418.6085607005734
32.5,84.5,418.5955727558954
32.5,85.5,418.5471203377292
32.5,86.5,418.5908161331328
32.5,87.5,418.5544661560817
32.5,88.5,418.56619686696416
32.5,89.5,418.5504855701497
32.5,90.5,418.6481738034194
32.5,91.5,418.5981332131045
32.5,92.5,418.60799045263633
32.5,93.5,418.5396421473819
32.5,94.5,418.5352935460412
32.5,95.5,418.6375319784355
32.5,96.5,418.599937899108
32.5,97.5,418.6305023795858
32.5,98.5,418.6398100242105
32.5,99.5,418.7827366593543
32.5,100.5,418.7762359214671
32.5,101.5,419.0488286994059
32.5,102.5,419.5077318373004
32.5,103.5,420.4869546127287
32.5,104.5,421.5730744204071
32.5,105.5,421.8541054955497
32.5,106.5,421.5751135661712
32.5,107.5,421.32004141609656
32.5,108.5,421.39189792596255
32.5,109.5,421.3410804824457
32.5,110.5,421.5997889483833
32.5,111.5,422.01064608623216
32.5,112.5,422.3555421942614
32.5,113.5,422.086624884092
32.5,114.5,422.2276480018916
32.5,115.5,422.22044617962393
32.5,116.5,422.318525662717
32.5,117.5,422.4297088200009
32.5,118.5,422.19225592391865
32.5,119.5,422.2154008411384
32.5,120.5,422.1128418600992
32.5,121.5,421.874943581242
32.5,122.5,421.6097069220468
32.5,123.5,421.3806446377394
32.5,124.5,421.2551131266285
32.5,125.5,421.17153596303984
32.5,126.5,421.1081720236396
32.5,127.5,421.0936627342935
32.5,128.5,421.0857862616376
32.5,129.5,421.11049111809126
32.5,130.5,421.0539143871644
32.5,131.5,420.89175753079
32.5,132.5,421.0698304993629
32.5,133.5,421.04025966474416
32.5,134.5,421.0088650135677
32.5,135.5,420.9705707098031
32.5,136.5,420.929053620985
32.5,137.5,420.8853468047176
32.5,138.5,420.85371970887326
32.5,139.5,420.8204727611149
32.5,140.5,420.7956902633208
32.5,141.5,420.7731778202547
32.5,142.5,420.7473323798452
32.5,143.5,420.723933797728
32.5,144.5,420.7039117588111
32.5,145.5,420.68346109864046
32.5,146.5,420.6671519632561
32.5,147.5,420.6509695910952
32.5,148.5,420.63311937176616
32.5,149.5,420.6132845956275
32.5,150.5,420.5905556034628
32.5,151.5,420.56481634238605
32.5,152.5,420.5389457917468
32.5,153.5,420.50997431008426
32.5,154.5,420.4892323273653
32.5,155.5,420.4691725017661
32.5,156.5,420.4482481299888
32.5,157.5,420.42500353817167
32.5,158.5,420.39559070273145
32.5,159.5,420.36333717917626
32.5,160.5,420.32932240710215
32.5,161.5,420.2984580716969
32.5,162.5,420.2729197082421
32.5,163.5,420.2550233767034
32.5,164.5,420.2374159025288
32.5,165.5,420.2223801541983
32.5,166.5,420.21183926359913
32.5,167.5,420.2056138250416
32.5,168.5,420.1979960722858
32.5,169.5,420.18671175800176
32.5,170.5,420.1697290758274
32.5,171.5,420.1598171381581
32.5,172.5,420.1510777476919
32.5,173.5,420.1412792350352
32.5,174.5,420.12856533351135
32.5,175.5,420.1158849383431
32.5,176.5,420.1058215808631
32.5,177.5,420.1003194672003
32.5,178.5,420.0968733052167
32.5,179.5,420.09485503311583
33.5,-179.5,420.10714270011823
33.5,-178.5,420.10031510222655
33.5,-177.5,420.0994608957717
33.5,-176.5,420.0972229830655
33.5,-175.5,420.0951444601884
33.5,-174.5,420.0943651039584
33.5,-173.5,420.0934218773492
33.5,-172.5,420.0938613409277
33.5,-171.5,420.0966972839543
33.5,-170.5,420.1020178057567
33.5,-169.5,420.1091958917392
33.5,-168.5,420.117224695113
33.5,-167.5,420.1270080214468
33.5,-166.5,420.1341238542084
33.5,-165.5,420.1376508842417
33.5,-164.5,420.1385837445544
33.5,-163.5,420.13165965266296
33.5,-162.5,420.1268446411795
33.5,-161.5,420.1246470456754
33.5,-160.5,420.122217091024
33.5,-159.5,420.1178545266843
33.5,-158.5,420.1123361072278
33.5,-157.5,420.1071196263766
33.5,-156.5,420.1021349076342
33.5,-155.5,420.0975238935727
33.5,-154.5,420.09221296154567
33.5,-153.5,420.0855170086826
33.5,-152.5,420.08321869384304
33.5,-151.5,420.0854719985167
33.5,-150.5,420.0847969119384
33.5,-149.5,420.0829494527683
33.5,-148.5,420.0801339819092
33.5,-147.5,420.0759598482091
33.5,-146.5,420.0727336382735
33.5,-145.5,420.068930372434
33.5,-144.5,420.0644361939939
33.5,-143.5,420.0649914156333
33.5,-142.5,420.0673329150738
33.5,-141.5,420.0685966524636
33.5,-140.5,420.06615991944176
33.5,-139.5,420.0647229845389
33.5,-138.5,420.0622840659856
33.5,-137.5,420.0593896856584
33.5,-136.5,420.05821007597774
33.5,-135.5,420.0574118660782
33.5,-134.5,420.05693130879166
33.5,-133.5,420.05786929860494
33.5,-132.5,420.0561209808732
33.5,-131.5,420.0541191014154
33.5,-130.5,420.051763575041
33.5,-129.5,420.0484390330352
33.5,-128.5,420.0440104103924
33.5,-127.5,420.04004667183096
33.5,-126.5,420.0378068118415
33.5,-125.5,420.0442320130944
33.5,-124.5,420.0634144044494
33.5,-123.5,420.09804706451416
33.5,-122.5,420.1481567010256
33.5,-121.5,420.2156033967633
33.5,-120.5,420.2988466739622
33.5,-119.5,420.4350249718782
33.5,-118.5,421.1015513272077
33.5,-117.5,420.72835102603375
33.5,-116.5,420.3871242328936
33.5,-115.5,420.50441366325055
33.5,-114.5,420.5517386149569
33.5,-113.5,420.5291116041211
33.5,-112.5,420.61324623311856
33.5,-111.5,420.7470715074514
33.5,-110.5,420.3248491860798
33.5,-109.5,420.1384413882108
33.5,-108.5,419.9232627307131
33.5,-107.5,420.05225647863153
33.5,-106.5,420.0305742604308
33.5,-105.5,420.0588399090014
33.5,-104.5,420.2472513468751
33.5,-103.5,420.264467502725
33.5,-102.5,420.2980521190033
33.5,-101.5,420.2896962278125
33.5,-100.5,420.35653383486107
33.5,-99.5,420.4122322328823
33.5,-98.5,420.40690950495576
33.5,-97.5,420.3867092171967
33.5,-96.5,420.3525094141484
33.5,-95.5,420.28737751443657
33.5,-94.5,420.2753531781035
33.5,-93.5,420.1620401425562
33.5,-92.5,420.12686330884304
33.5,-91.5,420.0312114445432
33.5,-90.5,419.9615694064011
33.5,-89.5,419.8821897110074
33.5,-88.5,419.8984783379556
33.5,-87.5,419.7892093577385
33.5,-86.5,419.7351267729245
33.5,-85.5,419.6398153909994
33.5,-84.5,419.77317195617337
33.5,-83.5,419.69899875889615
33.5,-82.5,419.672599443865
33.5,-81.5,419.6796040127263
33.5,-80.5,419.71204115253465
33.5,-79.5,419.7268042629227
33.5,-78.5,419.74154378280247
33.5,-77.5,419.75164791966006
33.5,-76.5,419.7715790623439
33.5,-75.5,419.79840155564153
33.5,-74.5,419.8302942131325
33.5,-73.5,419.8521970468965
33.5,-72.5,419.8686743077699
33.5,-71.5,419.877313785901
33.5,-70.5,419.87744023231306
33.5,-69.5,419.88565193676976
33.5,-68.5,419.8692448962548
33.5,-67.5,419.8585245529069
33.5,-66.5,419.8510420843816
33.5,-65.5,419.8497880138975
33.5,-64.5,419.84469621765214
33.5,-63.5,419.83859901922034
33.5,-62.5,419.8292019380282
33.5,-61.5,419.8168052238237
33.5,-60.5,419.80746347219485
33.5,-59.5,419.79382099021456
33.5,-58.5,419.7791312329606
33.5,-57.5,419.764501471942
33.5,-56.5,419.75297278568775
33.5,-55.5,419.7405468730527
33.5,-54.5,419.7229470795952
33.5,-53.5,419.707663761799
33.5,-52.5,419.69158983026045
33.5,-51.5,419.6762932597189
33.5,-50.5,419.6647195483922
33.5,-49.5,419.6561505090253
33.5,-48.5,419.6486382506613
33.5,-47.5,419.64026591870646
33.5,-46.5,419.630183666383
33.5,-45.5,419.6169546031237
33.5,-44.5,419.6039955537241
33.5,-43.5,419.59474870883633
33.5,-42.5,419.58870969675183
33.5,-41.5,419.57971160206057
33.5,-40.5,419.5683212294474
33.5,-39.5,419.5551104852772
33.5,-38.5,419.5395138006622
33.5,-37.5,419.5224294874742
33.5,-36.5,419.5059176376409
33.5,-35.5,419.4903006040573
33.5,-34.5,419.4787603103312
33.5,-33.5,419.4683056889265
33.5,-32.5,419.4585935102231
33.5,-31.5,419.448219178604
33.5,-30.5,419.4398994203109
33.5,-29.5,419.4330976484926
33.5,-28.5,419.42179082942016
33.5,-27.5,419.40844987057983
33.5,-26.5,419.39419302258494
33.5,-25.5,419.3794226713308
33.5,-24.5,419.36539890864486
33.5,-23.5,419.3542583541811
33.5,-22.5,419.3458817098219
33.5,-21.5,419.3392062216217
33.5,-20.5,419.33509537516505
33.5,-19.5,419.33315239217296
33.5,-18.5,419.33462239068416
33.5,-17.5,419.3349786013315
33.5,-16.5,419.34009449787214
33.5,-15.5,419.3495255014834
33.5,-14.5,419.3627310068108
33.5,-13.5,419.4034161282665
33.5,-12.5,419.3902837527705
33.5,-11.5,419.4045661230823
33.5,-10.5,419.4233101261592
33.5,-9.5,419.4476042129241
33.5,-8.5,419.509485236148
33.5,-7.5,419.5336170457573
33.5,-6.5,419.5536669947384
33.5,-5.5,419.3871643095353
33.5,-4.5,419.24220289836137
33.5,-3.5,419.3552252884671
33.5,-2.5,419.3126623522255
33.5,-1.5,419.3152758782287
33.5,-0.5,419.38046615778825
33.5,0.5,419.3141356163915
33.5,1.5,419.36093254584944
33.5,2.5,419.3794966044634
33.5,3.5,419.4135182319994
33.5,4.5,419.46655056495246
33.5,5.5,419.5295240761076
33.5,6.5,419.57720714052056
33.5,7.5,419.56685787628766
33.5,8.5,419.577218545979
33.5,9.5,419.56477337149965
33.5,10.5,419.5445533588546
33.5,11.5,419.5554501650865
33.5,12.5,419.5472946174093
33.5,13.5,419.5201999751727
33.5,14.5,419.4946741681742
33.5,15.5,419.46732777889343
33.5,16.5,419.44471574977433
33.5,17.5,419.42293791920446
33.5,18.5,419.4049199118118
33.5,19.5,419.387860619696
33.5,20.5,419.3738862393837
33.5,21.5,419.3622609057429
33.5,22.5,419.3578323715489
33.5,23.5,419.3583341007355
33.5,24.5,419.3627669913293
33.5,25.5,419.3778289848448
33.5,26.5,419.3895573428517
33.5,27.5,419.41379147874216
33.5,28.5,419.4381154216474
33.5,29.5,419.4582259922751
33.5,30.5,419.4791097180803
33.5,31.5,419.4960684858287
33.5,32.5,419.51923389690427
33.5,33.5,419.5472476614695
33.5,34.5,419.5746377486073
33.5,35.5,419.5890392386098
33.5,36.5,419.4724413070436
33.5,37.5,419.49121981114325
33.5,38.5,419.49888658454125
33.5,39.5,419.5273497359627
33.5,40.5,419.5768081934775
33.5,41.5,419.6411677694608
33.5,42.5,419.7228537071297
33.5,43.5,419.8282822713175
33.5,44.5,419.9000179970419
33.5,45.5,419.8478256425344
33.5,46.5,419.569586813961
33.5,47.5,419.5727145831851
33.5,48.5,419.45047196117343
33.5,49.5,419.33527288966366
33.5,50.5,419.2585752967586
33.5,51.5,419.3589560026551
33.5,52.5,419.6619213769646
33.5,53.5,419.64963843900426
33.5,54.5,419.59194615219656
33.5,55.5,419.6749507943204
33.5,56.5,419.60016678064375
33.5,57.5,419.5214790386229
33.5,58.5,419.3956591328742
33.5,59.5,419.3069674349205
33.5,60.5,419.38441797202665
33.5,61.5,419.4657366444803
33.5,62.5,419.1995441825568
33.5,63.5,419.0774930843849
33.5,64.5,419.0267979725985
33.5,65.5,418.9992888368404
33.5,66.5,418.9706817286963
33.5,67.5,418.8845247849962
33.5,68.5,418.9731941339927
33.5,69.5,419.1316402007876
33.5,70.5,419.7152728412872
33.5,71.5,419.9330217113053
33.5,72.5,420.406371786206
33.5,73.5,420.272037751218
33.5,74.5,419.6519860847656
33.5,75.5,419.0819835229106
33.5,76.5,418.8096880424412
33.5,77.5,418.6384462430152
33.5,78.5,418.61155262119615
33.5,79.5,418.624819308908
33.5,80.5,418.6936205816828
33.5,81.5,418.5139571295853
33.5,82.5,418.47657835262766
33.5,83.5,418.4549517376493
33.5,84.5,418.5030088070129
33.5,85.5,418.4260566571547
33.5,86.5,418.50374207350063
33.5,87.5,418.45458415696487
33.5,88.5,418.4621076786267
33.5,89.5,418.4006293670692
33.5,90.5,418.4453279353926
33.5,91.5,418.4653141249128
33.5,92.5,418.5326268932519
33.5,93.5,418.5379552712124
33.5,94.5,418.453273992408
33.5,95.5,418.47344018444215
33.5,96.5,418.5970449022782
33.5,97.5,418.63413556794063
33.5,98.5,418.63455686876966
33.5,99.5,418.80782356189854
33.5,100.5,418.9265015935164
33.5,101.5,419.0707785867062
33.5,102.5,419.2593264577267
33.5,103.5,419.7031040443077
33.5,104.5,420.46470674215584
33.5,105.5,421.39857752887787
33.5,106.5,421.59800183249047
33.5,107.5,421.5787901213597
33.5,108.5,421.329585415842
33.5,109.5,421.3026879574285
33.5,110.5,421.37885222591046
33.5,111.5,421.6538696258266
33.5,112.5,422.1704808454287
33.5,113.5,422.29142657063926
33.5,114.5,422.259979512267
33.5,115.5,422.2017935152225
33.5,116.5,422.2374814359272
33.5,117.5,422.1592449885982
33.5,118.5,422.00917531036833
33.5,119.5,421.94949146732847
33.5,120.5,421.8850396131516
33.5,121.5,421.6809744167516
33.5,122.5,421.50332845007074
33.5,123.5,421.33240223383353
33.5,124.5,421.2178191144735
33.5,125.5,421.1602198239674
33.5,126.5,421.1020710088191
33.5,127.5,421.1378927182497
33.5,128.5,421.1233271980182
33.5,129.5,421.2133778899725
33.5,130.5,421.1859682499828
33.5,131.5,421.2235480108771
33.5,132.5,421.1024205912154
33.5,133.5,421.02052135601855
33.5,134.5,421.0823088996997
33.5,135.5,421.0177115483612
33.5,136.5,421.00810474608267
33.5,137.5,420.9807007036304
33.5,138.5,420.9341447785008
33.5,139.5,420.89592478393337
33.5,140.5,420.8577672057919
33.5,141.5,420.8245549441521
33.5,142.5,420.78766488935946
33.5,143.5,420.752130628055
33.5,144.5,420.7250955536131
33.5,145.5,420.7003882476464
33.5,146.5,420.68150092359343
33.5,147.5,420.6656135996106
33.5,148.5,420.6516095434341
33.5,149.5,420.6352000908743
33.5,150.5,420.6147674096397
33.5,151.5,420.5897384683539
33.5,152.5,420.5671132143539
33.5,153.5,420.5447137723292
33.5,154.5,420.5177881366114
33.5,155.5,420.496138328319
33.5,156.5,420.47252417790736
33.5,157.5,420.44681605011823
33.5,158.5,420.418412139042
33.5,159.5,420.3890821090312
33.5,160.5,420.35894067337154
33.5,161.5,420.3283882067465
33.5,162.5,420.29908209441976
33.5,163.5,420.2753992497346
33.5,164.5,420.2571338453493
33.5,165.5,420.2423138223286
33.5,166.5,420.2284658690082
33.5,167.5,420.2164500529562
33.5,168.5,420.2056015340149
33.5,169.5,420.1933554592405
33.5,170.5,420.18261406947727
33.5,171.5,420.17775607397135
33.5,172.5,420.17375547475336
33.5,173.5,420.1644505959897
33.5,174.5,420.1485116865217
33.5,175.5,420.1330232300389
33.5,176.5,420.12100946288143
33.5,177.5,420.1144704601829
33.5,178.5,420.11016879626766
33.5,179.5,420.1081181430231
34.5,-179.5,420.11695569869113
34.5,-178.5,420.1098112948375
34.5,-177.5,420.10496595307353
34.5,-176.5,420.10324527477405
34.5,-175.5,420.1025450555166
34.5,-174.5,420.10369017259535
34.5,-173.5,420.1048382509492
34.5,-172.5,420.1067914379671
34.5,-171.5,420.1102169782403
34.5,-170.5,420.1139674504429
34.5,-169.5,420.116513993387
34.5,-168.5,420.1213802745373
34.5,-167.5,420.1297317273127
34.5,-166.5,420.1371765510396
34.5,-165.5,420.1390961208084
34.5,-164.5,420.142124420372
34.5,-163.5,420.1414698346025
34.5,-162.5,420.1388736368762
34.5,-161.5,420.1359174015124
34.5,-160.5,420.1313197159986
34.5,-159.5,420.1218670180731
34.5,-158.5,420.1114692229538
34.5,-157.5,420.10353524026254
34.5,-156.5,420.0972975124629
34.5,-155.5,420.08915092727545
34.5,-154.5,420.0796394185773
34.5,-153.5,420.0711138339979
34.5,-152.5,420.065680280356
34.5,-151.5,420.0632217277423
34.5,-150.5,420.0647089697516
34.5,-149.5,420.0651344394228
34.5,-148.5,420.0645361998663
34.5,-147.5,420.0656362970512
34.5,-146.5,420.0664886810512
34.5,-145.5,420.0643429080434
34.5,-144.5,420.06032536243583
34.5,-143.5,420.0603658307734
34.5,-142.5,420.0635842679254
34.5,-141.5,420.06565524476696
34.5,-140.5,420.0626200728169
34.5,-139.5,420.0595904346831
34.5,-138.5,420.0566960527821
34.5,-137.5,420.054828918659
34.5,-136.5,420.0512381324866
34.5,-135.5,420.0490575827937
34.5,-134.5,420.0489066587744
34.5,-133.5,420.0496918506923
34.5,-132.5,420.0484253752544
34.5,-131.5,420.0437854290759
34.5,-130.5,420.0404092809672
34.5,-129.5,420.0362819080744
34.5,-128.5,420.0401045597088
34.5,-127.5,420.02360090242775
34.5,-126.5,420.02260744256
34.5,-125.5,420.0263407215992
34.5,-124.5,420.04780729908737
34.5,-123.5,420.0829807978111
34.5,-122.5,420.1426191563909
34.5,-121.5,420.22110391982926
34.5,-120.5,420.3227320291423
34.5,-119.5,420.3823001247547
34.5,-118.5,420.45034990414166
34.5,-117.5,420.3536339333626
34.5,-116.5,420.28527577064347
34.5,-115.5,420.4426617865238
34.5,-114.5,420.4665716920621
34.5,-113.5,420.3391614061698
34.5,-112.5,420.3271222810693
34.5,-111.5,420.2596686197765
34.5,-110.5,420.1068696949432
34.5,-109.5,419.9453521684776
34.5,-108.5,419.8561915050738
34.5,-107.5,419.8771791682893
34.5,-106.5,419.9568295667544
34.5,-105.5,419.959987239947
34.5,-104.5,420.1701707589784
34.5,-103.5,420.1963496551164
34.5,-102.5,420.2455784769977
34.5,-101.5,420.32490274817104
34.5,-100.5,420.3897993386678
34.5,-99.5,420.40557324442057
34.5,-98.5,420.3721875813197
34.5,-97.5,420.34272734806575
34.5,-96.5,420.32910839009503
34.5,-95.5,420.2472734153516
34.5,-94.5,420.1630555925085
34.5,-93.5,420.0972619954927
34.5,-92.5,420.090119780738
34.5,-91.5,419.998426704192
34.5,-90.5,419.9369837565436
34.5,-89.5,419.88323332668006
34.5,-88.5,419.79092920006576
34.5,-87.5,419.69333272952514
34.5,-86.5,419.6714327153183
34.5,-85.5,419.5815129973455
34.5,-84.5,419.640749409096
34.5,-83.5,419.4346205847749
34.5,-82.5,419.5712092458885
34.5,-81.5,419.6106801732786
34.5,-80.5,419.6497341931747
34.5,-79.5,419.66807182836425
34.5,-78.5,419.68855534682336
34.5,-77.5,419.7361847095791
34.5,-76.5,419.7591080434741
34.5,-75.5,419.7761911899602
34.5,-74.5,419.8068474575312
34.5,-73.5,419.8339184984173
34.5,-72.5,419.8606161657796
34.5,-71.5,419.8794483000321
34.5,-70.5,419.8880348410672
34.5,-69.5,419.8916169275945
34.5,-68.5,419.8902993853572
34.5,-67.5,419.88679029343024
34.5,-66.5,419.8793517850326
34.5,-65.5,419.8794912915055
34.5,-64.5,419.8811058766002
34.5,-63.5,419.8705366734221
34.5,-62.5,419.8566742711065
34.5,-61.5,419.8410575745827
34.5,-60.5,419.8294789730687
34.5,-59.5,419.8167912044096
34.5,-58.5,419.80289564039776
34.5,-57.5,419.7897037999904
34.5,-56.5,419.7762769432739
34.5,-55.5,419.7593218146254
34.5,-54.5,419.74056908649385
34.5,-53.5,419.7238154810844
34.5,-52.5,419.70688674646885
34.5,-51.5,419.6928189198146
34.5,-50.5,419.6811810034823
34.5,-49.5,419.6691654738486
34.5,-48.5,419.6629309878329
34.5,-47.5,419.6542794021049
34.5,-46.5,419.6442330831696
34.5,-45.5,419.63539232339184
34.5,-44.5,419.6256316284732
34.5,-43.5,419.61800967077886
34.5,-42.5,419.61179627522256
34.5,-41.5,419.6048321672384
34.5,-40.5,419.5920249137941
34.5,-39.5,419.5784625686762
34.5,-38.5,419.5635976103225
34.5,-37.5,419.5464783483836
34.5,-36.5,419.5279874490252
34.5,-35.5,419.5106261929769
34.5,-34.5,419.4956563724026
34.5,-33.5,419.4817850915087
34.5,-32.5,419.47045797783534
34.5,-31.5,419.4565978899872
34.5,-30.5,419.4438811423307
34.5,-29.5,419.4340640864485
34.5,-28.5,419.42265507422286
34.5,-27.5,419.4086138106335
34.5,-26.5,419.39292032247096
34.5,-25.5,419.3787394793241
34.5,-24.5,419.3672118089213
34.5,-23.5,419.3566518700137
34.5,-22.5,419.3467724107984
34.5,-21.5,419.3385397716378
34.5,-20.5,419.330543529214
34.5,-19.5,419.3233756210132
34.5,-18.5,419.3239171595637
34.5,-17.5,419.3236453394826
34.5,-16.5,419.3245675030713
34.5,-15.5,419.3319810807728
34.5,-14.5,419.3426309304471
34.5,-13.5,419.35605680919497
34.5,-12.5,419.3711239410659
34.5,-11.5,419.3868629047733
34.5,-10.5,419.4076424948115
34.5,-9.5,419.43348468706085
34.5,-8.5,419.4582488058396
34.5,-7.5,419.504250047489
34.5,-6.5,419.5482095705512
34.5,-5.5,419.5901481700709
34.5,-4.5,419.4737721578822
34.5,-3.5,419.4642542225635
34.5,-2.5,419.4903543398589
34.5,-1.5,419.4843658601145
34.5,-0.5,419.3587684132
34.5,0.5,419.3858480851149
34.5,1.5,419.3720501651523
34.5,2.5,419.3533703675247
34.5,3.5,419.3744094985036
34.5,4.5,419.4723650337058
34.5,5.5,419.56500157743847
34.5,6.5,419.568120191897
34.5,7.5,419.45817117931387
34.5,8.5,419.54094295141954
34.5,9.5,419.5107635824792
34.5,10.5,419.5521698786285
34.5,11.5,419.5558206199712
34.5,12.5,419.5345998253793
34.5,13.5,419.5102301219553
34.5,14.5,419.4860374792647
34.5,15.5,419.4650898337864
34.5,16.5,419.4443370873212
34.5,17.5,419.42261747468393
34.5,18.5,419.3996104951512
34.5,19.5,419.3762081992098
34.5,20.5,419.3542379726968
34.5,21.5,419.34045364391625
34.5,22.5,419.3354372907744
34.5,23.5,419.3326145781412
34.5,24.5,419.33684784538366
34.5,25.5,419.35342297631007
34.5,26.5,419.37914325312
34.5,27.5,419.41051813563575
34.5,28.5,419.43966964775984
34.5,29.5,419.4602045319709
34.5,30.5,419.4764750031
34.5,31.5,419.4894936147427
34.5,32.5,419.5105119133146
34.5,33.5,419.5396208448935
34.5,34.5,419.551276735256
34.5,35.5,419.5622850147178
34.5,36.5,419.3536340773014
34.5,37.5,419.462887453794
34.5,38.5,419.5158837049144
34.5,39.5,419.5393697448807
34.5,40.5,419.5974596835279
34.5,41.5,419.6455622933189
34.5,42.5,419.828261314564
34.5,43.5,419.8645892256566
34.5,44.5,419.8459869968729
34.5,45.5,419.5837732684385
34.5,46.5,419.4731298815401
34.5,47.5,419.4240459111924
34.5,48.5,419.3988767390016
34.5,49.5,419.4274399337952
34.5,50.5,419.616600703682
34.5,51.5,419.8744063169123
34.5,52.5,419.78166251106927
34.5,53.5,419.7880614474177
34.5,54.5,419.694086216813
34.5,55.5,419.6626214444435
34.5,56.5,419.5925516583528
34.5,57.5,419.54700896491306
34.5,58.5,419.4501799944271
34.5,59.5,419.41559241500687
34.5,60.5,419.4590272131571
34.5,61.5,419.4114409442637
34.5,62.5,419.2307770864082
34.5,63.5,419.05189235947785
34.5,64.5,419.02463901121786
34.5,65.5,418.93706391666495
34.5,66.5,418.8956029554329
34.5,67.5,418.8144206091008
34.5,68.5,418.8384554913574
34.5,69.5,419.0661867905403
34.5,70.5,419.33145952986985
34.5,71.5,419.9627886622429
34.5,72.5,419.97154364664095
34.5,73.5,419.2144221733867
34.5,74.5,419.31722084536256
34.5,75.5,418.7687163848676
34.5,76.5,418.6979255453409
34.5,77.5,418.6733442812945
34.5,78.5,418.4806958446133
34.5,79.5,418.36923228105246
34.5,80.5,418.3605163119893
34.5,81.5,418.3263318696535
34.5,82.5,418.3771440298263
34.5,83.5,418.4033465891517
34.5,84.5,418.3522071138289
34.5,85.5,418.3736781857757
34.5,86.5,418.374744353056
34.5,87.5,418.3613304009065
34.5,88.5,418.3527600952749
34.5,89.5,418.4526389222
34.5,90.5,418.4211271358853
34.5,91.5,418.406076628199
34.5,92.5,418.4976962028511
34.5,93.5,418.5797156672386
34.5,94.5,418.53425543386953
34.5,95.5,418.50614749262434
34.5,96.5,418.4685207916721
34.5,97.5,418.5351523428878
34.5,98.5,418.6721819422034
34.5,99.5,418.6620484495088
34.5,100.5,418.8976768536641
34.5,101.5,419.1010416118204
34.5,102.5,419.2636143708549
34.5,103.5,419.822395630988
34.5,104.5,420.231009870838
34.5,105.5,420.8733108412897
34.5,106.5,421.0049252694608
34.5,107.5,421.14142066152897
34.5,108.5,422.1270491103394
34.5,109.5,421.543941961154
34.5,110.5,421.2772383536868
34.5,111.5,421.30627803961823
34.5,112.5,421.8475365645991
34.5,113.5,422.5239251443582
34.5,114.5,422.24062697809103
34.5,115.5,422.39715802108014
34.5,116.5,422.4404631056236
34.5,117.5,422.1272948163022
34.5,118.5,421.9349952166661
34.5,119.5,421.7853183659937
34.5,120.5,421.6646989568517
34.5,121.5,421.5497161873313
34.5,122.5,421.41096098168936
34.5,123.5,421.30160670866223
34.5,124.5,421.22655784871927
34.5,125.5,421.1810065340399
34.5,126.5,421.1434160357514
34.5,127.5,421.17188845361386
34.5,128.5,421.2118444011208
34.5,129.5,421.1939816098211
34.5,130.5,421.1572380989048
34.5,131.5,421.1904742269275
34.5,132.5,421.0019016453896
34.5,133.5,421.2432642375561
34.5,134.5,421.3119412037296
34.5,135.5,421.1208097667565
34.5,136.5,421.2796248373746
34.5,137.5,421.06385724991503
34.5,138.5,421.02938503546943
34.5,139.5,421.0570144912514
34.5,140.5,420.99044794827466
34.5,141.5,420.8970330265182
34.5,142.5,420.8317785108957
34.5,143.5,420.7891011782363
34.5,144.5,420.7525852055391
34.5,145.5,420.7254575293767
34.5,146.5,420.6986205834731
34.5,147.5,420.6804956760106
34.5,148.5,420.6638186921787
34.5,149.5,420.6463080045251
34.5,150.5,420.6279375395857
34.5,151.5,420.6100924288848
34.5,152.5,420.5888433161086
34.5,153.5,420.5690590892509
34.5,154.5,420.54905805584207
34.5,155.5,420.528033284292
34.5,156.5,420.4957206490981
34.5,157.5,420.4671909678961
34.5,158.5,420.43832871991896
34.5,159.5,420.4113436196208
34.5,160.5,420.3840895758556
34.5,161.5,420.3519038934588
34.5,162.5,420.3225487348385
34.5,163.5,420.29846699799566
34.5,164.5,420.27756085327616
34.5,165.5,420.2590414590185
34.5,166.5,420.2418161755808
34.5,167.5,420.2252350809586
34.5,168.5,420.2113174168748
34.5,169.5,420.2002065846822
34.5,170.5,420.1900320332576
34.5,171.5,420.1839668844617
34.5,172.5,420.1823125389111
34.5,173.5,420.1794935019368
34.5,174.5,420.1686292111799
34.5,175.5,420.1536435385288
34.5,176.5,420.1406509097809
34.5,177.5,420.1311898707549
34.5,178.5,420.1236032122497
34.5,179.5,420.12003487679794
35.5,-179.5,420.122803669445
35.5,-178.5,420.1159780201697
35.5,-177.5,420.11309448396025
35.5,-176.5,420.11140142015495
35.5,-175.5,420.10983480039823
35.5,-174.5,420.10993420307415
35.5,-173.5,420.11253415585867
35.5,-172.5,420.1166445296407
35.5,-171.5,420.1209838258004
35.5,-170.5,420.1244440790185
35.5,-169.5,420.12668615462735
35.5,-168.5,420.127859782935
35.5,-167.5,420.1320549843616
35.5,-166.5,420.1379317367869
35.5,-165.5,420.1432278461702
35.5,-164.5,420.1473266455129
35.5,-163.5,420.1517811254871
35.5,-162.5,420.15280256188936
35.5,-161.5,420.1487293756712
35.5,-160.5,420.1370878566004
35.5,-159.5,420.1222706208538
35.5,-158.5,420.1097342735836
35.5,-157.5,420.1003989568089
35.5,-156.5,420.0969508923809
35.5,-155.5,420.0786268829792
35.5,-154.5,420.068223508432
35.5,-153.5,420.0572533518046
35.5,-152.5,420.0484375975754
35.5,-151.5,420.04615464514313
35.5,-150.5,420.0471495858175
35.5,-149.5,420.04791800540255
35.5,-148.5,420.0493438978196
35.5,-147.5,420.0527937824687
35.5,-146.5,420.0550446275751
35.5,-145.5,420.0561620841966
35.5,-144.5,420.05496138591457
35.5,-143.5,420.055710806484
35.5,-142.5,420.057813186868
35.5,-141.5,420.0576079315791
35.5,-140.5,420.0532834869737
35.5,-139.5,420.0491500121053
35.5,-138.5,420.0496238035976
35.5,-137.5,420.04726306228775
35.5,-136.5,420.0442174416634
35.5,-135.5,420.0420781494587
35.5,-134.5,420.0411826359123
35.5,-133.5,420.0402854152375
35.5,-132.5,420.0375762000922
35.5,-131.5,420.0330844180743
35.5,-130.5,420.0270296978138
35.5,-129.5,420.02027934517145
35.5,-128.5,420.0117578444179
35.5,-127.5,420.0050163874636
35.5,-126.5,420.0023267276325
35.5,-125.5,420.010765009724
35.5,-124.5,420.03260041764855
35.5,-123.5,420.071070930372
35.5,-122.5,420.14237157173454
35.5,-121.5,420.18996870661255
35.5,-120.5,420.3173440912782
35.5,-119.5,420.3342660546669
35.5,-118.5,420.257650220877
35.5,-117.5,420.3120541098539
35.5,-116.5,420.3916445286237
35.5,-115.5,420.3382371740124
35.5,-114.5,420.33517812371207
35.5,-113.5,420.2081996431832
35.5,-112.5,420.0519726872683
35.5,-111.5,420.0130585341285
35.5,-110.5,420.0501040460633
35.5,-109.5,419.9547207197071
35.5,-108.5,419.9084084064429
35.5,-107.5,419.90916732906624
35.5,-106.5,419.8393157902844
35.5,-105.5,419.7926007677244
35.5,-104.5,420.00649302434095
35.5,-103.5,420.1172160570168
35.5,-102.5,420.19928812889606
35.5,-101.5,420.27841545830586
35.5,-100.5,420.27251818969
35.5,-99.5,420.3080191458904
35.5,-98.5,420.2933498452297
35.5,-97.5,420.30168765819496
35.5,-96.5,420.26094225627264
35.5,-95.5,420.2202175021684
35.5,-94.5,420.1016637621278
35.5,-93.5,419.98640945248434
35.5,-92.5,419.9482543856103
35.5,-91.5,419.96577617482615
35.5,-90.5,419.9133263758316
35.5,-89.5,419.92218340616273
35.5,-88.5,419.7491248463381
35.5,-87.5,419.6574314890024
35.5,-86.5,419.5875164620917
35.5,-85.5,419.5251356865604
35.5,-84.5,419.53073336827663
35.5,-83.5,419.315240530871
35.5,-82.5,419.2615495278308
35.5,-81.5,419.537414976368
35.5,-80.5,419.632196807982
35.5,-79.5,419.5858196474604
35.5,-78.5,419.6724231209705
35.5,-77.5,419.6797780271895
35.5,-76.5,419.7052764488137
35.5,-75.5,419.7449745613663
35.5,-74.5,419.7509490343897
35.5,-73.5,419.7946050246088
35.5,-72.5,419.8288672480266
35.5,-71.5,419.850315287521
35.5,-70.5,419.87648952787725
35.5,-69.5,419.89753496707897
35.5,-68.5,419.8992219683184
35.5,-67.5,419.89754865740383
35.5,-66.5,419.89430792418864
35.5,-65.5,419.8935425995864
35.5,-64.5,419.8941537199372
35.5,-63.5,420.51518384814113
35.5,-62.5,419.8784352217796
35.5,-61.5,419.8616293613235
35.5,-60.5,419.84685371284337
35.5,-59.5,419.8322645379568
35.5,-58.5,419.8172838255879
35.5,-57.5,419.8025141811461
35.5,-56.5,419.7888235456678
35.5,-55.5,419.7726757027791
35.5,-54.5,419.7572997700641
35.5,-53.5,419.7431065101888
35.5,-52.5,419.72904620697113
35.5,-51.5,419.7184784556919
35.5,-50.5,419.71010261129135
35.5,-49.5,419.7021366144585
35.5,-48.5,419.6902273636324
35.5,-47.5,419.682212469738
35.5,-46.5,419.67168855235366
35.5,-45.5,419.66055162747335
35.5,-44.5,419.65062093457567
35.5,-43.5,419.6434012918317
35.5,-42.5,419.6340942834667
35.5,-41.5,419.622493264176
35.5,-40.5,419.6080126758287
35.5,-39.5,419.59214589635536
35.5,-38.5,419.5773342673231
35.5,-37.5,419.5621542027596
35.5,-36.5,419.5435992838642
35.5,-35.5,419.52529669610817
35.5,-34.5,419.50920444700046
35.5,-33.5,419.49378615685225
35.5,-32.5,419.476274617096
35.5,-31.5,419.4579510287539
35.5,-30.5,419.4423917126333
35.5,-29.5,419.4286843843944
35.5,-28.5,419.4148671017582
35.5,-27.5,419.4008802369045
35.5,-26.5,419.38937029142505
35.5,-25.5,419.3781823428957
35.5,-24.5,419.3688319244373
35.5,-23.5,419.3600409725059
35.5,-22.5,419.35037247775904
35.5,-21.5,419.3391551862806
35.5,-20.5,419.3300188904222
35.5,-19.5,419.3241492161775
35.5,-18.5,419.31814119017366
35.5,-17.5,419.31400469795904
35.5,-16.5,419.31033983607256
35.5,-15.5,419.3141324905252
35.5,-14.5,419.32344528676526
35.5,-13.5,419.33691292787387
35.5,-12.5,419.352698569569
35.5,-11.5,419.3730727511239
35.5,-10.5,419.3983909118591
35.5,-9.5,419.42758015176094
35.5,-8.5,419.4763442043153
35.5,-7.5,419.4933905128161
35.5,-6.5,419.5257956341157
35.5,-5.5,419.502658104142
35.5,-4.5,419.6251025464081
35.5,-3.5,419.6295441759319
35.5,-2.5,419.6343647924768
35.5,-1.5,419.6839645539488
35.5,-0.5,419.7817414824255
35.5,0.5,419.7749865331042
35.5,1.5,419.4813498505266
35.5,2.5,419.4677145348544
35.5,3.5,419.4696679528561
35.5,4.5,419.527921099134
35.5,5.5,419.4751124122137
35.5,6.5,419.3346625611391
35.5,7.5,419.3708840800959
35.5,8.5,419.3990111504816
35.5,9.5,419.42603180655465
35.5,10.5,419.56752614398494
35.5,11.5,419.5675761201405
35.5,12.5,419.53632059045503
35.5,13.5,419.5085798434887
35.5,14.5,419.48688578273874
35.5,15.5,419.4716653708838
35.5,16.5,419.4528490582537
35.5,17.5,419.42337170825033
35.5,18.5,419.3944178942465
35.5,19.5,419.3643894187615
35.5,20.5,419.3371701502973
35.5,21.5,419.3173124428955
35.5,22.5,419.2974968559526
35.5,23.5,419.2988195951093
35.5,24.5,419.2799977548115
35.5,25.5,419.3187949215298
35.5,26.5,419.3731190704147
35.5,27.5,419.4069390097134
35.5,28.5,419.4467119506577
35.5,29.5,419.4613712421224
35.5,30.5,419.47774335110495
35.5,31.5,419.4915901353152
35.5,32.5,419.4980546701682
35.5,33.5,419.5300403518289
35.5,34.5,419.553410855373
35.5,35.5,419.54718126144405
35.5,36.5,419.4955348029928
35.5,37.5,419.5347587136496
35.5,38.5,419.5619947635436
35.5,39.5,419.5741384564527
35.5,40.5,419.6196278974355
35.5,41.5,419.6595895061674
35.5,42.5,419.7158850123538
35.5,43.5,419.7873830101671
35.5,44.5,419.7723050890421
35.5,45.5,419.60101497014807
35.5,46.5,419.3214875291259
35.5,47.5,419.437255659124
35.5,48.5,419.4764862162344
35.5,49.5,419.4141953469916
35.5,50.5,419.7815541730096
35.5,51.5,420.54331876375824
35.5,52.5,419.70216502654296
35.5,53.5,419.6830246121223
35.5,54.5,419.67980620460975
35.5,55.5,419.68861564320895
35.5,56.5,419.6434464801337
35.5,57.5,419.5435698959406
35.5,58.5,419.4208495920972
35.5,59.5,419.4049807598813
35.5,60.5,419.4236464312678
35.5,61.5,419.4546504995874
35.5,62.5,419.4233830616717
35.5,63.5,419.3889225402106
35.5,64.5,419.15269007781166
35.5,65.5,418.9675959355541
35.5,66.5,418.8383937907616
35.5,67.5,418.9724992955871
35.5,68.5,418.8996680256971
35.5,69.5,418.96116237504725
35.5,70.5,418.7141495103339
35.5,71.5,418.9637346176128
35.5,72.5,418.994223165184
35.5,73.5,418.95923518100847
35.5,74.5,418.7339356009608
35.5,75.5,418.6968660513882
35.5,76.5,418.302500088402
35.5,77.5,418.3727019813438
35.5,78.5,418.2791799530762
35.5,79.5,418.30719265764367
35.5,80.5,418.5031000657924
35.5,81.5,418.2885018928864
35.5,82.5,418.27490040119454
35.5,83.5,418.4094498860926
35.5,84.5,418.4958628778064
35.5,85.5,418.4316705220333
35.5,86.5,418.3724942353861
35.5,87.5,418.4127191196291
35.5,88.5,418.4126644075377
35.5,89.5,418.3657324555087
35.5,90.5,418.40270703820346
35.5,91.5,418.410961269754
35.5,92.5,418.4817107363633
35.5,93.5,418.54633855200257
35.5,94.5,418.65795201927807
35.5,95.5,418.5361795076621
35.5,96.5,418.5566436637751
35.5,97.5,418.6297601561749
35.5,98.5,418.6694247568469
35.5,99.5,418.7373050325117
35.5,100.5,419.075948510713
35.5,101.5,419.1518198243175
35.5,102.5,419.5658061053108
35.5,103.5,420.0880214044115
35.5,104.5,420.1721776767245
35.5,105.5,420.3645158435481
35.5,106.5,420.5559747622352
35.5,107.5,421.01385978793616
35.5,108.5,421.1512584401525
35.5,109.5,421.30083152651247
35.5,110.5,421.40053110310487
35.5,111.5,421.4440558676418
35.5,112.5,421.481145781671
35.5,113.5,421.6711128945907
35.5,114.5,422.2801484048376
35.5,115.5,422.2076964981874
35.5,116.5,422.428065911118
35.5,117.5,421.8366770065924
35.5,118.5,421.7468413569833
35.5,119.5,421.7013492064603
35.5,120.5,421.5759373439564
35.5,121.5,421.4414985639065
35.5,122.5,421.33920718746543
35.5,123.5,421.2607991079777
35.5,124.5,421.2178306716912
35.5,125.5,421.22125930097326
35.5,126.5,421.1699381916896
35.5,127.5,420.8899196219026
35.5,128.5,421.29070889946695
35.5,129.5,421.2367638178985
35.5,130.5,421.16473835650544
35.5,131.5,421.1366033839225
35.5,132.5,421.0914634424502
35.5,133.5,421.04393795983935
35.5,134.5,420.97068549429855
35.5,135.5,421.1157081485343
35.5,136.5,420.9826586651169
35.5,137.5,420.8099831694036
35.5,138.5,420.8368753452541
35.5,139.5,421.62143380145847
35.5,140.5,421.4900848147853
35.5,141.5,421.01311252181193
35.5,142.5,420.889367601588
35.5,143.5,420.8364310008923
35.5,144.5,420.7939029029604
35.5,145.5,420.759335444426
35.5,146.5,420.72566976322025
35.5,147.5,420.70095275978593
35.5,148.5,420.6768053840456
35.5,149.5,420.651150082269
35.5,150.5,420.63190196472686
35.5,151.5,420.65445536803503
35.5,152.5,420.5955343175261
35.5,153.5,420.5779385863528
35.5,154.5,420.5995975419303
35.5,155.5,420.5373456451807
35.5,156.5,420.5111884229873
35.5,157.5,420.4824227912499
35.5,158.5,420.45390491027047
35.5,159.5,420.4287082091517
35.5,160.5,420.4018766719949
35.5,161.5,420.3705105789744
35.5,162.5,420.34384431263845
35.5,163.5,420.31817440952665
35.5,164.5,420.2942874045808
35.5,165.5,420.2724270824575
35.5,166.5,420.2543105768686
35.5,167.5,420.235889843693
35.5,168.5,420.2229731019543
35.5,169.5,420.2117371802575
35.5,170.5,420.200727748835
35.5,171.5,420.1905904746292
35.5,172.5,420.1869893733604
35.5,173.5,420.1829990966586
35.5,174.5,420.1737972768523
35.5,175.5,420.16060066697565
35.5,176.5,420.1470591912029
35.5,177.5,420.136348390584
35.5,178.5,420.1308178810232
35.5,179.5,420.12756917098943
36.5,-179.5,420.12302524929
36.5,-178.5,420.1207546710551
36.5,-177.5,420.1170607149866
36.5,-176.5,420.1169180923111
36.5,-175.5,420.1161002272083
36.5,-174.5,420.1150960723863
36.5,-173.5,420.1159490330914
36.5,-172.5,420.120571010478
36.5,-171.5,420.1271970339543
36.5,-170.5,420.1339429915012
36.5,-169.5,420.14010704415466
36.5,-168.5,420.1407303200849
36.5,-167.5,420.142055949941
36.5,-166.5,420.1439839896814
36.5,-165.5,420.1462052545217
36.5,-164.5,420.1534583287957
36.5,-163.5,420.1605292231949
36.5,-162.5,420.1612905998809
36.5,-161.5,420.1548659705992
36.5,-160.5,420.1438703484455
36.5,-159.5,420.1294462295373
36.5,-158.5,420.11366712330016
36.5,-157.5,420.1008853708505
36.5,-156.5,420.0843421466408
36.5,-155.5,420.0698131468595
36.5,-154.5,420.05919644516274
36.5,-153.5,420.0475771320837
36.5,-152.5,420.0380740309532
36.5,-151.5,420.03292701784005
36.5,-150.5,420.0316366179929
36.5,-149.5,420.0297731389124
36.5,-148.5,420.0310995303978
36.5,-147.5,420.0352657061131
36.5,-146.5,420.0380061675026
36.5,-145.5,420.0409582644042
36.5,-144.5,420.046252526087
36.5,-143.5,420.0482666564846
36.5,-142.5,420.0477057092165
36.5,-141.5,420.04394072557847
36.5,-140.5,420.037759060458
36.5,-139.5,420.0333879116862
36.5,-138.5,420.0324045196163
36.5,-137.5,420.0351617515629
36.5,-136.5,420.0347405157739
36.5,-135.5,420.03392318987056
36.5,-134.5,420.030425649405
36.5,-133.5,420.0263744256253
36.5,-132.5,420.0216906722954
36.5,-131.5,420.014799746771
36.5,-130.5,420.0077814878677
36.5,-129.5,419.9996346546116
36.5,-128.5,419.9914567726861
36.5,-127.5,419.9866680902805
36.5,-126.5,419.9876958781945
36.5,-125.5,419.99731560712695
36.5,-124.5,420.0190671593243
36.5,-123.5,420.0610440789639
36.5,-122.5,420.1423700158493
36.5,-121.5,420.2373409122113
36.5,-120.5,420.3359444996055
36.5,-119.5,420.5136673460563
36.5,-118.5,419.7864729085029
36.5,-117.5,420.126567357226
36.5,-116.5,420.1982573832192
36.5,-115.5,420.3251698188114
36.5,-114.5,420.34339603387406
36.5,-113.5,420.0674476454969
36.5,-112.5,420.0150560580281
36.5,-111.5,420.0156226458812
36.5,-110.5,419.9304245080211
36.5,-109.5,419.90816785059366
36.5,-108.5,420.0785602462959
36.5,-107.5,420.0559467789235
36.5,-106.5,419.7816426771824
36.5,-105.5,419.6903452469604
36.5,-104.5,419.71937056229126
36.5,-103.5,419.8872725003508
36.5,-102.5,420.06709445127
36.5,-101.5,420.1728890670772
36.5,-100.5,420.1576919240331
36.5,-99.5,420.209584957146
36.5,-98.5,420.2356459701112
36.5,-97.5,420.2454197801196
36.5,-96.5,420.2171182501698
36.5,-95.5,420.1559348462607
36.5,-94.5,420.0087737582941
36.5,-93.5,419.91498566597176
36.5,-92.5,419.8718903107304
36.5,-91.5,419.8676857306608
36.5,-90.5,419.8332544590867
36.5,-89.5,419.8089050147521
36.5,-88.5,419.7298583594165
36.5,-87.5,419.6826004456594
36.5,-86.5,419.6463025704033
36.5,-85.5,419.5421343929986
36.5,-84.5,419.486312623717
36.5,-83.5,419.4325086493327
36.5,-82.5,419.3372651835467
36.5,-81.5,419.2672776062422
36.5,-80.5,419.35433225987896
36.5,-79.5,419.54386114430696
36.5,-78.5,419.6171410713304
36.5,-77.5,419.6313071634226
36.5,-76.5,419.6827455599167
36.5,-75.5,419.7235326436482
36.5,-74.5,419.7283583371658
36.5,-73.5,419.754555534103
36.5,-72.5,419.785817364996
36.5,-71.5,419.8070650236116
36.5,-70.5,419.8431043442648
36.5,-69.5,419.8613110482965
36.5,-68.5,419.878636088847
36.5,-67.5,419.8796563767467
36.5,-66.5,419.8779444635081
36.5,-65.5,419.8840940976806
36.5,-64.5,419.8837628618738
36.5,-63.5,419.883172149056
36.5,-62.5,419.8815871697061
36.5,-61.5,419.8682683987853
36.5,-60.5,419.85536519629176
36.5,-59.5,419.841224954552
36.5,-58.5,419.82359940884936
36.5,-57.5,419.8090851208706
36.5,-56.5,419.79570389401937
36.5,-55.5,419.7809828897226
36.5,-54.5,419.7703496784479
36.5,-53.5,419.7606726760044
36.5,-52.5,419.7824741793598
36.5,-51.5,419.7419708135739
36.5,-50.5,419.73501200256993
36.5,-49.5,419.7284465726682
36.5,-48.5,419.7239631488044
36.5,-47.5,419.7169783342811
36.5,-46.5,419.7053430119395
36.5,-45.5,419.68694654854175
36.5,-44.5,419.6729968647128
36.5,-43.5,419.6611168827777
36.5,-42.5,419.64574967434567
36.5,-41.5,419.62707318053856
36.5,-40.5,419.60798847300646
36.5,-39.5,419.5925854256191
36.5,-38.5,419.5784501071674
36.5,-37.5,419.5611985359759
36.5,-36.5,419.5446974263198
36.5,-35.5,419.5489592765728
36.5,-34.5,419.51295312029225
36.5,-33.5,419.49353751486217
36.5,-32.5,419.4740377459509
36.5,-31.5,419.4570375967994
36.5,-30.5,419.4531101225079
36.5,-29.5,419.4237471093159
36.5,-28.5,419.40552015158494
36.5,-27.5,419.39046349142905
36.5,-26.5,419.396192841154
36.5,-25.5,419.3732445044873
36.5,-24.5,419.3634900712836
36.5,-23.5,419.3553963237007
36.5,-22.5,419.3468265868075
36.5,-21.5,419.3368645999924
36.5,-20.5,419.32705135886886
36.5,-19.5,419.3206050068307
36.5,-18.5,419.3128356959781
36.5,-17.5,419.30446452657947
36.5,-16.5,419.2994660800225
36.5,-15.5,419.2999330829911
36.5,-14.5,419.3067259867315
36.5,-13.5,419.3187690746036
36.5,-12.5,419.33814987253146
36.5,-11.5,419.3603293452846
36.5,-10.5,419.3896230092831
36.5,-9.5,419.4333588938146
36.5,-8.5,419.4666912803951
36.5,-7.5,419.50248496622254
36.5,-6.5,419.52997114138566
36.5,-5.5,419.5557765438147
36.5,-4.5,419.5659432184851
36.5,-3.5,419.6272535561503
36.5,-2.5,419.5635521521725
36.5,-1.5,419.6788118212865
36.5,-0.5,419.7061730573769
36.5,0.5,419.7203289567675
36.5,1.5,419.7734884264532
36.5,2.5,419.8112484191914
36.5,3.5,419.5698214056208
36.5,4.5,419.5540611050472
36.5,5.5,419.58754162864375
36.5,6.5,419.514937535618
36.5,7.5,419.5761984417119
36.5,8.5,419.6240889115579
36.5,9.5,419.5109391302641
36.5,10.5,419.6297940132642
36.5,11.5,419.5791268660117
36.5,12.5,419.5401838199927
36.5,13.5,419.5071048206492
36.5,14.5,419.4923242842716
36.5,15.5,419.4837441701223
36.5,16.5,419.45734781328525
36.5,17.5,419.41554799094587
36.5,18.5,419.37901781263423
36.5,19.5,419.3482863797913
36.5,20.5,419.3141751539736
36.5,21.5,419.2809718299964
36.5,22.5,419.2396935716809
36.5,23.5,419.2513576906494
36.5,24.5,419.2950082056972
36.5,25.5,419.3163153803023
36.5,26.5,419.3870663646682
36.5,27.5,419.4274699947283
36.5,28.5,419.4288267816283
36.5,29.5,419.2899331991431
36.5,30.5,419.45319527832623
36.5,31.5,419.39790509266993
36.5,32.5,419.2183432363154
36.5,33.5,419.3750054620941
36.5,34.5,419.5648030107369
36.5,35.5,419.6739663390877
36.5,36.5,419.6757798055232
36.5,37.5,419.5440602743632
36.5,38.5,419.5522107900007
36.5,39.5,419.5752578481828
36.5,40.5,419.5875407513655
36.5,41.5,419.6457825899071
36.5,42.5,419.68693977750695
36.5,43.5,419.71988076511633
36.5,44.5,419.5803932877152
36.5,45.5,419.4580385432949
36.5,46.5,419.2745413894072
36.5,47.5,419.3347622520414
36.5,48.5,419.3081638747787
36.5,49.5,419.5146964343055
36.5,50.5,419.5823804689905
36.5,51.5,419.7696046761243
36.5,52.5,419.7894841763317
36.5,53.5,419.9843367223087
36.5,54.5,419.6080201631936
36.5,55.5,419.5003385470333
36.5,56.5,419.5227702787039
36.5,57.5,419.4777157619951
36.5,58.5,419.30682602052906
36.5,59.5,419.35446704715537
36.5,60.5,419.53112391090326
36.5,61.5,419.5583796310841
36.5,62.5,419.5011292559277
36.5,63.5,419.4336822318732
36.5,64.5,419.4154526986301
36.5,65.5,419.3470480334699
36.5,66.5,419.4338404791084
36.5,67.5,419.3169865866408
36.5,68.5,419.2413562385444
36.5,69.5,419.3738416474091
36.5,70.5,418.8191764932756
36.5,71.5,418.65049814912186
36.5,72.5,418.6478102482682
36.5,73.5,418.67165074989134
36.5,74.5,418.44187279635656
36.5,75.5,418.4014927628477
36.5,76.5,418.42222414398327
36.5,77.5,418.5777824527218
36.5,78.5,418.42435540433473
36.5,79.5,418.806215971122
36.5,80.5,419.1544347157511
36.5,81.5,418.68037776389735
36.5,82.5,418.583548283174
36.5,83.5,418.6555719490458
36.5,84.5,418.5822525244712
36.5,85.5,418.5267078953624
36.5,86.5,418.36007612993257
36.5,87.5,418.2630963992209
36.5,88.5,418.363704549056
36.5,89.5,418.3841292421585
36.5,90.5,418.5491213725028
36.5,91.5,418.2997376847701
36.5,92.5,418.5314349260535
36.5,93.5,418.647818571121
36.5,94.5,418.8377817861934
36.5,95.5,418.9973174660248
36.5,96.5,418.99582680542494
36.5,97.5,418.9815025947698
36.5,98.5,418.645271046758
36.5,99.5,418.8553209650646
36.5,100.5,419.1006949764714
36.5,101.5,419.62682462804
36.5,102.5,419.7351566922737
36.5,103.5,420.3324518049776
36.5,104.5,420.17560067600607
36.5,105.5,420.1596156081856
36.5,106.5,420.2931957218109
36.5,107.5,420.498762417628
36.5,108.5,420.5918055762744
36.5,109.5,420.7395238231585
36.5,110.5,420.8776334899572
36.5,111.5,420.849380897068
36.5,112.5,421.0393158598965
36.5,113.5,421.1834761319065
36.5,114.5,422.2190501866143
36.5,115.5,422.0180193418282
36.5,116.5,422.1045097715896
36.5,117.5,421.7037063742977
36.5,118.5,421.7643577178395
36.5,119.5,421.52502273495975
36.5,120.5,421.4260083189657
36.5,121.5,421.3332740440581
36.5,122.5,421.2621368921944
36.5,123.5,421.2099477231323
36.5,124.5,421.2028015555615
36.5,125.5,421.22751254933365
36.5,126.5,421.7427038855088
36.5,127.5,421.1722351569037
36.5,128.5,421.0119369400217
36.5,129.5,421.17900425739833
36.5,130.5,421.1464044795184
36.5,131.5,421.102933469688
36.5,132.5,421.0966736997776
36.5,133.5,421.0901958744508
36.5,134.5,421.10252989274
36.5,135.5,421.0921474805078
36.5,136.5,420.9679737480764
36.5,137.5,420.5402847221685
36.5,138.5,420.677938528265
36.5,139.5,421.0391153130311
36.5,140.5,421.2244406521413
36.5,141.5,421.088236495561
36.5,142.5,420.9344276199039
36.5,143.5,420.8669445622539
36.5,144.5,420.82114255885887
36.5,145.5,420.78611489487554
36.5,146.5,420.7509694450833
36.5,147.5,420.7639926097309
36.5,148.5,420.6865793616935
36.5,149.5,420.6598704476024
36.5,150.5,420.63431536147385
36.5,151.5,420.6130098720149
36.5,152.5,420.5950781489012
36.5,153.5,420.5773424068165
36.5,154.5,420.5561327666888
36.5,155.5,420.53240634731776
36.5,156.5,420.508465443682
36.5,157.5,420.48410084377423
36.5,158.5,420.45923646508527
36.5,159.5,420.4366458615791
36.5,160.5,420.41327095745055
36.5,161.5,420.3868136330424
36.5,162.5,420.3603362910933
36.5,163.5,420.333274277506
36.5,164.5,420.3063834342913
36.5,165.5,420.2827583373344
36.5,166.5,420.2646830445832
36.5,167.5,420.2504951607359
36.5,168.5,420.23866933228845
36.5,169.5,420.227989630825
36.5,170.5,420.21535896869744
36.5,171.5,420.2026428020191
36.5,172.5,420.19467325285393
36.5,173.5,420.1841341837508
36.5,174.5,420.17349701427145
36.5,175.5,420.15920584254025
36.5,176.5,420.1438448109508
36.5,177.5,420.1301642487858
36.5,178.5,420.1239597656268
36.5,179.5,420.12466590489385
37.5,-179.5,420.1173693483853
37.5,-178.5,420.1173791604415
37.5,-177.5,420.1179150140531
37.5,-176.5,420.1183127479561
37.5,-175.5,420.1190377433487
37.5,-174.5,420.1199467722955
37.5,-173.5,420.1205040869462
37.5,-172.5,420.1237789383174
37.5,-171.5,420.12833250899286
37.5,-170.5,420.1353701354667
37.5,-169.5,420.1429753759181
37.5,-168.5,420.14758074154247
37.5,-167.5,420.1487182149835
37.5,-166.5,420.1490429784489
37.5,-165.5,420.1487442272771
37.5,-164.5,420.15205020363067
37.5,-163.5,420.1572655108385
37.5,-162.5,420.1585992337315
37.5,-161.5,420.1544919133158
37.5,-160.5,420.1458459812775
37.5,-159.5,420.1362702610116
37.5,-158.5,420.1232627482555
37.5,-157.5,420.1072396308032
37.5,-156.5,420.08781336434737
37.5,-155.5,420.07241107591113
37.5,-154.5,420.0595641757284
37.5,-153.5,420.0484733944122
37.5,-152.5,420.0366526626925
37.5,-151.5,420.0266084855941
37.5,-150.5,420.01856130549146
37.5,-149.5,420.01455770949184
37.5,-148.5,420.01238490212006
37.5,-147.5,420.01323630414686
37.5,-146.5,420.0150414796671
37.5,-145.5,420.0193714059312
37.5,-144.5,420.0237605607754
37.5,-143.5,420.0298670354607
37.5,-142.5,420.0307814058116
37.5,-141.5,420.0273953601945
37.5,-140.5,420.0222019002322
37.5,-139.5,420.0149401648523
37.5,-138.5,420.0115819569767
37.5,-137.5,420.0126113169512
37.5,-136.5,420.01651493653054
37.5,-135.5,420.01648412367047
37.5,-134.5,420.0132549851312
37.5,-133.5,420.0076407356042
37.5,-132.5,419.9994929877936
37.5,-131.5,419.9906819507115
37.5,-130.5,419.9823515078741
37.5,-129.5,419.97473936012136
37.5,-128.5,419.97511006882
37.5,-127.5,419.9650874567235
37.5,-126.5,419.9672598563687
37.5,-125.5,419.9804000565717
37.5,-124.5,420.01440053604176
37.5,-123.5,420.0657206154039
37.5,-122.5,420.2016153756449
37.5,-121.5,420.355884661857
37.5,-120.5,420.5422425902559
37.5,-119.5,419.8348207648068
37.5,-118.5,419.6117555480552
37.5,-117.5,419.8509567227598
37.5,-116.5,419.8928529669486
37.5,-115.5,419.9130149812967
37.5,-114.5,420.0691790947717
37.5,-113.5,419.9985286809454
37.5,-112.5,419.87414573914185
37.5,-111.5,420.0027169929148
37.5,-110.5,420.0372434612179
37.5,-109.5,420.0152916812153
37.5,-108.5,419.8692708302031
37.5,-107.5,419.6500359642244
37.5,-106.5,419.5331896030447
37.5,-105.5,419.6259973281334
37.5,-104.5,419.812585645592
37.5,-103.5,419.92421347849057
37.5,-102.5,420.0367049827709
37.5,-101.5,420.1086638626782
37.5,-100.5,420.09663850473913
37.5,-99.5,420.1105365796984
37.5,-98.5,420.1131159641524
37.5,-97.5,420.12978555832126
37.5,-96.5,420.08566525025486
37.5,-95.5,420.0785406075872
37.5,-94.5,419.9920218780067
37.5,-93.5,419.8655145496412
37.5,-92.5,419.7702207342828
37.5,-91.5,419.7258425094569
37.5,-90.5,419.7067067846584
37.5,-89.5,419.7534641601188
37.5,-88.5,419.7447536235389
37.5,-87.5,419.69723258695205
37.5,-86.5,419.642035806112
37.5,-85.5,419.5813924909481
37.5,-84.5,419.5101517452807
37.5,-83.5,419.4619636129864
37.5,-82.5,419.3659191655951
37.5,-81.5,419.3268197643555
37.5,-80.5,419.26936414468406
37.5,-79.5,419.4055213528339
37.5,-78.5,419.5079106007334
37.5,-77.5,419.6569450945756
37.5,-76.5,419.7196388658844
37.5,-75.5,419.7060280473421
37.5,-74.5,419.704608080866
37.5,-73.5,419.7252322757437
37.5,-72.5,419.734743398248
37.5,-71.5,419.766348716962
37.5,-70.5,419.7832067709409
37.5,-69.5,419.8149407081094
37.5,-68.5,419.8300187713828
37.5,-67.5,419.8378077114128
37.5,-66.5,419.8366334926178
37.5,-65.5,419.8377574206904
37.5,-64.5,419.8456840996632
37.5,-63.5,419.8469580716165
37.5,-62.5,419.84951781763095
37.5,-61.5,419.8529091198092
37.5,-60.5,419.8470034131399
37.5,-59.5,419.8410792950144
37.5,-58.5,419.8319463019615
37.5,-57.5,419.8187381962628
37.5,-56.5,419.8061794212699
37.5,-55.5,419.79373706521096
37.5,-54.5,419.7862659841312
37.5,-53.5,419.7792743491709
37.5,-52.5,419.7719213096819
37.5,-51.5,419.76266143477
37.5,-50.5,419.7538645024633
37.5,-49.5,419.7473771440566
37.5,-48.5,419.7432279327408
37.5,-47.5,419.73759549151487
37.5,-46.5,419.7272446361384
37.5,-45.5,419.712578758404
37.5,-44.5,419.6943410742433
37.5,-43.5,419.6755697476352
37.5,-42.5,419.6573459050478
37.5,-41.5,419.6372112029443
37.5,-40.5,419.61757471525794
37.5,-39.5,419.6005073852733
37.5,-38.5,419.5824532817881
37.5,-37.5,419.5631349187724
37.5,-36.5,419.5453811806023
37.5,-35.5,419.5295636236311
37.5,-34.5,419.51254398979006
37.5,-33.5,419.49102980963744
37.5,-32.5,419.4699483416447
37.5,-31.5,419.45220609354425
37.5,-30.5,419.4330421358985
37.5,-29.5,419.41343511075786
37.5,-28.5,419.3951994526575
37.5,-27.5,419.3817308963947
37.5,-26.5,419.3723040434445
37.5,-25.5,419.3606973140346
37.5,-24.5,419.3526335038631
37.5,-23.5,419.3444163473927
37.5,-22.5,419.33601990214447
37.5,-21.5,419.3276336456091
37.5,-20.5,419.318978504162
37.5,-19.5,419.3090226243834
37.5,-18.5,419.3012921755208
37.5,-17.5,419.29414649457584
37.5,-16.5,419.2890107350021
37.5,-15.5,419.28919559317336
37.5,-14.5,419.29461073519417
37.5,-13.5,419.30571512046834
37.5,-12.5,419.3226237905809
37.5,-11.5,419.3443708897073
37.5,-10.5,419.3743854217652
37.5,-9.5,419.41629719759374
37.5,-8.5,419.46065249608375
37.5,-7.5,419.4962964617116
37.5,-6.5,419.4907808372927
37.5,-5.5,419.5946986098864
37.5,-4.5,419.5504789835768
37.5,-3.5,419.3435942940821
37.5,-2.5,419.3595822563356
37.5,-1.5,419.66406192580746
37.5,-0.5,419.6905636520272
37.5,0.5,419.7061321114616
37.5,1.5,419.7176977274767
37.5,2.5,419.7339833609099
37.5,3.5,419.7496911488044
37.5,4.5,419.7344845367475
37.5,5.5,419.7212615273498
37.5,6.5,419.725293931917
37.5,7.5,419.72471322600063
37.5,8.5,419.6867989359584
37.5,9.5,419.6590687576445
37.5,10.5,419.61826989129736
37.5,11.5,419.57790237092007
37.5,12.5,419.51596858468406
37.5,13.5,419.3956729351617
37.5,14.5,419.4244938347611
37.5,15.5,419.5042110519355
37.5,16.5,419.4349470960848
37.5,17.5,419.3927804683638
37.5,18.5,419.357076459112
37.5,19.5,419.3169497105884
37.5,20.5,419.2787824862408
37.5,21.5,419.2135395647171
37.5,22.5,419.06104800206725
37.5,23.5,419.2487184169881
37.5,24.5,419.26540583279177
37.5,25.5,419.33174767035774
37.5,26.5,419.3754871160818
37.5,27.5,419.35487121331454
37.5,28.5,419.2365006422093
37.5,29.5,419.1369101087867
37.5,30.5,419.18244029101777
37.5,31.5,419.16360024859017
37.5,32.5,419.10404950867
37.5,33.5,419.1666901915047
37.5,34.5,419.1579964622528
37.5,35.5,419.47499672731385
37.5,36.5,419.3958263863638
37.5,37.5,419.4189209379417
37.5,38.5,419.48810567452335
37.5,39.5,419.500044758266
37.5,40.5,419.549142744418
37.5,41.5,419.5976662697898
37.5,42.5,419.5223145931836
37.5,43.5,419.1527491996072
37.5,44.5,419.20635870983006
37.5,45.5,419.4403200665748
37.5,46.5,419.3074907824581
37.5,47.5,419.3229251725822
37.5,48.5,419.3688574549294
37.5,49.5,419.9198605396916
37.5,50.5,419.9032108959444
37.5,51.5,419.94390405914
37.5,52.5,419.9126068743229
37.5,53.5,419.8908790419724
37.5,54.5,419.8408768706979
37.5,55.5,419.6528321808176
37.5,56.5,419.39397063668815
37.5,57.5,419.4238516468838
37.5,58.5,419.4963639773604
37.5,59.5,419.5768282400369
37.5,60.5,419.59755400111686
37.5,61.5,419.5494131819531
37.5,62.5,419.527063161916
37.5,63.5,419.489958368568
37.5,64.5,419.4901468378925
37.5,65.5,419.5059319248575
37.5,66.5,419.4532388966175
37.5,67.5,419.5237153202082
37.5,68.5,419.5073370834082
37.5,69.5,419.4762877574079
37.5,70.5,418.8012505921048
37.5,71.5,418.7430739069764
37.5,72.5,418.3355334007575
37.5,73.5,418.3350221544571
37.5,74.5,418.3906632439946
37.5,75.5,418.4129027445281
37.5,76.5,418.82600029215246
37.5,77.5,419.22915908903593
37.5,78.5,419.2740787456572
37.5,79.5,419.2956061300434
37.5,80.5,419.346025576674
37.5,81.5,419.3260434375322
37.5,82.5,419.30414310021183
37.5,83.5,419.2608631061664
37.5,84.5,419.2373918421961
37.5,85.5,419.1324559395058
37.5,86.5,418.396459842497
37.5,87.5,418.4296179010047
37.5,88.5,418.4437162170895
37.5,89.5,418.5697244167485
37.5,90.5,418.67501362037353
37.5,91.5,418.835867109904
37.5,92.5,418.8288600906816
37.5,93.5,418.9708434777536
37.5,94.5,418.9913446537582
37.5,95.5,418.9381220990004
37.5,96.5,418.6092676863775
37.5,97.5,418.5474879043541
37.5,98.5,418.4953387850062
37.5,99.5,418.6165439416433
37.5,100.5,418.8805364436061
37.5,101.5,419.0951162588708
37.5,102.5,419.3145392051241
37.5,103.5,419.56965330155225
37.5,104.5,419.9071550453072
37.5,105.5,420.1293273022901
37.5,106.5,420.1196984360805
37.5,107.5,420.149283107009
37.5,108.5,420.250640554209
37.5,109.5,420.4384113345572
37.5,110.5,420.7098974154959
37.5,111.5,420.59420631592457
37.5,112.5,420.9278610254193
37.5,113.5,420.7828825605296
37.5,114.5,421.893970294919
37.5,115.5,421.9004323257354
37.5,116.5,421.8501190629716
37.5,117.5,421.6568759545765
37.5,118.5,421.58152602597386
37.5,119.5,421.4504566004422
37.5,120.5,421.3858217654329
37.5,121.5,421.2673893480327
37.5,122.5,421.22692591800114
37.5,123.5,421.1915727552495
37.5,124.5,421.1774575865321
37.5,125.5,421.2215615379384
37.5,126.5,421.6299477136918
37.5,127.5,421.3792627175472
37.5,128.5,420.9644988904272
37.5,129.5,421.09685827816713
37.5,130.5,421.1312915302058
37.5,131.5,421.08472118899306
37.5,132.5,421.0597727121324
37.5,133.5,421.05038210887767
37.5,134.5,421.0406429069882
37.5,135.5,421.04114510648105
37.5,136.5,421.05504101023513
37.5,137.5,421.05027424239455
37.5,138.5,420.9930697463324
37.5,139.5,420.7876027265005
37.5,140.5,421.0531114393653
37.5,141.5,421.0487774082152
37.5,142.5,420.946280673538
37.5,143.5,420.87881946086486
37.5,144.5,420.8302194146188
37.5,145.5,420.78815336175234
37.5,146.5,420.7485882868004
37.5,147.5,420.71569231872337
37.5,148.5,420.6848716840245
37.5,149.5,420.6544122795263
37.5,150.5,420.6293923233185
37.5,151.5,420.6089527969641
37.5,152.5,420.5913484703006
37.5,153.5,420.5690681016012
37.5,154.5,420.5442282689344
37.5,155.5,420.523094801369
37.5,156.5,420.50295717577353
37.5,157.5,420.4828470018584
37.5,158.5,420.462656451327
37.5,159.5,420.4427567256328
37.5,160.5,420.4220433875296
37.5,161.5,420.3974953998381
37.5,162.5,420.3706899363989
37.5,163.5,420.3422033224293
37.5,164.5,420.3134963303031
37.5,165.5,420.28825658041984
37.5,166.5,420.2673801612221
37.5,167.5,420.2539174400509
37.5,168.5,420.24369689433325
37.5,169.5,420.2357446870109
37.5,170.5,420.2264104095856
37.5,171.5,420.2164978052152
37.5,172.5,420.2058637023082
37.5,173.5,420.1907353375999
37.5,174.5,420.1741916853484
37.5,175.5,420.15660389209904
37.5,176.5,420.1398079699118
37.5,177.5,420.1264346630353
37.5,178.5,420.11626482049866
37.5,179.5,420.115096440516
38.5,-179.5,420.1112587651632
38.5,-178.5,420.1127122881401
38.5,-177.5,420.1136659197279
38.5,-176.5,420.11222091402976
38.5,-175.5,420.1116509514112
38.5,-174.5,420.1147870337976
38.5,-173.5,420.1173690727446
38.5,-172.5,420.1201070097094
38.5,-171.5,420.123041650538
38.5,-170.5,420.1278806621045
38.5,-169.5,420.1342321275823
38.5,-168.5,420.1415661555425
38.5,-167.5,420.145540106525
38.5,-166.5,420.1455988289521
38.5,-165.5,420.1465339528147
38.5,-164.5,420.1505317450011
38.5,-163.5,420.1535684222033
38.5,-162.5,420.1562910043971
38.5,-161.5,420.1527248994916
38.5,-160.5,420.1440571744249
38.5,-159.5,420.1345007315352
38.5,-158.5,420.1233139556714
38.5,-157.5,420.1071786790421
38.5,-156.5,420.0884656540005
38.5,-155.5,420.0733439347798
38.5,-154.5,420.0597044681657
38.5,-153.5,420.0498609095752
38.5,-152.5,420.0396911477525
38.5,-151.5,420.02731521243913
38.5,-150.5,420.01633009891526
38.5,-149.5,420.00752716976825
38.5,-148.5,420.0009525494112
38.5,-147.5,419.9978614992659
38.5,-146.5,420.0121898226844
38.5,-145.5,419.9985426046976
38.5,-144.5,420.0004968459468
38.5,-143.5,420.0027757721968
38.5,-142.5,420.0033936350724
38.5,-141.5,420.0013925328602
38.5,-140.5,419.9953227084934
38.5,-139.5,419.9899271460913
38.5,-138.5,419.9857940431717
38.5,-137.5,419.9847260077804
38.5,-136.5,419.98498477570894
38.5,-135.5,419.987855596892
38.5,-134.5,419.9860107479736
38.5,-133.5,419.9813867152227
38.5,-132.5,419.9715075942976
38.5,-131.5,419.96106590734223
38.5,-130.5,419.95181313559567
38.5,-129.5,419.9426796111744
38.5,-128.5,419.94000224811975
38.5,-127.5,419.9387355940902
38.5,-126.5,419.9428759983754
38.5,-125.5,419.9618633495216
38.5,-124.5,420.01085185590273
38.5,-123.5,420.0666482760746
38.5,-122.5,420.3337464469696
38.5,-121.5,420.56490306335735
38.5,-120.5,419.932834378572
38.5,-119.5,419.5859287059406
38.5,-118.5,419.7210266890488
38.5,-117.5,419.6606797113306
38.5,-116.5,419.6840844408997
38.5,-115.5,419.7666676217815
38.5,-114.5,419.7699979490114
38.5,-113.5,419.82802121263165
38.5,-112.5,419.8922027976271
38.5,-111.5,419.7297552091025
38.5,-110.5,419.9881587668259
38.5,-109.5,419.9733540518464
38.5,-108.5,419.82487147763
38.5,-107.5,419.5516760012739
38.5,-106.5,419.3745006093644
38.5,-105.5,419.5338479513405
38.5,-104.5,419.9558015590136
38.5,-103.5,419.96115352245874
38.5,-102.5,419.9798666676253
38.5,-101.5,420.0038251896386
38.5,-100.5,420.023094513462
38.5,-99.5,420.0529810944712
38.5,-98.5,420.023873618632
38.5,-97.5,420.00505468149146
38.5,-96.5,419.9641004779192
38.5,-95.5,419.94915327212607
38.5,-94.5,419.91549842119184
38.5,-93.5,419.8473036334516
38.5,-92.5,419.7631621228503
38.5,-91.5,419.74531510082056
38.5,-90.5,419.7848339252312
38.5,-89.5,419.7975715233737
38.5,-88.5,419.7154838162594
38.5,-87.5,419.7268041284751
38.5,-86.5,419.6527304476262
38.5,-85.5,419.6190279250074
38.5,-84.5,419.5853706706051
38.5,-83.5,419.5363677060874
38.5,-82.5,419.5566263441145
38.5,-81.5,419.4840972930807
38.5,-80.5,419.31896949797886
38.5,-79.5,419.3092621333258
38.5,-78.5,419.3936636405607
38.5,-77.5,419.63865517455264
38.5,-76.5,419.7035428744018
38.5,-75.5,419.6924921724316
38.5,-74.5,419.719279748437
38.5,-73.5,419.7212206482121
38.5,-72.5,419.7208420404695
38.5,-71.5,419.7322295974783
38.5,-70.5,419.7405576892762
38.5,-69.5,419.7649423643248
38.5,-68.5,419.777859349612
38.5,-67.5,419.78369636447866
38.5,-66.5,419.7883626320128
38.5,-65.5,419.7882435427997
38.5,-64.5,419.7917651638808
38.5,-63.5,419.8038207515973
38.5,-62.5,419.8145225306816
38.5,-61.5,419.8211282724584
38.5,-60.5,419.8294480811856
38.5,-59.5,419.83171535310765
38.5,-58.5,419.8321629976679
38.5,-57.5,419.82781710573306
38.5,-56.5,419.8182815569768
38.5,-55.5,419.8081328087619
38.5,-54.5,419.802248903692
38.5,-53.5,419.7966961302887
38.5,-52.5,419.79068529981055
38.5,-51.5,419.78432678604497
38.5,-50.5,419.7739794400668
38.5,-49.5,419.7655823558644
38.5,-48.5,419.7581977814423
38.5,-47.5,419.7510563290933
38.5,-46.5,419.7405058298736
38.5,-45.5,419.7247078533728
38.5,-44.5,419.7091782982122
38.5,-43.5,419.69122877188056
38.5,-42.5,419.6711786600238
38.5,-41.5,419.65097793265886
38.5,-40.5,419.6288897719635
38.5,-39.5,419.60973789750585
38.5,-38.5,419.5909064238159
38.5,-37.5,419.569657419037
38.5,-36.5,419.5488067340255
38.5,-35.5,419.53041407304255
38.5,-34.5,419.5110552194008
38.5,-33.5,419.4890381069413
38.5,-32.5,419.467100501418
38.5,-31.5,419.4461976583729
38.5,-30.5,419.4261446571099
38.5,-29.5,419.4068631957543
38.5,-28.5,419.39037948916575
38.5,-27.5,419.3740386161472
38.5,-26.5,419.36085835181086
38.5,-25.5,419.3497589643681
38.5,-24.5,419.339208891798
38.5,-23.5,419.32980515911726
38.5,-22.5,419.3194714881611
38.5,-21.5,419.3093208388625
38.5,-20.5,419.2983273492494
38.5,-19.5,419.2921509661897
38.5,-18.5,419.28736806304784
38.5,-17.5,419.28239534316367
38.5,-16.5,419.2783177020826
38.5,-15.5,419.27899383946624
38.5,-14.5,419.2825906396454
38.5,-13.5,419.2916130840203
38.5,-12.5,419.3061190020337
38.5,-11.5,419.3262447027277
38.5,-10.5,419.351803447652
38.5,-9.5,419.3979881557723
38.5,-8.5,419.49334264577385
38.5,-7.5,419.478781578005
38.5,-6.5,419.5079959187603
38.5,-5.5,419.4834762570486
38.5,-4.5,419.474575476003
38.5,-3.5,419.47917311772704
38.5,-2.5,419.449438237691
38.5,-1.5,419.57458225305305
38.5,-0.5,419.619753962078
38.5,0.5,419.7047865543254
38.5,1.5,419.7107775401692
38.5,2.5,419.707276189633
38.5,3.5,419.7065086783278
38.5,4.5,419.70355846816426
38.5,5.5,419.7045613191391
38.5,6.5,419.6977011406276
38.5,7.5,419.6898825480132
38.5,8.5,419.66551710124793
38.5,9.5,419.6287480020961
38.5,10.5,419.5936714312384
38.5,11.5,419.5542444502143
38.5,12.5,419.5149717651672
38.5,13.5,419.4704207071063
38.5,14.5,419.4278960567216
38.5,15.5,419.3828117673841
38.5,16.5,419.3832365653747
38.5,17.5,419.3685138685152
38.5,18.5,419.3352236910192
38.5,19.5,419.2980483594969
38.5,20.5,419.2328454378232
38.5,21.5,419.1045121957246
38.5,22.5,419.0818368880481
38.5,23.5,419.21869728140217
38.5,24.5,419.2638161395444
38.5,25.5,419.3109852589103
38.5,26.5,419.4450504267476
38.5,27.5,419.44397910613856
38.5,28.5,419.2599839755158
38.5,29.5,419.155115166569
38.5,30.5,419.0883602117275
38.5,31.5,419.13690462955975
38.5,32.5,419.1715763178328
38.5,33.5,419.1951212267781
38.5,34.5,419.165062719544
38.5,35.5,419.1756630437048
38.5,36.5,419.13746121482575
38.5,37.5,419.1162871660428
38.5,38.5,419.220303716569
38.5,39.5,419.27829045894174
38.5,40.5,419.2762808886057
38.5,41.5,419.2647895592538
38.5,42.5,419.20288942687904
38.5,43.5,419.09919642593553
38.5,44.5,419.340004805809
38.5,45.5,419.3869364430888
38.5,46.5,419.3764857506949
38.5,47.5,419.2896828869826
38.5,48.5,419.4171604432372
38.5,49.5,419.8037969613548
38.5,50.5,419.83469310367866
38.5,51.5,419.8350611018896
38.5,52.5,419.8237015900049
38.5,53.5,419.79757106284
38.5,54.5,419.75409135823816
38.5,55.5,419.6644612382331
38.5,56.5,419.5056815522233
38.5,57.5,419.57317412247903
38.5,58.5,419.6520043709609
38.5,59.5,419.6081649323569
38.5,60.5,419.55152916512384
38.5,61.5,419.4971952014294
38.5,62.5,419.4817577053963
38.5,63.5,419.4787895835158
38.5,64.5,419.488081657562
38.5,65.5,419.4870767293148
38.5,66.5,419.40092781733387
38.5,67.5,419.1196715353335
38.5,68.5,419.134786178477
38.5,69.5,419.3623478808884
38.5,70.5,418.687606990161
38.5,71.5,418.6336876880396
38.5,72.5,418.4145371011528
38.5,73.5,418.4201928722157
38.5,74.5,418.3572728634248
38.5,75.5,418.8593103734984
38.5,76.5,418.9449346431024
38.5,77.5,419.3030276273354
38.5,78.5,419.2869543745332
38.5,79.5,419.2836917559291
38.5,80.5,419.31174342373896
38.5,81.5,419.3355750617803
38.5,82.5,419.3398113634087
38.5,83.5,419.3211480723159
38.5,84.5,419.3181678698839
38.5,85.5,419.32301163056667
38.5,86.5,419.32781824961
38.5,87.5,418.5569343046431
38.5,88.5,418.56702850553
38.5,89.5,418.6676181042076
38.5,90.5,418.77665992834886
38.5,91.5,418.8228618643444
38.5,92.5,418.8277673180649
38.5,93.5,418.8976880564915
38.5,94.5,418.8569236883221
38.5,95.5,418.515401415836
38.5,96.5,418.4179898283479
38.5,97.5,418.45990951679175
38.5,98.5,418.5403310355298
38.5,99.5,418.6288286317443
38.5,100.5,419.1926803340551
38.5,101.5,419.41434914429607
38.5,102.5,419.5726309765751
38.5,103.5,419.80241089589134
38.5,104.5,419.8100998867444
38.5,105.5,419.90391712399
38.5,106.5,420.2773060355863
38.5,107.5,419.98802050111806
38.5,108.5,420.09340959945735
38.5,109.5,420.2268710306444
38.5,110.5,420.33941046247634
38.5,111.5,420.16415524839454
38.5,112.5,420.4308901178111
38.5,113.5,420.6099457123909
38.5,114.5,421.425472004004
38.5,115.5,421.6182091189454
38.5,116.5,421.7529816419693
38.5,117.5,421.6279609006119
38.5,118.5,421.418763047057
38.5,119.5,421.33129333786553
38.5,120.5,421.2816082304065
38.5,121.5,421.2789683267047
38.5,122.5,421.2635713370089
38.5,123.5,421.242770575996
38.5,124.5,421.1952013696544
38.5,125.5,421.13909219458014
38.5,126.5,421.0324574106105
38.5,127.5,420.9059219568617
38.5,128.5,420.87904562862656
38.5,129.5,421.1238649952807
38.5,130.5,421.0907495639297
38.5,131.5,421.0613414593847
38.5,132.5,421.0379399471348
38.5,133.5,421.0120419112967
38.5,134.5,420.99428043801794
38.5,135.5,420.9849360167306
38.5,136.5,420.9762092887017
38.5,137.5,420.98378165136
38.5,138.5,420.9978116003916
38.5,139.5,420.85602681684577
38.5,140.5,420.8452606137077
38.5,141.5,420.96394434005833
38.5,142.5,420.915077537649
38.5,143.5,420.8621714675394
38.5,144.5,420.81303391009726
38.5,145.5,420.769495100173
38.5,146.5,420.7270792775281
38.5,147.5,420.6912058901856
38.5,148.5,420.6622519204199
38.5,149.5,420.6351836839027
38.5,150.5,420.6135942536803
38.5,151.5,420.5985498142389
38.5,152.5,420.583152059684
38.5,153.5,420.56114802215296
38.5,154.5,420.5390440352821
38.5,155.5,420.5118312730677
38.5,156.5,420.4894105189006
38.5,157.5,420.469306353539
38.5,158.5,420.4995315432084
38.5,159.5,420.4414789177345
38.5,160.5,420.42409062577696
38.5,161.5,420.4019273720732
38.5,162.5,420.4143700855645
38.5,163.5,420.345667644132
38.5,164.5,420.3191458185599
38.5,165.5,420.28982821476114
38.5,166.5,420.2695656272803
38.5,167.5,420.2554881937159
38.5,168.5,420.2466010320292
38.5,169.5,420.2399545137184
38.5,170.5,420.2322278849804
38.5,171.5,420.2249066880793
38.5,172.5,420.21523652944336
38.5,173.5,420.2008531828443
38.5,174.5,420.1840337176261
38.5,175.5,420.16400057107
38.5,176.5,420.1432348484547
38.5,177.5,420.126871106393
38.5,178.5,420.116112877952
38.5,179.5,420.1112618285306
39.5,-179.5,420.1078195367704
39.5,-178.5,420.1073446294182
39.5,-177.5,420.106382079032
39.5,-176.5,420.104701240784
39.5,-175.5,420.1021754720636
39.5,-174.5,420.10024521761727
39.5,-173.5,420.1013686641427
39.5,-172.5,420.1044091015244
39.5,-171.5,420.10832809227975
39.5,-170.5,420.1124142906557
39.5,-169.5,420.11945894331984
39.5,-168.5,420.1296843624488
39.5,-167.5,420.1355111015783
39.5,-166.5,420.1389529744316
39.5,-165.5,420.1394357749548
39.5,-164.5,420.1404049959941
39.5,-163.5,420.1426616632169
39.5,-162.5,420.1722028640202
39.5,-161.5,420.1442414669718
39.5,-160.5,420.13841424489567
39.5,-159.5,420.128525479718
39.5,-158.5,420.115576752829
39.5,-157.5,420.0999775326925
39.5,-156.5,420.0839422525206
39.5,-155.5,420.0666817875204
39.5,-154.5,420.0551145337249
39.5,-153.5,420.0462508383716
39.5,-152.5,420.0391394510583
39.5,-151.5,420.02915480698033
39.5,-150.5,420.0184746255643
39.5,-149.5,420.0075280379184
39.5,-148.5,419.9985160167645
39.5,-147.5,419.9922845305609
39.5,-146.5,419.9896862459343
39.5,-145.5,419.9866891097753
39.5,-144.5,419.9842928056324
39.5,-143.5,419.9801769401386
39.5,-142.5,419.9738957025337
39.5,-141.5,419.9685509079327
39.5,-140.5,419.9641493934826
39.5,-139.5,419.9576325494969
39.5,-138.5,419.9490305863377
39.5,-137.5,419.9459874569386
39.5,-136.5,419.944497485553
39.5,-135.5,419.9440674951813
39.5,-134.5,419.9478125114457
39.5,-133.5,419.945067946861
39.5,-132.5,419.9386647924254
39.5,-131.5,419.9287313026632
39.5,-130.5,419.9195035843719
39.5,-129.5,419.9106229077654
39.5,-128.5,419.9048053513194
39.5,-127.5,419.90486514717975
39.5,-126.5,419.9133342015815
39.5,-125.5,419.93547859246553
39.5,-124.5,419.9816069602253
39.5,-123.5,420.0071614767124
39.5,-122.5,420.004498777653
39.5,-121.5,420.1487139577156
39.5,-120.5,419.7659141815799
39.5,-119.5,419.61229777273
39.5,-118.5,419.8279896498467
39.5,-117.5,419.74327894292855
39.5,-116.5,419.65688744875695
39.5,-115.5,419.6948218460964
39.5,-114.5,419.6619540302922
39.5,-113.5,419.8712515703773
39.5,-112.5,419.90582960559954
39.5,-111.5,419.7345542965044
39.5,-110.5,419.83344072952485
39.5,-109.5,419.8707085649352
39.5,-108.5,419.7387648575214
39.5,-107.5,419.6749264465838
39.5,-106.5,419.4390512342108
39.5,-105.5,419.4029779047408
39.5,-104.5,420.0719015811365
39.5,-103.5,419.92145952865945
39.5,-102.5,419.91606444551417
39.5,-101.5,419.9171885005055
39.5,-100.5,419.9294173883903
39.5,-99.5,419.9584296362075
39.5,-98.5,419.9448560434143
39.5,-97.5,419.92030123270587
39.5,-96.5,419.8997320304577
39.5,-95.5,419.83059090378407
39.5,-94.5,419.80084313925903
39.5,-93.5,419.7612268937733
39.5,-92.5,419.7070930527037
39.5,-91.5,419.6993911694754
39.5,-90.5,419.7174639190401
39.5,-89.5,419.688763144357
39.5,-88.5,419.6615997531536
39.5,-87.5,419.6796491144894
39.5,-86.5,419.6324796760139
39.5,-85.5,419.5984842786701
39.5,-84.5,419.5971322577624
39.5,-83.5,419.5972975377279
39.5,-82.5,419.6386455159685
39.5,-81.5,419.6058214074559
39.5,-80.5,419.4924668155584
39.5,-79.5,419.3900009575516
39.5,-78.5,419.4088380982538
39.5,-77.5,419.62032990878026
39.5,-76.5,419.73704493523866
39.5,-75.5,419.7825688285821
39.5,-74.5,419.7779396307132
39.5,-73.5,419.74887743670257
39.5,-72.5,419.72108947752616
39.5,-71.5,419.7038120183703
39.5,-70.5,419.713327666032
39.5,-69.5,419.7170284088322
39.5,-68.5,419.7283697691344
39.5,-67.5,419.73233322675566
39.5,-66.5,419.736142974628
39.5,-65.5,419.7481648033388
39.5,-64.5,419.7529273612221
39.5,-63.5,419.7602232775605
39.5,-62.5,419.7799360229489
39.5,-61.5,419.78694535722855
39.5,-60.5,419.7937551964813
39.5,-59.5,419.8015116936327
39.5,-58.5,419.8126429713442
39.5,-57.5,419.8170935433436
39.5,-56.5,419.8143687601032
39.5,-55.5,419.811207294445
39.5,-54.5,419.8095891698496
39.5,-53.5,419.8058185236145
39.5,-52.5,419.8007241482181
39.5,-51.5,419.7941070485482
39.5,-50.5,419.7850931425096
39.5,-49.5,419.7757922456876
39.5,-48.5,419.76693701459135
39.5,-47.5,419.7544013793112
39.5,-46.5,419.7402000405592
39.5,-45.5,419.7236195100297
39.5,-44.5,419.7074603003949
39.5,-43.5,419.6907627785553
39.5,-42.5,419.67202408956615
39.5,-41.5,419.6515449491596
39.5,-40.5,419.6289194621018
39.5,-39.5,419.6080639392169
39.5,-38.5,419.5870164426118
39.5,-37.5,419.5659349863639
39.5,-36.5,419.54486247740346
39.5,-35.5,419.5264252203261
39.5,-34.5,419.5058599904036
39.5,-33.5,419.4856055065419
39.5,-32.5,419.4643533990375
39.5,-31.5,419.4427559892428
39.5,-30.5,419.4241146786343
39.5,-29.5,419.4066143063984
39.5,-28.5,419.389166320192
39.5,-27.5,419.3717801000629
39.5,-26.5,419.3541854775604
39.5,-25.5,419.337277119554
39.5,-24.5,419.3249032947339
39.5,-23.5,419.3111189304191
39.5,-22.5,419.3004177881387
39.5,-21.5,419.2911247694208
39.5,-20.5,419.28417700547743
39.5,-19.5,419.2789147129264
39.5,-18.5,419.27439614096807
39.5,-17.5,419.269979345508
39.5,-16.5,419.26647368860085
39.5,-15.5,419.2678176458859
39.5,-14.5,419.272416195216
39.5,-13.5,419.2797422053785
39.5,-12.5,419.294200389877
39.5,-11.5,419.3162216343743
39.5,-10.5,419.34304471619794
39.5,-9.5,419.3805392508393
39.5,-8.5,419.3980525739677
39.5,-7.5,419.4481442279484
39.5,-6.5,419.4876901240376
39.5,-5.5,419.4741246087021
39.5,-4.5,419.45361589028994
39.5,-3.5,419.4759711373776
39.5,-2.5,419.4676269728178
39.5,-1.5,419.4689008798809
39.5,-0.5,419.7360944452836
39.5,0.5,419.77352747291184
39.5,1.5,419.7205172393696
39.5,2.5,419.7196304479038
39.5,3.5,419.7068218999344
39.5,4.5,419.6952471015297
39.5,5.5,419.6810290275596
39.5,6.5,419.68233312777454
39.5,7.5,419.6720129146462
39.5,8.5,419.6327538047974
39.5,9.5,419.601487552821
39.5,10.5,419.5784732979657
39.5,11.5,419.54631646717513
39.5,12.5,419.5053274409033
39.5,13.5,419.4702741816991
39.5,14.5,419.4447172731079
39.5,15.5,419.3895038158974
39.5,16.5,419.2521365521057
39.5,17.5,419.359471006465
39.5,18.5,419.3280292681157
39.5,19.5,419.26737883102095
39.5,20.5,419.1281327566387
39.5,21.5,418.9795844757651
39.5,22.5,419.0672788099391
39.5,23.5,419.177117137082
39.5,24.5,419.2136937132111
39.5,25.5,419.2662430029153
39.5,26.5,419.2892402840544
39.5,27.5,419.3022753311318
39.5,28.5,419.219152971544
39.5,29.5,419.12624603147367
39.5,30.5,419.1201967584034
39.5,31.5,419.1842391243217
39.5,32.5,419.2294522767581
39.5,33.5,419.18423275264354
39.5,34.5,419.1409235930656
39.5,35.5,419.102821739926
39.5,36.5,419.10924324183736
39.5,37.5,419.0756200021666
39.5,38.5,419.0617617530954
39.5,39.5,419.03058041497104
39.5,40.5,419.0402207198691
39.5,41.5,419.0704304486517
39.5,42.5,419.1263532980038
39.5,43.5,419.0840056181071
39.5,44.5,419.2335749881981
39.5,45.5,419.22279696980667
39.5,46.5,419.40414139372393
39.5,47.5,419.57053527444646
39.5,48.5,419.76990648492114
39.5,49.5,419.7742287674096
39.5,50.5,419.7654189425763
39.5,51.5,419.7588484218202
39.5,52.5,419.7450719388183
39.5,53.5,419.71868175066606
39.5,54.5,419.63360636492143
39.5,55.5,419.6264825754354
39.5,56.5,419.5952305807928
39.5,57.5,419.5849868672327
39.5,58.5,419.54385383333886
39.5,59.5,419.502404977768
39.5,60.5,419.4799742393758
39.5,61.5,419.4601352398317
39.5,62.5,419.4460713854908
39.5,63.5,419.4406320395932
39.5,64.5,419.4250191776769
39.5,65.5,419.4228240451527
39.5,66.5,419.3739129289795
39.5,67.5,418.90555002722766
39.5,68.5,418.8949268676815
39.5,69.5,418.7419207764469
39.5,70.5,418.72431128622856
39.5,71.5,418.5166284394718
39.5,72.5,418.50921724947386
39.5,73.5,418.4942962968268
39.5,74.5,418.5039558839256
39.5,75.5,419.23130880294497
39.5,76.5,419.2719254626039
39.5,77.5,419.2699494323627
39.5,78.5,419.2992584096775
39.5,79.5,419.3066219067839
39.5,80.5,419.31668965324445
39.5,81.5,419.3682858434635
39.5,82.5,419.3816999698672
39.5,83.5,419.4106973275097
39.5,84.5,419.4197075387406
39.5,85.5,419.3974631575759
39.5,86.5,419.3983353618698
39.5,87.5,419.3849672349992
39.5,88.5,419.38448260727375
39.5,89.5,419.3875076347189
39.5,90.5,419.1429955826998
39.5,91.5,419.1377434503605
39.5,92.5,419.1622763173456
39.5,93.5,419.1468000587711
39.5,94.5,419.1881201269561
39.5,95.5,419.0379924358755
39.5,96.5,418.5142274756385
39.5,97.5,418.55501750964817
39.5,98.5,418.97068005873854
39.5,99.5,419.3994589188139
39.5,100.5,419.56821296916365
39.5,101.5,419.563903327043
39.5,102.5,419.63675570407446
39.5,103.5,419.6595877464649
39.5,104.5,419.719976513854
39.5,105.5,419.7860654322327
39.5,106.5,419.8292000320373
39.5,107.5,419.7902952421097
39.5,108.5,419.8340283710522
39.5,109.5,420.01215222908354
39.5,110.5,420.2233452890114
39.5,111.5,420.38855074814336
39.5,112.5,420.1324026145848
39.5,113.5,420.1861539628728
39.5,114.5,420.26384404479
39.5,115.5,421.0319649956309
39.5,116.5,421.861136324194
39.5,117.5,421.602545546098
39.5,118.5,421.3180649877999
39.5,119.5,421.1982320934569
39.5,120.5,421.21900416798536
39.5,121.5,421.23635799765935
39.5,122.5,421.2305367347335
39.5,123.5,421.2755060782077
39.5,124.5,421.2038815151058
39.5,125.5,421.0903875864327
39.5,126.5,420.6154020767812
39.5,127.5,420.8959864241712
39.5,128.5,420.9852168442922
39.5,129.5,421.0204215351772
39.5,130.5,421.0195762862901
39.5,131.5,420.9926837453328
39.5,132.5,420.97752474288194
39.5,133.5,420.96074547048346
39.5,134.5,420.9405584969717
39.5,135.5,420.9214716183424
39.5,136.5,420.90939456008135
39.5,137.5,420.9067547211899
39.5,138.5,420.9311475945261
39.5,139.5,420.9525274662775
39.5,140.5,420.8163456612487
39.5,141.5,420.7628065998772
39.5,142.5,420.7687842485906
39.5,143.5,420.8210889433112
39.5,144.5,420.7801607113684
39.5,145.5,420.7360253396116
39.5,146.5,420.7001966708273
39.5,147.5,420.6641942251953
39.5,148.5,420.6360367918475
39.5,149.5,420.6106068366598
39.5,150.5,420.5904696883562
39.5,151.5,420.57579397276766
39.5,152.5,420.560499073333
39.5,153.5,420.5433154376692
39.5,154.5,420.5215828214444
39.5,155.5,420.4944314186621
39.5,156.5,420.4684061555515
39.5,157.5,420.4473614327437
39.5,158.5,420.433506927577
39.5,159.5,420.4225785838087
39.5,160.5,420.40982398878623
39.5,161.5,420.3916133903783
39.5,162.5,420.36901652755535
39.5,163.5,420.342364000262
39.5,164.5,420.3160603137788
39.5,165.5,420.2931602053482
39.5,166.5,420.2757411933772
39.5,167.5,420.26093172027765
39.5,168.5,420.2472629307092
39.5,169.5,420.2389617614035
39.5,170.5,420.2338982978941
39.5,171.5,420.2266942583731
39.5,172.5,420.21698619989513
39.5,173.5,420.2042420501176
39.5,174.5,420.1898973997456
39.5,175.5,420.1710510478876
39.5,176.5,420.1512648243904
39.5,177.5,420.1340755537561
39.5,178.5,420.1198706061963
39.5,179.5,420.1121144953043
40.5,-179.5,420.1083649316024
40.5,-178.5,420.1057073944663
40.5,-177.5,420.1012666563285
40.5,-176.5,420.09529378572256
40.5,-175.5,420.0901012536544
40.5,-174.5,420.0852686682804
40.5,-173.5,420.08311771344165
40.5,-172.5,420.0840509214328
40.5,-171.5,420.08790111370513
40.5,-170.5,420.09258418552514
40.5,-169.5,420.0994887622945
40.5,-168.5,420.1078034256621
40.5,-167.5,420.1159927437471
40.5,-166.5,420.12472192571033
40.5,-165.5,420.1293453202585
40.5,-164.5,420.1285449703901
40.5,-163.5,420.1279867438856
40.5,-162.5,420.12857030386783
40.5,-161.5,420.1278032335204
40.5,-160.5,420.1216849096739
40.5,-159.5,420.11255961272377
40.5,-158.5,420.1002577280373
40.5,-157.5,420.08390098684725
40.5,-156.5,420.069333881446
40.5,-155.5,420.0563666125749
40.5,-154.5,420.0450365115024
40.5,-153.5,420.03811417955205
40.5,-152.5,420.0312332223111
40.5,-151.5,420.0256092744776
40.5,-150.5,420.02785267780433
40.5,-149.5,420.0094895791723
40.5,-148.5,420.0009572438882
40.5,-147.5,420.0009746233384
40.5,-146.5,419.9840334392935
40.5,-145.5,419.9842756150781
40.5,-144.5,419.9684775909084
40.5,-143.5,419.9608096732809
40.5,-142.5,419.9501232244901
40.5,-141.5,419.9402302513045
40.5,-140.5,419.9290603511954
40.5,-139.5,419.9226301468676
40.5,-138.5,419.9130118946506
40.5,-137.5,419.905504173921
40.5,-136.5,419.90217360270987
40.5,-135.5,419.9007876383602
40.5,-134.5,419.92183871730754
40.5,-133.5,419.9041439989353
40.5,-132.5,419.9197022626424
40.5,-131.5,419.8971894481394
40.5,-130.5,419.88790584466585
40.5,-129.5,419.879037389152
40.5,-128.5,419.8722433147741
40.5,-127.5,419.8732451753119
40.5,-126.5,419.8797615095016
40.5,-125.5,419.9079574558696
40.5,-124.5,419.9355430147469
40.5,-123.5,419.83116639537513
40.5,-122.5,420.04989605903006
40.5,-121.5,419.6729390034101
40.5,-120.5,419.65640831255104
40.5,-119.5,419.7493368646456
40.5,-118.5,419.78994972773046
40.5,-117.5,419.7402199801706
40.5,-116.5,419.6776934707344
40.5,-115.5,419.6215872328596
40.5,-114.5,419.77645294065314
40.5,-113.5,419.8447766952635
40.5,-112.5,419.9784342741598
40.5,-111.5,419.9910143190373
40.5,-110.5,419.60367253670455
40.5,-109.5,419.77613747967496
40.5,-108.5,419.7793671735477
40.5,-107.5,419.6565590230547
40.5,-106.5,419.4504686321401
40.5,-105.5,419.6792584537336
40.5,-104.5,419.9289044564124
40.5,-103.5,419.9022686308866
40.5,-102.5,419.8935618720718
40.5,-101.5,419.8405925127418
40.5,-100.5,419.8296619097972
40.5,-99.5,419.8133342597185
40.5,-98.5,419.779739341725
40.5,-97.5,419.7676281263429
40.5,-96.5,419.7592676134369
40.5,-95.5,419.7285797851552
40.5,-94.5,419.6587151344884
40.5,-93.5,419.6400090790585
40.5,-92.5,419.6224737320451
40.5,-91.5,419.64120499013256
40.5,-90.5,419.6313454371699
40.5,-89.5,419.6593555640271
40.5,-88.5,419.6262222988223
40.5,-87.5,419.65209918363394
40.5,-86.5,419.6136889787487
40.5,-85.5,419.5792548120645
40.5,-84.5,419.5618670241687
40.5,-83.5,419.555597311996
40.5,-82.5,419.5455712651105
40.5,-81.5,419.55570904456783
40.5,-80.5,419.6409398620313
40.5,-79.5,419.52270766294976
40.5,-78.5,419.4722881005858
40.5,-77.5,419.51606204233246
40.5,-76.5,419.594393796946
40.5,-75.5,419.6490642213052
40.5,-74.5,419.96808304978015
40.5,-73.5,419.8603306145863
40.5,-72.5,419.7288694576004
40.5,-71.5,419.6911705445457
40.5,-70.5,419.6813510072703
40.5,-69.5,419.687234358556
40.5,-68.5,419.6863912410372
40.5,-67.5,419.6938887428013
40.5,-66.5,419.6959139063656
40.5,-65.5,419.6999165389586
40.5,-64.5,419.7120891925876
40.5,-63.5,419.7198633708259
40.5,-62.5,419.7328602467553
40.5,-61.5,419.7504980662806
40.5,-60.5,419.7600479078243
40.5,-59.5,419.7687110936392
40.5,-58.5,419.77698215281697
40.5,-57.5,419.7858124101359
40.5,-56.5,419.78807011661706
40.5,-55.5,419.7927748769887
40.5,-54.5,419.7965766931683
40.5,-53.5,419.7991175960044
40.5,-52.5,419.7963679489088
40.5,-51.5,419.7882493121646
40.5,-50.5,419.7769604021786
40.5,-49.5,419.7657693869791
40.5,-48.5,419.7547877982105
40.5,-47.5,419.7412776675784
40.5,-46.5,419.7648221161374
40.5,-45.5,419.70860949032254
40.5,-44.5,419.69123767447286
40.5,-43.5,419.6743777448485
40.5,-42.5,419.6582791596988
40.5,-41.5,419.64197139354553
40.5,-40.5,419.6219251791389
40.5,-39.5,419.60084344235935
40.5,-38.5,419.57956477430366
40.5,-37.5,419.55826402724256
40.5,-36.5,419.5370014271331
40.5,-35.5,419.5180826717312
40.5,-34.5,419.49827757619664
40.5,-33.5,419.4790617215646
40.5,-32.5,419.460405178657
40.5,-31.5,419.44183990939325
40.5,-30.5,419.42396073088906
40.5,-29.5,419.4068325115596
40.5,-28.5,419.3883742651221
40.5,-27.5,419.3694522702635
40.5,-26.5,419.3505709799469
40.5,-25.5,419.3335255528324
40.5,-24.5,419.3187893747823
40.5,-23.5,419.30412539352
40.5,-22.5,419.2916096914647
40.5,-21.5,419.28072477660777
40.5,-20.5,419.2733125838615
40.5,-19.5,419.2702737606953
40.5,-18.5,419.2646136364529
40.5,-17.5,419.2595723259749
40.5,-16.5,419.25766215748695
40.5,-15.5,419.2603158704856
40.5,-14.5,419.2658927430621
40.5,-13.5,419.2745703261165
40.5,-12.5,419.28954184369456
40.5,-11.5,419.3108439493514
40.5,-10.5,419.3402689475321
40.5,-9.5,419.387250768584
40.5,-8.5,419.4289130511951
40.5,-7.5,419.3562033641874
40.5,-6.5,419.354135011847
40.5,-5.5,419.2545812739284
40.5,-4.5,419.5473071297549
40.5,-3.5,419.4777634690661
40.5,-2.5,419.34272811088937
40.5,-1.5,419.330120964078
40.5,-0.5,419.5115578375567
40.5,0.5,419.578778239196
40.5,1.5,419.7670191528819
40.5,2.5,419.74437746956806
40.5,3.5,419.7170938909286
40.5,4.5,419.6974758116597
40.5,5.5,419.6797086591129
40.5,6.5,419.67046253025336
40.5,7.5,419.65837185894935
40.5,8.5,419.6097529770181
40.5,9.5,419.50586312080577
40.5,10.5,419.58242519021707
40.5,11.5,419.554535430626
40.5,12.5,419.5170908907088
40.5,13.5,419.48105635392005
40.5,14.5,419.4230277205206
40.5,15.5,419.1961218282835
40.5,16.5,419.2628423413531
40.5,17.5,419.3700640132684
40.5,18.5,419.3311912108434
40.5,19.5,419.2124417315348
40.5,20.5,418.8796624088146
40.5,21.5,418.91355263639895
40.5,22.5,419.1331908189838
40.5,23.5,419.0595171949192
40.5,24.5,419.1291890144085
40.5,25.5,419.18415815620654
40.5,26.5,419.21296455196745
40.5,27.5,419.319520539257
40.5,28.5,419.37936911901886
40.5,29.5,419.2802622611837
40.5,30.5,419.2267309438363
40.5,31.5,419.0917408831009
40.5,32.5,419.03644393310526
40.5,33.5,419.0544081639327
40.5,34.5,419.1181879248437
40.5,35.5,419.13462826495066
40.5,36.5,419.14322293106665
40.5,37.5,419.0954920244367
40.5,38.5,419.0743280408094
40.5,39.5,419.0574639202883
40.5,40.5,418.89470701110736
40.5,41.5,418.9904574579496
40.5,42.5,419.0085700434664
40.5,43.5,419.0602413935777
40.5,44.5,419.25447572600416
40.5,45.5,419.0944933157903
40.5,46.5,419.27150131682
40.5,47.5,419.652452091128
40.5,48.5,419.5223781150739
40.5,49.5,419.7160103506944
40.5,50.5,419.7295329140986
40.5,51.5,419.6753490258008
40.5,52.5,419.67559829640527
40.5,53.5,419.6302194080153
40.5,54.5,419.5651909676854
40.5,55.5,419.5030044256709
40.5,56.5,419.5000800048834
40.5,57.5,419.4893252389598
40.5,58.5,419.4630367327609
40.5,59.5,419.456683619985
40.5,60.5,419.4223878071458
40.5,61.5,419.4041299769265
40.5,62.5,419.3867785915875
40.5,63.5,419.3676067313124
40.5,64.5,419.355208878885
40.5,65.5,419.3234144012077
40.5,66.5,419.2749326065906
40.5,67.5,419.39222314565575
40.5,68.5,419.52718509382737
40.5,69.5,419.35773108291664
40.5,70.5,419.4127234017016
40.5,71.5,419.51074086668126
40.5,72.5,419.51179772876816
40.5,73.5,419.23228067959406
40.5,74.5,418.6816324374316
40.5,75.5,418.50686107516015
40.5,76.5,418.7327491593621
40.5,77.5,418.7376858438501
40.5,78.5,418.7392509061227
40.5,79.5,419.18473570297016
40.5,80.5,419.3297205884477
40.5,81.5,419.37971630676407
40.5,82.5,419.42514720183976
40.5,83.5,419.4805476231186
40.5,84.5,419.4821288276299
40.5,85.5,419.4928638601338
40.5,86.5,419.4769457603753
40.5,87.5,419.47274403527393
40.5,88.5,419.4450108397753
40.5,89.5,419.4132867127227
40.5,90.5,419.4244503577598
40.5,91.5,419.42799847749615
40.5,92.5,419.39785989958426
40.5,93.5,419.35200778801874
40.5,94.5,419.3447527913274
40.5,95.5,419.30818383085193
40.5,96.5,419.2412563668009
40.5,97.5,419.1885274068716
40.5,98.5,419.4396928641406
40.5,99.5,419.4630393899606
40.5,100.5,419.52123086015865
40.5,101.5,419.54780064540176
40.5,102.5,419.56385557958913
40.5,103.5,419.56088509046447
40.5,104.5,419.6010352260717
40.5,105.5,419.62010094946135
40.5,106.5,419.6458929841273
40.5,107.5,419.7353829527704
40.5,108.5,419.7692416300782
40.5,109.5,420.0822125493757
40.5,110.5,419.9835670158554
40.5,111.5,420.040025575531
40.5,112.5,420.28134644318095
40.5,113.5,420.01299892176365
40.5,114.5,419.97917318605903
40.5,115.5,420.2670313424128
40.5,116.5,421.3108845773616
40.5,117.5,420.9964948230642
40.5,118.5,420.9341243874455
40.5,119.5,420.61765968425794
40.5,120.5,420.7904761263438
40.5,121.5,421.14604541502143
40.5,122.5,421.2679029749237
40.5,123.5,421.0774852993336
40.5,124.5,421.05876204957247
40.5,125.5,420.69925843765554
40.5,126.5,420.3136173721749
40.5,127.5,420.0301531286863
40.5,128.5,420.6095293087294
40.5,129.5,420.9152847869349
40.5,130.5,420.9448602937839
40.5,131.5,420.9312391608237
40.5,132.5,420.9153422087396
40.5,133.5,420.8980721494472
40.5,134.5,420.87035625840014
40.5,135.5,420.8569826486655
40.5,136.5,420.8455751861927
40.5,137.5,420.8356133456205
40.5,138.5,420.8479464760026
40.5,139.5,420.803221375275
40.5,140.5,420.74979983316496
40.5,141.5,420.7748801597018
40.5,142.5,420.7920740535962
40.5,143.5,420.76733659704286
40.5,144.5,420.7341924483786
40.5,145.5,420.6988965341756
40.5,146.5,420.6668366815086
40.5,147.5,420.63294944953975
40.5,148.5,420.6079338484816
40.5,149.5,420.58486745312337
40.5,150.5,420.56453670431074
40.5,151.5,420.5491770916458
40.5,152.5,420.5329367296018
40.5,153.5,420.51348996529657
40.5,154.5,420.4919528002372
40.5,155.5,420.4662374104556
40.5,156.5,420.4433460511669
40.5,157.5,420.42430659005913
40.5,158.5,420.4086294377926
40.5,159.5,420.3925089097547
40.5,160.5,420.3785462879037
40.5,161.5,420.3638327369426
40.5,162.5,420.3471637456987
40.5,163.5,420.3242968671326
40.5,164.5,420.30126723590433
40.5,165.5,420.2828217039624
40.5,166.5,420.2678346045717
40.5,167.5,420.2526379696825
40.5,168.5,420.2402696314378
40.5,169.5,420.23245607648704
40.5,170.5,420.2265908785725
40.5,171.5,420.219172949041
40.5,172.5,420.2084875631575
40.5,173.5,420.1974059098121
40.5,174.5,420.1862109323605
40.5,175.5,420.17328536761966
40.5,176.5,420.1572572048304
40.5,177.5,420.1420876531253
40.5,178.5,420.1263828550928
40.5,179.5,420.1141660980863
41.5,-179.5,420.1040918912214
41.5,-178.5,420.10013458014686
41.5,-177.5,420.093035769979
41.5,-176.5,420.0833987260193
41.5,-175.5,420.0737693010506
41.5,-174.5,420.06840017446
41.5,-173.5,420.064660833711
41.5,-172.5,420.0638257093251
41.5,-171.5,420.0655670280235
41.5,-170.5,420.0715344153669
41.5,-169.5,420.0786858807047
41.5,-168.5,420.0878313496535
41.5,-167.5,420.096569070118
41.5,-166.5,420.1046176557426
41.5,-165.5,420.1125108792699
41.5,-164.5,420.1155319674954
41.5,-163.5,420.1138202132928
41.5,-162.5,420.1107203256014
41.5,-161.5,420.1066518532616
41.5,-160.5,420.09969419334914
41.5,-159.5,420.09071693187445
41.5,-158.5,420.0781686542816
41.5,-157.5,420.0614980587858
41.5,-156.5,420.046671356113
41.5,-155.5,420.0377878005195
41.5,-154.5,420.0297528722442
41.5,-153.5,420.0228388822725
41.5,-152.5,420.0180684110908
41.5,-151.5,420.0140559161285
41.5,-150.5,420.0091694601449
41.5,-149.5,420.0035761373085
41.5,-148.5,419.9970243311429
41.5,-147.5,419.9885709201813
41.5,-146.5,419.97903204219375
41.5,-145.5,419.9678229455389
41.5,-144.5,419.9553917500116
41.5,-143.5,419.94066503783847
41.5,-142.5,419.9279508378291
41.5,-141.5,419.9158557407303
41.5,-140.5,419.9076477115965
41.5,-139.5,419.8908699730819
41.5,-138.5,419.8826428511583
41.5,-137.5,419.8729300262482
41.5,-136.5,419.8629402635052
41.5,-135.5,419.86045236811617
41.5,-134.5,419.8609358404156
41.5,-133.5,419.8630673045233
41.5,-132.5,419.8665951115676
41.5,-131.5,419.8657005757925
41.5,-130.5,419.8587715599164
41.5,-129.5,419.8492267651196
41.5,-128.5,419.843982563954
41.5,-127.5,419.8432064566457
41.5,-126.5,419.8497356914052
41.5,-125.5,419.8786707649191
41.5,-124.5,419.9058926605279
41.5,-123.5,419.67190884186033
41.5,-122.5,419.6735793789236
41.5,-121.5,419.6179992118627
41.5,-120.5,419.61956031220905
41.5,-119.5,419.5589561336808
41.5,-118.5,419.6454944580149
41.5,-117.5,419.6611898683927
41.5,-116.5,419.6465341117664
41.5,-115.5,419.5949979930023
41.5,-114.5,419.66594101963983
41.5,-113.5,419.87511714885744
41.5,-112.5,419.9915676539061
41.5,-111.5,419.6903107679187
41.5,-110.5,419.61088015457193
41.5,-109.5,419.6877726051368
41.5,-108.5,419.69319754607136
41.5,-107.5,419.658397168674
41.5,-106.5,419.49924815903626
41.5,-105.5,419.5014931979856
41.5,-104.5,419.6865076996128
41.5,-103.5,419.7506651746256
41.5,-102.5,419.7810411706319
41.5,-101.5,419.7747189277782
41.5,-100.5,419.6983050573066
41.5,-99.5,419.673882409709
41.5,-98.5,419.66477857205024
41.5,-97.5,419.6737785334089
41.5,-96.5,419.7164835120581
41.5,-95.5,419.6264325750629
41.5,-94.5,419.58482682968577
41.5,-93.5,419.5294955818569
41.5,-92.5,419.5852624276197
41.5,-91.5,419.59796543776497
41.5,-90.5,419.6064290495924
41.5,-89.5,419.6240386088492
41.5,-88.5,419.6866355196141
41.5,-87.5,419.8853547384124
41.5,-86.5,419.7510864156717
41.5,-85.5,419.59646560663344
41.5,-84.5,419.5845967838296
41.5,-83.5,419.66936218437536
41.5,-82.5,419.6351144745613
41.5,-81.5,419.69951383428446
41.5,-80.5,419.5776035851145
41.5,-79.5,419.4617173852572
41.5,-78.5,419.3836276863736
41.5,-77.5,419.40366548868167
41.5,-76.5,419.4175489109303
41.5,-75.5,419.40038935945023
41.5,-74.5,419.7020998442042
41.5,-73.5,419.6559712164792
41.5,-72.5,419.64514575805606
41.5,-71.5,419.6944658564893
41.5,-70.5,419.6914810660342
41.5,-69.5,419.65164575178335
41.5,-68.5,419.6444665270244
41.5,-67.5,419.6461646041208
41.5,-66.5,419.6555755010532
41.5,-65.5,419.663508319548
41.5,-64.5,419.6738737647298
41.5,-63.5,419.6868282324977
41.5,-62.5,419.6992760547013
41.5,-61.5,419.7155126153745
41.5,-60.5,419.7314116042921
41.5,-59.5,419.7388483043112
41.5,-58.5,419.7434402131934
41.5,-57.5,419.7469248165522
41.5,-56.5,419.7533960497664
41.5,-55.5,419.7587276744411
41.5,-54.5,419.7641594642845
41.5,-53.5,419.7685489832798
41.5,-52.5,419.7681123706665
41.5,-51.5,419.7636164591779
41.5,-50.5,419.7535864873501
41.5,-49.5,419.7411615959371
41.5,-48.5,419.7296650786587
41.5,-47.5,419.7162713774182
41.5,-46.5,419.7014579671704
41.5,-45.5,419.68455786814496
41.5,-44.5,419.6670490129828
41.5,-43.5,419.6505020991928
41.5,-42.5,419.63817692300256
41.5,-41.5,419.6250558072396
41.5,-40.5,419.60898376160907
41.5,-39.5,419.59095955812
41.5,-38.5,419.5719318937741
41.5,-37.5,419.55225731046943
41.5,-36.5,419.5346264052204
41.5,-35.5,419.5180697374007
41.5,-34.5,419.4990425498082
41.5,-33.5,419.47841812806746
41.5,-32.5,419.4565463961199
41.5,-31.5,419.4373180981512
41.5,-30.5,419.42050288916704
41.5,-29.5,419.4047807217904
41.5,-28.5,419.3903621967471
41.5,-27.5,419.3739891999378
41.5,-26.5,419.3572115550277
41.5,-25.5,419.3387149654487
41.5,-24.5,419.3187756848342
41.5,-23.5,419.3017095177453
41.5,-22.5,419.2900095709599
41.5,-21.5,419.2806672120047
41.5,-20.5,419.2724391367419
41.5,-19.5,419.26399913609833
41.5,-18.5,419.2603807415141
41.5,-17.5,419.2505108853584
41.5,-16.5,419.2554012107344
41.5,-15.5,419.256759971773
41.5,-14.5,419.266102529726
41.5,-13.5,419.2748040945295
41.5,-12.5,419.2879224655956
41.5,-11.5,419.307705848376
41.5,-10.5,419.33652361675706
41.5,-9.5,419.3768388049154
41.5,-8.5,419.3883208463421
41.5,-7.5,419.2652080367107
41.5,-6.5,419.3555444181533
41.5,-5.5,419.3605970156871
41.5,-4.5,419.3756733969816
41.5,-3.5,419.337143698834
41.5,-2.5,419.3499100357695
41.5,-1.5,419.5230941175656
41.5,-0.5,419.57310911651024
41.5,0.5,419.649378063244
41.5,1.5,419.681906535343
41.5,2.5,419.827991003576
41.5,3.5,419.7255995617818
41.5,4.5,419.70498786639257
41.5,5.5,419.68501865467647
41.5,6.5,419.672335611087
41.5,7.5,419.6481734998882
41.5,8.5,419.6172794762098
41.5,9.5,419.5598525190031
41.5,10.5,419.5846392594831
41.5,11.5,419.57145769631074
41.5,12.5,419.5657418063162
41.5,13.5,419.38852974907616
41.5,14.5,419.3341939061477
41.5,15.5,419.31792396890194
41.5,16.5,419.3826734805231
41.5,17.5,419.36957634701776
41.5,18.5,419.32371358841306
41.5,19.5,419.229037016341
41.5,20.5,418.878176484964
41.5,21.5,418.92831923667467
41.5,22.5,418.91148928944335
41.5,23.5,418.8850606658876
41.5,24.5,418.8201759136659
41.5,25.5,418.9590512511887
41.5,26.5,419.1364524561567
41.5,27.5,419.1850614570773
41.5,28.5,419.3096902211688
41.5,29.5,419.46188194743786
41.5,30.5,419.3693487861566
41.5,31.5,419.316197632048
41.5,32.5,419.0830523371271
41.5,33.5,419.0389480138111
41.5,34.5,419.1022813006821
41.5,35.5,419.2780887165002
41.5,36.5,419.309172661952
41.5,37.5,419.380986928375
41.5,38.5,419.3994044798576
41.5,39.5,419.3917987728048
41.5,40.5,419.392004049622
41.5,41.5,419.12622210664017
41.5,42.5,418.9250818345738
41.5,43.5,419.1306068707075
41.5,44.5,419.3184745212175
41.5,45.5,419.4702767143876
41.5,46.5,419.1928481957437
41.5,47.5,419.1215567214915
41.5,48.5,419.57906708780223
41.5,49.5,419.60765250878734
41.5,50.5,419.6197692613135
41.5,51.5,419.58203451448185
41.5,52.5,419.5493647422421
41.5,53.5,419.5206920542486
41.5,54.5,419.4663857889381
41.5,55.5,419.4115598312261
41.5,56.5,419.4194844248071
41.5,57.5,419.4303136447407
41.5,58.5,419.4140723022117
41.5,59.5,419.3986998878132
41.5,60.5,419.39465512803815
41.5,61.5,419.368029311017
41.5,62.5,419.3515016836385
41.5,63.5,419.30762371458974
41.5,64.5,419.3116457002073
41.5,65.5,419.3153569893026
41.5,66.5,419.32665051517273
41.5,67.5,419.3599906641763
41.5,68.5,419.5392854808149
41.5,69.5,419.07451818872926
41.5,70.5,418.7629317457996
41.5,71.5,418.7851737838664
41.5,72.5,419.0159240500855
41.5,73.5,418.9809612611598
41.5,74.5,418.76691266397233
41.5,75.5,418.804562014912
41.5,76.5,418.6752562065209
41.5,77.5,418.3949054006432
41.5,78.5,418.3726926468276
41.5,79.5,418.49319691426274
41.5,80.5,419.19380447467125
41.5,81.5,419.2589872787897
41.5,82.5,419.3023916564215
41.5,83.5,419.4956949562417
41.5,84.5,419.5280502961649
41.5,85.5,419.4577379836415
41.5,86.5,419.4356060790346
41.5,87.5,419.3278987473352
41.5,88.5,419.31272245701945
41.5,89.5,419.3569492346796
41.5,90.5,419.37665791686766
41.5,91.5,419.3653449999037
41.5,92.5,419.333439574101
41.5,93.5,419.3022121573396
41.5,94.5,419.197084330507
41.5,95.5,419.1858810827011
41.5,96.5,419.1233138815981
41.5,97.5,419.20948195023504
41.5,98.5,419.35426059036286
41.5,99.5,419.40144886207486
41.5,100.5,419.4067436409866
41.5,101.5,419.4192894305471
41.5,102.5,419.42073258272745
41.5,103.5,419.42634903177833
41.5,104.5,419.4378242421036
41.5,105.5,419.45881236923225
41.5,106.5,419.4572646979055
41.5,107.5,419.522912979525
41.5,108.5,419.5729407294822
41.5,109.5,419.6333276725617
41.5,110.5,419.59660084069736
41.5,111.5,419.6451639722019
41.5,112.5,419.6558250727655
41.5,113.5,419.7447413025136
41.5,114.5,419.7360741493979
41.5,115.5,419.797182066316
41.5,116.5,419.8153678812986
41.5,117.5,419.90787537042826
41.5,118.5,419.9290951307017
41.5,119.5,420.0993093508481
41.5,120.5,420.3759592014845
41.5,121.5,420.7276631657506
41.5,122.5,421.7072531072511
41.5,123.5,422.0824330888002
41.5,124.5,420.8889343992731
41.5,125.5,420.68974836879255
41.5,126.5,420.5473590942016
41.5,127.5,420.17628868614986
41.5,128.5,419.9259559814524
41.5,129.5,420.2375312598152
41.5,130.5,420.89393964812615
41.5,131.5,420.8902474288773
41.5,132.5,420.8712350763013
41.5,133.5,420.8477282862849
41.5,134.5,420.8205402841576
41.5,135.5,420.8010032340344
41.5,136.5,420.7821049642731
41.5,137.5,420.77882863087393
41.5,138.5,420.77960798086974
41.5,139.5,420.7116879801224
41.5,140.5,420.7049882960152
41.5,141.5,420.7525208874846
41.5,142.5,420.7310398960317
41.5,143.5,420.7092814813892
41.5,144.5,420.6885883865731
41.5,145.5,420.6643218282933
41.5,146.5,420.6351546878854
41.5,147.5,420.6142801638493
41.5,148.5,420.5755364600088
41.5,149.5,420.5545393609684
41.5,150.5,420.5343693218933
41.5,151.5,420.51653273063886
41.5,152.5,420.5012398366836
41.5,153.5,420.4812641080258
41.5,154.5,420.45815297561273
41.5,155.5,420.4356357906794
41.5,156.5,420.4138002710656
41.5,157.5,420.3950490277623
41.5,158.5,420.3758686572339
41.5,159.5,420.3591418123696
41.5,160.5,420.3450817516042
41.5,161.5,420.37210476362446
41.5,162.5,420.31520877568175
41.5,163.5,420.295296546094
41.5,164.5,420.2734534180479
41.5,165.5,420.25670611901074
41.5,166.5,420.2419112540025
41.5,167.5,420.2294304347788
41.5,168.5,420.2197553070679
41.5,169.5,420.21360086037504
41.5,170.5,420.2075412781322
41.5,171.5,420.2002974081249
41.5,172.5,420.1913307555099
41.5,173.5,420.1823574806797
41.5,174.5,420.1719711365252
41.5,175.5,420.16096142366194
41.5,176.5,420.1485561772545
41.5,177.5,420.1359887709065
41.5,178.5,420.1225475008696
41.5,179.5,420.1114173103272
42.5,-179.5,420.090079207782
42.5,-178.5,420.0797809154122
42.5,-177.5,420.0702434920855
42.5,-176.5,420.0585781611156
42.5,-175.5,420.049854807341
42.5,-174.5,420.04518907065847
42.5,-173.5,420.0440118980269
42.5,-172.5,420.0433580285717
42.5,-171.5,420.0438806080927
42.5,-170.5,420.04669663196415
42.5,-169.5,420.051279141022
42.5,-168.5,420.0597078085804
42.5,-167.5,420.07078820629886
42.5,-166.5,420.08145405424136
42.5,-165.5,420.08609904668094
42.5,-164.5,420.0888836805637
42.5,-163.5,420.0871576354045
42.5,-162.5,420.0846266422519
42.5,-161.5,420.0819506826443
42.5,-160.5,420.0753527362753
42.5,-159.5,420.06584816685125
42.5,-158.5,420.0553429652613
42.5,-157.5,420.04012774274247
42.5,-156.5,420.02594396226834
42.5,-155.5,420.0159540826612
42.5,-154.5,420.0080175576279
42.5,-153.5,420.00149632956106
42.5,-152.5,419.9964953794633
42.5,-151.5,419.99155972990513
42.5,-150.5,419.9901521881607
42.5,-149.5,419.98792393346633
42.5,-148.5,419.9813707656558
42.5,-147.5,419.9739956891314
42.5,-146.5,419.97278133115714
42.5,-145.5,419.9529951232601
42.5,-144.5,419.9392147367289
42.5,-143.5,419.9194432195534
42.5,-142.5,419.9049015965123
42.5,-141.5,419.8902865232589
42.5,-140.5,419.8778350866157
42.5,-139.5,419.866289709972
42.5,-138.5,419.8562747486712
42.5,-137.5,419.8440045126613
42.5,-136.5,419.8331095767507
42.5,-135.5,419.8257917320968
42.5,-134.5,419.82409625680674
42.5,-133.5,419.8275806679943
42.5,-132.5,419.8328414183461
42.5,-131.5,419.8346876468032
42.5,-130.5,419.83069341921066
42.5,-129.5,419.82387987640834
42.5,-128.5,419.81909598162815
42.5,-127.5,419.8129053526685
42.5,-126.5,419.8202579512735
42.5,-125.5,419.840352753551
42.5,-124.5,419.85434663018646
42.5,-123.5,419.7858870850591
42.5,-122.5,419.6145119511079
42.5,-121.5,419.5625316241489
42.5,-120.5,419.5052873626676
42.5,-119.5,419.531393555813
42.5,-118.5,419.5655808138069
42.5,-117.5,419.6053345739995
42.5,-116.5,419.6810248402732
42.5,-115.5,419.70334710549366
42.5,-114.5,419.8036073676657
42.5,-113.5,419.8073809519088
42.5,-112.5,419.7834184815042
42.5,-111.5,419.63613039338816
42.5,-110.5,419.4986981279422
42.5,-109.5,419.4599859987785
42.5,-108.5,419.5978565686307
42.5,-107.5,419.5837378796768
42.5,-106.5,419.6304444799803
42.5,-105.5,419.6234928768053
42.5,-104.5,419.6932786460069
42.5,-103.5,419.7379638204492
42.5,-102.5,419.71273579460046
42.5,-101.5,419.6887970385523
42.5,-100.5,419.66957025983936
42.5,-99.5,419.623719659188
42.5,-98.5,419.6220279966622
42.5,-97.5,419.6272080383912
42.5,-96.5,419.637109760774
42.5,-95.5,419.5646966724164
42.5,-94.5,419.56178144427065
42.5,-93.5,419.52433301495057
42.5,-92.5,419.5226712462757
42.5,-91.5,419.52099535057016
42.5,-90.5,419.54209680532944
42.5,-89.5,419.5394192158588
42.5,-88.5,419.63753159815735
42.5,-87.5,419.73977438476936
42.5,-86.5,419.6914502304745
42.5,-85.5,419.5963045568502
42.5,-84.5,419.548124643944
42.5,-83.5,419.7081451772004
42.5,-82.5,419.7438237082886
42.5,-81.5,419.609824939368
42.5,-80.5,419.61057655443295
42.5,-79.5,419.58751849802206
42.5,-78.5,419.40316141159656
42.5,-77.5,419.3784437587593
42.5,-76.5,419.4196676600472
42.5,-75.5,419.3201574786521
42.5,-74.5,419.4390251275392
42.5,-73.5,419.4470342740942
42.5,-72.5,419.4773338544853
42.5,-71.5,419.6960102183855
42.5,-70.5,419.7260084409496
42.5,-69.5,419.6242297652215
42.5,-68.5,419.60148829736943
42.5,-67.5,419.6004063321667
42.5,-66.5,419.61249290682304
42.5,-65.5,419.6280293871159
42.5,-64.5,419.64060459019487
42.5,-63.5,419.6531778242363
42.5,-62.5,419.6655321682511
42.5,-61.5,419.680660647885
42.5,-60.5,419.695688116252
42.5,-59.5,419.7020822497321
42.5,-58.5,419.7054096208783
42.5,-57.5,419.70704702407215
42.5,-56.5,419.709533001526
42.5,-55.5,419.7167575842332
42.5,-54.5,419.7225212563256
42.5,-53.5,419.7262925745109
42.5,-52.5,419.7269337151268
42.5,-51.5,419.7237721760347
42.5,-50.5,419.7182666016894
42.5,-49.5,419.71110202436506
42.5,-48.5,419.7007520396852
42.5,-47.5,419.68951580004455
42.5,-46.5,419.67588902516974
42.5,-45.5,419.6608042180808
42.5,-44.5,419.6433609798453
42.5,-43.5,419.6296620162647
42.5,-42.5,419.641507410766
42.5,-41.5,419.60921392522056
42.5,-40.5,419.5961997910941
42.5,-39.5,419.5817834364877
42.5,-38.5,419.566189577984
42.5,-37.5,419.5497609041341
42.5,-36.5,419.5344393796993
42.5,-35.5,419.5173840656817
42.5,-34.5,419.49732660961735
42.5,-33.5,419.4732557932918
42.5,-32.5,419.44589334369806
42.5,-31.5,419.422835490325
42.5,-30.5,419.4038281015936
42.5,-29.5,419.3900867763181
42.5,-28.5,419.3781141739155
42.5,-27.5,419.3665070798283
42.5,-26.5,419.35203167868224
42.5,-25.5,419.33551098031336
42.5,-24.5,419.31704268197615
42.5,-23.5,419.299833808792
42.5,-22.5,419.2866731661464
42.5,-21.5,419.27561289267874
42.5,-20.5,419.2691992325685
42.5,-19.5,419.2661754558421
42.5,-18.5,419.2641480771084
42.5,-17.5,419.2639567417145
42.5,-16.5,419.2660037777092
42.5,-15.5,419.2714843472865
42.5,-14.5,419.2760517155797
42.5,-13.5,419.2815860210589
42.5,-12.5,419.2913261621326
42.5,-11.5,419.3074316074209
42.5,-10.5,419.3309947760644
42.5,-9.5,419.3664796964349
42.5,-8.5,419.3458429794992
42.5,-7.5,419.2889142214335
42.5,-6.5,419.1950827744109
42.5,-5.5,419.373212544922
42.5,-4.5,419.3449075076633
42.5,-3.5,419.3376330269311
42.5,-2.5,419.4508182426394
42.5,-1.5,419.4760182242714
42.5,-0.5,419.484799638606
42.5,0.5,419.276991039857
42.5,1.5,419.2913637991886
42.5,2.5,419.42682699469447
42.5,3.5,419.6917285564516
42.5,4.5,419.7097915267981
42.5,5.5,419.7001445049685
42.5,6.5,419.6873688570845
42.5,7.5,419.6639190896272
42.5,8.5,419.5677632910256
42.5,9.5,419.5479656008332
42.5,10.5,419.6005353678198
42.5,11.5,419.5911064084437
42.5,12.5,419.3834644152876
42.5,13.5,419.29710318652064
42.5,14.5,419.450824230415
42.5,15.5,419.4274496601307
42.5,16.5,419.3781859617732
42.5,17.5,419.3390918259842
42.5,18.5,419.2297389685414
42.5,19.5,418.9136684493532
42.5,20.5,418.8829741076781
42.5,21.5,418.98327099116494
42.5,22.5,418.8994488228411
42.5,23.5,418.8268624185311
42.5,24.5,418.96773677882425
42.5,25.5,419.04520353968144
42.5,26.5,419.0899215498527
42.5,27.5,419.2065411329643
42.5,28.5,419.2554757887996
42.5,29.5,419.2797887370682
42.5,30.5,419.3034911726009
42.5,31.5,419.31684031454006
42.5,32.5,419.3176241085123
42.5,33.5,419.3204353395549
42.5,34.5,419.33882996783024
42.5,35.5,419.3548485237056
42.5,36.5,419.4190696525371
42.5,37.5,419.3972379912535
42.5,38.5,419.42270732735017
42.5,39.5,419.4378566430231
42.5,40.5,419.4315962083907
42.5,41.5,419.2873142943287
42.5,42.5,419.0037051979065
42.5,43.5,418.90350242083525
42.5,44.5,418.9470717488899
42.5,45.5,418.9393117790899
42.5,46.5,418.9659730165527
42.5,47.5,419.2836162039114
42.5,48.5,419.5769090588062
42.5,49.5,419.5430567779491
42.5,50.5,419.5073943588117
42.5,51.5,419.4871832799138
42.5,52.5,419.4501927381946
42.5,53.5,419.4181221447221
42.5,54.5,419.3722726964197
42.5,55.5,419.353027070894
42.5,56.5,419.359933588423
42.5,57.5,419.35539546877885
42.5,58.5,419.3525108169896
42.5,59.5,419.3530941643784
42.5,60.5,419.3480907494246
42.5,61.5,419.3242817056103
42.5,62.5,419.3126273687595
42.5,63.5,419.2842593979828
42.5,64.5,419.2559468194089
42.5,65.5,419.26227394859495
42.5,66.5,419.278814429195
42.5,67.5,419.3009938606704
42.5,68.5,419.319372998708
42.5,69.5,419.1783765476017
42.5,70.5,418.8119917554852
42.5,71.5,418.81155431714393
42.5,72.5,418.674126094272
42.5,73.5,418.6942848743684
42.5,74.5,418.9601391657369
42.5,75.5,418.6956008118371
42.5,76.5,418.8427236516343
42.5,77.5,418.8290328651507
42.5,78.5,418.7911020374471
42.5,79.5,418.7178084555286
42.5,80.5,418.26800027357854
42.5,81.5,418.64123882648687
42.5,82.5,418.7642595123885
42.5,83.5,419.0222827211538
42.5,84.5,418.9736170577512
42.5,85.5,419.00308678959726
42.5,86.5,418.8479347428416
42.5,87.5,418.92609275211606
42.5,88.5,419.5316886456597
42.5,89.5,419.5239409804712
42.5,90.5,419.5296131081574
42.5,91.5,419.5119547903794
42.5,92.5,419.5310214732281
42.5,93.5,419.3485020969382
42.5,94.5,419.3252054256758
42.5,95.5,419.1857646494924
42.5,96.5,419.1637728954362
42.5,97.5,419.3201635803416
42.5,98.5,419.2968878037816
42.5,99.5,419.3232950168029
42.5,100.5,419.317852742617
42.5,101.5,419.2833003577588
42.5,102.5,419.2349877404288
42.5,103.5,419.24539254530686
42.5,104.5,419.2571648036131
42.5,105.5,419.2878238307827
42.5,106.5,419.35956799873526
42.5,107.5,419.38506849928194
42.5,108.5,419.4295500244533
42.5,109.5,419.4778169187078
42.5,110.5,419.5065161574911
42.5,111.5,419.5415926118735
42.5,112.5,419.5886223463548
42.5,113.5,419.6233516248671
42.5,114.5,419.6192480085376
42.5,115.5,419.7816679115673
42.5,116.5,419.7844122964546
42.5,117.5,419.5992349925686
42.5,118.5,419.7338633627237
42.5,119.5,420.0626742687301
42.5,120.5,420.0410710116867
42.5,121.5,420.33851387654704
42.5,122.5,420.5942480995661
42.5,123.5,420.9749029099785
42.5,124.5,420.8530952404601
42.5,125.5,420.7996768868192
42.5,126.5,420.542722859979
42.5,127.5,420.3448439906268
42.5,128.5,420.17658402118894
42.5,129.5,420.2328479173139
42.5,130.5,420.6081041469152
42.5,131.5,420.8347394536249
42.5,132.5,420.818341875915
42.5,133.5,420.7119965891664
42.5,134.5,420.7599000231093
42.5,135.5,420.75449294489215
42.5,136.5,420.7412466739396
42.5,137.5,420.7331850674767
42.5,138.5,420.7315626215525
42.5,139.5,420.6652088308589
42.5,140.5,420.6602072601561
42.5,141.5,420.68151234484014
42.5,142.5,420.63931105749873
42.5,143.5,420.5431604201756
42.5,144.5,420.64256444567593
42.5,145.5,420.6234939191888
42.5,146.5,420.5968342965498
42.5,147.5,420.5680324329976
42.5,148.5,420.5359050814973
42.5,149.5,420.5135336233794
42.5,150.5,420.49005308408607
42.5,151.5,420.47109695275896
42.5,152.5,420.4576253148156
42.5,153.5,420.4373990035499
42.5,154.5,420.4153213756689
42.5,155.5,420.39642318978446
42.5,156.5,420.3740634191431
42.5,157.5,420.3542622568938
42.5,158.5,420.3389617222713
42.5,159.5,420.3246720237324
42.5,160.5,420.3119952228562
42.5,161.5,420.2973237499201
42.5,162.5,420.2772824677656
42.5,163.5,420.252789063745
42.5,164.5,420.2283441285871
42.5,165.5,420.2108051814967
42.5,166.5,420.20171393470633
42.5,167.5,420.18985116334807
42.5,168.5,420.1820290484496
42.5,169.5,420.1779543223058
42.5,170.5,420.1744898952005
42.5,171.5,420.16923011712527
42.5,172.5,420.1624461511527
42.5,173.5,420.15385415412754
42.5,174.5,420.1455971808001
42.5,175.5,420.1367086984793
42.5,176.5,420.1267462731327
42.5,177.5,420.11638675638494
42.5,178.5,420.1064421684213
42.5,179.5,420.09821484943495
43.5,-179.5,420.0632431302313
43.5,-178.5,420.054024697018
43.5,-177.5,420.0437756388662
43.5,-176.5,420.0325009297345
43.5,-175.5,420.0260318553036
43.5,-174.5,420.0221936848292
43.5,-173.5,420.0230995197404
43.5,-172.5,420.0248459270503
43.5,-171.5,420.0255273923031
43.5,-170.5,420.025056431698
43.5,-169.5,420.02825996944233
43.5,-168.5,420.0314034007517
43.5,-167.5,420.0368306237285
43.5,-166.5,420.039880657887
43.5,-165.5,420.0438932901165
43.5,-164.5,420.046314443966
43.5,-163.5,420.0467864271175
43.5,-162.5,420.0445611501573
43.5,-161.5,420.03814681286497
43.5,-160.5,420.0358982154015
43.5,-159.5,420.03234797735536
43.5,-158.5,420.02526017020034
43.5,-157.5,420.04022445047207
43.5,-156.5,420.0254401213949
43.5,-155.5,419.9941261267728
43.5,-154.5,419.9862145101594
43.5,-153.5,419.9784223514295
43.5,-152.5,419.9705413255697
43.5,-151.5,419.9649834806469
43.5,-150.5,419.9607230060748
43.5,-149.5,419.9552732109186
43.5,-148.5,419.96009727519015
43.5,-147.5,419.9488741016893
43.5,-146.5,419.9374614285724
43.5,-145.5,419.926481731307
43.5,-144.5,419.9139804653032
43.5,-143.5,419.8925595619255
43.5,-142.5,419.8752878033346
43.5,-141.5,419.8585582250508
43.5,-140.5,419.8489720708698
43.5,-139.5,419.8374882050002
43.5,-138.5,419.8268337860035
43.5,-137.5,419.8159698338426
43.5,-136.5,419.8030262549827
43.5,-135.5,419.7940642170564
43.5,-134.5,419.7931277914018
43.5,-133.5,419.7987220126004
43.5,-132.5,419.8032836980564
43.5,-131.5,419.80477550755927
43.5,-130.5,419.8018389674572
43.5,-129.5,419.7984871338422
43.5,-128.5,419.7917158841173
43.5,-127.5,419.7865788417235
43.5,-126.5,419.792262196144
43.5,-125.5,419.8137366045408
43.5,-124.5,419.8310728961057
43.5,-123.5,419.7992733819028
43.5,-122.5,419.54664424340297
43.5,-121.5,419.4970457930654
43.5,-120.5,419.50645968923135
43.5,-119.5,419.513857986674
43.5,-118.5,419.5241468904445
43.5,-117.5,419.60689061000505
43.5,-116.5,419.7369205745924
43.5,-115.5,419.6212804589595
43.5,-114.5,419.48238153244864
43.5,-113.5,419.595532242816
43.5,-112.5,419.7039216002692
43.5,-111.5,419.7022468470559
43.5,-110.5,419.4357359616378
43.5,-109.5,419.2596066496329
43.5,-108.5,419.57335195094805
43.5,-107.5,419.56057884417777
43.5,-106.5,419.6339076596959
43.5,-105.5,419.6582222734576
43.5,-104.5,419.645217710026
43.5,-103.5,419.6248762457936
43.5,-102.5,419.707177169589
43.5,-101.5,419.6749162362076
43.5,-100.5,419.6624677784982
43.5,-99.5,419.6565870980088
43.5,-98.5,419.64408398902367
43.5,-97.5,419.586723466969
43.5,-96.5,419.5295266311484
43.5,-95.5,419.51124556737153
43.5,-94.5,419.49593415892986
43.5,-93.5,419.493166423737
43.5,-92.5,419.471704727544
43.5,-91.5,419.4904279787683
43.5,-90.5,419.4892562190889
43.5,-89.5,419.501665603223
43.5,-88.5,419.530086732101
43.5,-87.5,419.6215127093487
43.5,-86.5,419.5854773453621
43.5,-85.5,419.53809947801176
43.5,-84.5,419.5244517197016
43.5,-83.5,419.54229195011135
43.5,-82.5,419.5405324789759
43.5,-81.5,419.5131295815264
43.5,-80.5,419.4978103193279
43.5,-79.5,419.8458505418243
43.5,-78.5,419.6521304789886
43.5,-77.5,419.5749318467648
43.5,-76.5,419.5179539730868
43.5,-75.5,419.3734062956332
43.5,-74.5,419.276137687479
43.5,-73.5,419.3314921470383
43.5,-72.5,419.3396782620919
43.5,-71.5,419.3747287038322
43.5,-70.5,419.5472341372264
43.5,-69.5,419.58639238193547
43.5,-68.5,419.565429319037
43.5,-67.5,419.61446439435326
43.5,-66.5,419.5712087834922
43.5,-65.5,419.5866166472655
43.5,-64.5,419.60269708455337
43.5,-63.5,419.6131977090544
43.5,-62.5,419.626622563044
43.5,-61.5,419.63755389967633
43.5,-60.5,419.64845252988863
43.5,-59.5,419.6565435765877
43.5,-58.5,419.66758734430914
43.5,-57.5,419.6702450369772
43.5,-56.5,419.6695821461544
43.5,-55.5,419.6710453407305
43.5,-54.5,419.673931749429
43.5,-53.5,419.6827734323299
43.5,-52.5,419.6855502040375
43.5,-51.5,419.6847590940822
43.5,-50.5,419.6821957576641
43.5,-49.5,419.67708148818497
43.5,-48.5,419.671137688505
43.5,-47.5,419.66039691318906
43.5,-46.5,419.6486111409431
43.5,-45.5,419.6386154248561
43.5,-44.5,419.6237164572007
43.5,-43.5,419.6074983960301
43.5,-42.5,419.5966350727472
43.5,-41.5,419.58831170761925
43.5,-40.5,419.57860672385647
43.5,-39.5,419.5679250289031
43.5,-38.5,419.5540005212352
43.5,-37.5,419.5392907037624
43.5,-36.5,419.52288206273664
43.5,-35.5,419.50498564970974
43.5,-34.5,419.483338589549
43.5,-33.5,419.45728477182826
43.5,-32.5,419.43067199886286
43.5,-31.5,419.409362077244
43.5,-30.5,419.3891693129401
43.5,-29.5,419.37335182510895
43.5,-28.5,419.3608688187874
43.5,-27.5,419.35110380027766
43.5,-26.5,419.33924334497937
43.5,-25.5,419.3239501651038
43.5,-24.5,419.30959858628063
43.5,-23.5,419.296131773488
43.5,-22.5,419.2855197486318
43.5,-21.5,419.2748239907829
43.5,-20.5,419.2699781460958
43.5,-19.5,419.26682969008107
43.5,-18.5,419.2665131636332
43.5,-17.5,419.26692627246
43.5,-16.5,419.2706529646169
43.5,-15.5,419.2744561946329
43.5,-14.5,419.2782219955538
43.5,-13.5,419.2831758781503
43.5,-12.5,419.289843874401
43.5,-11.5,419.3003062034485
43.5,-10.5,419.31888291168514
43.5,-9.5,419.3486375482778
43.5,-8.5,419.3934938954802
43.5,-7.5,419.41222191672506
43.5,-6.5,419.3124076175018
43.5,-5.5,419.5789762143977
43.5,-4.5,419.51879456734633
43.5,-3.5,419.5307305707171
43.5,-2.5,419.6195414498846
43.5,-1.5,419.4874013273454
43.5,-0.5,419.651034369825
43.5,0.5,419.6800064627994
43.5,1.5,419.6324788521892
43.5,2.5,419.61760085502414
43.5,3.5,419.6842033344055
43.5,4.5,419.7290555712528
43.5,5.5,419.627432439376
43.5,6.5,419.6571183458549
43.5,7.5,419.6952146569436
43.5,8.5,419.7147465323382
43.5,9.5,419.6407490947334
43.5,10.5,419.56763719632994
43.5,11.5,419.34037123592896
43.5,12.5,419.3157094198047
43.5,13.5,419.5219732442109
43.5,14.5,419.5051447633425
43.5,15.5,419.4236882394462
43.5,16.5,419.19872333133264
43.5,17.5,418.97155764863777
43.5,18.5,418.9261332359561
43.5,19.5,418.9192816125341
43.5,20.5,418.9911386472352
43.5,21.5,419.03449073151086
43.5,22.5,419.1193344539452
43.5,23.5,419.1227053541498
43.5,24.5,419.1341451941179
43.5,25.5,419.11756030439005
43.5,26.5,419.0580719004009
43.5,27.5,419.13557842383545
43.5,28.5,419.2195933838944
43.5,29.5,419.2613834769487
43.5,30.5,419.282236121829
43.5,31.5,419.2981966843366
43.5,32.5,419.30372517107975
43.5,33.5,419.3089061612188
43.5,34.5,419.32161968560047
43.5,35.5,419.33836365995097
43.5,36.5,419.3608075050069
43.5,37.5,419.3943258040303
43.5,38.5,419.4188066387682
43.5,39.5,419.19738622781495
43.5,40.5,419.1871679397294
43.5,41.5,418.9148371941328
43.5,42.5,418.8843242795198
43.5,43.5,419.2349005664951
43.5,44.5,419.5239453150359
43.5,45.5,419.5374230722516
43.5,46.5,419.5430501578959
43.5,47.5,419.4947459190437
43.5,48.5,419.463986410379
43.5,49.5,419.4426260723295
43.5,50.5,419.42874659521175
43.5,51.5,419.42693578329647
43.5,52.5,419.3590471633003
43.5,53.5,419.3405828114512
43.5,54.5,419.3112237467777
43.5,55.5,419.2982775944474
43.5,56.5,419.3050010877562
43.5,57.5,419.3108996901152
43.5,58.5,419.3097545999548
43.5,59.5,419.3321852245553
43.5,60.5,419.3261446934711
43.5,61.5,419.2987517632647
43.5,62.5,419.2746479376153
43.5,63.5,419.2576232980697
43.5,64.5,419.2410592640733
43.5,65.5,419.2336801967495
43.5,66.5,419.2433989702073
43.5,67.5,419.2263919703463
43.5,68.5,419.21150054719294
43.5,69.5,419.1609341208819
43.5,70.5,419.20147852263887
43.5,71.5,419.2341783842561
43.5,72.5,419.2531545480744
43.5,73.5,419.1973857697269
43.5,74.5,419.2913182929663
43.5,75.5,419.1890976541876
43.5,76.5,419.5108393872575
43.5,77.5,419.4636682407172
43.5,78.5,419.1101063119646
43.5,79.5,419.24346803421474
43.5,80.5,419.339548523623
43.5,81.5,419.06361993640223
43.5,82.5,419.1599758016256
43.5,83.5,418.7859808444042
43.5,84.5,418.78045584820086
43.5,85.5,418.6586921129506
43.5,86.5,418.7074923962222
43.5,87.5,419.1456093632009
43.5,88.5,419.11074563229954
43.5,89.5,419.31285560981473
43.5,90.5,419.22701731522153
43.5,91.5,419.26406311566944
43.5,92.5,419.0374292735504
43.5,93.5,418.9691213043442
43.5,94.5,419.4093373950005
43.5,95.5,419.4124096388031
43.5,96.5,419.291457060382
43.5,97.5,419.2185115644572
43.5,98.5,419.1999348949258
43.5,99.5,419.2540392635729
43.5,100.5,419.1646264815433
43.5,101.5,419.1132218180171
43.5,102.5,419.1063724930319
43.5,103.5,419.0727912273823
43.5,104.5,419.08053407510863
43.5,105.5,419.16603522623126
43.5,106.5,419.19556083912346
43.5,107.5,419.3009793902215
43.5,108.5,419.3410410284743
43.5,109.5,419.41206206224285
43.5,110.5,419.4063047982129
43.5,111.5,419.4568644633347
43.5,112.5,419.48240777949496
43.5,113.5,419.51026759967687
43.5,114.5,419.5228022136165
43.5,115.5,419.5200749203663
43.5,116.5,419.5160404570334
43.5,117.5,419.5015657431176
43.5,118.5,419.5801319972564
43.5,119.5,419.8362262584881
43.5,120.5,419.9670363518053
43.5,121.5,420.0887143286197
43.5,122.5,420.33114019959976
43.5,123.5,420.53085829142
43.5,124.5,420.6808827498192
43.5,125.5,420.6760438905279
43.5,126.5,420.7032787541843
43.5,127.5,420.4601925368207
43.5,128.5,420.4012967304549
43.5,129.5,420.3165657289612
43.5,130.5,420.3753481114039
43.5,131.5,420.6877403736824
43.5,132.5,420.6991272342197
43.5,133.5,420.4353589084169
43.5,134.5,420.48648233051966
43.5,135.5,420.58125079862174
43.5,136.5,420.69509868487046
43.5,137.5,420.6890374140745
43.5,138.5,420.6831524326698
43.5,139.5,420.6717942938026
43.5,140.5,420.58003374251865
43.5,141.5,420.58428915345513
43.5,142.5,420.4212915430311
43.5,143.5,420.4625063115054
43.5,144.5,420.4619562689476
43.5,145.5,420.5582594445968
43.5,146.5,420.5447049249413
43.5,147.5,420.5194249688926
43.5,148.5,420.4889560723366
43.5,149.5,420.4604259070384
43.5,150.5,420.4417446901212
43.5,151.5,420.421187779894
43.5,152.5,420.4014192825763
43.5,153.5,420.3898529944218
43.5,154.5,420.3720957202465
43.5,155.5,420.35305519609295
43.5,156.5,420.33566179776346
43.5,157.5,420.3171502818726
43.5,158.5,420.30067483393145
43.5,159.5,420.281238584985
43.5,160.5,420.2667198024932
43.5,161.5,420.2507063270835
43.5,162.5,420.2318351077282
43.5,163.5,420.2069154317497
43.5,164.5,420.1840084947752
43.5,165.5,420.1671542535527
43.5,166.5,420.1550660638703
43.5,167.5,420.1451714730896
43.5,168.5,420.1381023848188
43.5,169.5,420.1331698671528
43.5,170.5,420.1323968931292
43.5,171.5,420.1284436350928
43.5,172.5,420.1224700620217
43.5,173.5,420.1149909819302
43.5,174.5,420.1087978821764
43.5,175.5,420.120235487683
43.5,176.5,420.098044243524
43.5,177.5,420.0913957075009
43.5,178.5,420.083122576679
43.5,179.5,420.0733101340697
44.5,-179.5,420.0374536702095
44.5,-178.5,420.0283851150571
44.5,-177.5,420.0191980888122
44.5,-176.5,420.010595020613
44.5,-175.5,420.0043145168904
44.5,-174.5,420.0019732142879
44.5,-173.5,420.00229719526646
44.5,-172.5,420.0048489657531
44.5,-171.5,420.006446359496
44.5,-170.5,420.0053234076107
44.5,-169.5,420.0018862182393
44.5,-168.5,420.0000427185368
44.5,-167.5,419.9986184506224
44.5,-166.5,419.99778841351696
44.5,-165.5,419.99808416147255
44.5,-164.5,419.99739739711066
44.5,-163.5,419.997041930852
44.5,-162.5,419.9948849797342
44.5,-161.5,419.98756612273
44.5,-160.5,419.98698473365033
44.5,-159.5,419.989101916875
44.5,-158.5,419.9874953916066
44.5,-157.5,419.9786308575421
44.5,-156.5,419.9713679060838
44.5,-155.5,419.9657758116365
44.5,-154.5,419.9591540179839
44.5,-153.5,419.95041461944
44.5,-152.5,419.9418613443308
44.5,-151.5,419.933603876781
44.5,-150.5,419.9245975857943
44.5,-149.5,419.9188679991231
44.5,-148.5,419.9138572910183
44.5,-147.5,419.905027573495
44.5,-146.5,419.8980436748215
44.5,-145.5,419.8858124316147
44.5,-144.5,419.87752516120935
44.5,-143.5,419.85922880602106
44.5,-142.5,419.8374669733548
44.5,-141.5,419.8230317782026
44.5,-140.5,419.8103076333354
44.5,-139.5,419.8026970910877
44.5,-138.5,419.7925947598194
44.5,-137.5,419.78163391185393
44.5,-136.5,419.7714381299529
44.5,-135.5,419.7615539998081
44.5,-134.5,419.75690907964366
44.5,-133.5,419.7630137452843
44.5,-132.5,419.7669269244907
44.5,-131.5,419.7695482444413
44.5,-130.5,419.7709769811761
44.5,-129.5,419.77122187224
44.5,-128.5,419.76756200505326
44.5,-127.5,419.76406640034384
44.5,-126.5,419.7685610377742
44.5,-125.5,419.7869606242722
44.5,-124.5,419.7924890923576
44.5,-123.5,419.81421457413273
44.5,-122.5,419.8071948314808
44.5,-121.5,419.5407319716534
44.5,-120.5,419.561456251654
44.5,-119.5,419.5220062313364
44.5,-118.5,419.4795963788589
44.5,-117.5,419.6354102739424
44.5,-116.5,419.56557397499296
44.5,-115.5,419.2442482760448
44.5,-114.5,419.2580797931672
44.5,-113.5,419.29020411174383
44.5,-112.5,419.39010566973815
44.5,-111.5,419.43653095989856
44.5,-110.5,419.2350434067199
44.5,-109.5,419.373546898285
44.5,-108.5,419.5605400308068
44.5,-107.5,419.561761533645
44.5,-106.5,419.4593331119126
44.5,-105.5,419.62025450607103
44.5,-104.5,419.5558450966389
44.5,-103.5,419.6332456736069
44.5,-102.5,419.67566588866833
44.5,-101.5,419.64043781521895
44.5,-100.5,419.6282105926719
44.5,-99.5,419.6123529786809
44.5,-98.5,419.5866981798953
44.5,-97.5,419.5279913623091
44.5,-96.5,419.49657496756674
44.5,-95.5,419.51140240926793
44.5,-94.5,419.5109551654383
44.5,-93.5,419.5370885887586
44.5,-92.5,419.5187217271314
44.5,-91.5,419.4831061070584
44.5,-90.5,419.46542866139305
44.5,-89.5,419.4436864170772
44.5,-88.5,419.5002239463107
44.5,-87.5,419.5506297895629
44.5,-86.5,419.5325286029656
44.5,-85.5,419.4617379028135
44.5,-84.5,419.4205105831597
44.5,-83.5,419.5076422227506
44.5,-82.5,419.54140851691415
44.5,-81.5,419.4692250112867
44.5,-80.5,419.4549943829198
44.5,-79.5,419.4495796281363
44.5,-78.5,419.4078154501101
44.5,-77.5,419.4219579808142
44.5,-76.5,419.483167408693
44.5,-75.5,419.4403762764711
44.5,-74.5,419.30061847686073
44.5,-73.5,419.3522818077689
44.5,-72.5,419.2128840306072
44.5,-71.5,419.21301167079946
44.5,-70.5,419.2701220333438
44.5,-69.5,419.4715757486358
44.5,-68.5,419.5109281875512
44.5,-67.5,419.5390422481972
44.5,-66.5,419.5517576406845
44.5,-65.5,419.5438379539576
44.5,-64.5,419.5560776633978
44.5,-63.5,419.5852185366302
44.5,-62.5,419.5949408146764
44.5,-61.5,419.6043896930372
44.5,-60.5,419.6123765920712
44.5,-59.5,419.6235819510472
44.5,-58.5,419.6301595123849
44.5,-57.5,419.6307897147787
44.5,-56.5,419.628431653268
44.5,-55.5,419.6295099604274
44.5,-54.5,419.63393884376194
44.5,-53.5,419.641859063592
44.5,-52.5,419.64680913642616
44.5,-51.5,419.6471520569047
44.5,-50.5,419.64745621611695
44.5,-49.5,419.6466654928297
44.5,-48.5,419.64350930178017
44.5,-47.5,419.6358796841715
44.5,-46.5,419.62692140320064
44.5,-45.5,419.61695472101104
44.5,-44.5,419.603332861339
44.5,-43.5,419.5880196283333
44.5,-42.5,419.5749707175277
44.5,-41.5,419.5663695513794
44.5,-40.5,419.5570563381543
44.5,-39.5,419.546952533816
44.5,-38.5,419.5364152055856
44.5,-37.5,419.5254364091002
44.5,-36.5,419.510609357192
44.5,-35.5,419.49216732289074
44.5,-34.5,419.4672938025064
44.5,-33.5,419.441723765682
44.5,-32.5,419.4188103152421
44.5,-31.5,419.3988725775923
44.5,-30.5,419.3803996240681
44.5,-29.5,419.3651985283119
44.5,-28.5,419.35101053430094
44.5,-27.5,419.3396395083764
44.5,-26.5,419.3287839676857
44.5,-25.5,419.31782043351546
44.5,-24.5,419.3078768241803
44.5,-23.5,419.2982199078357
44.5,-22.5,419.2894885790032
44.5,-21.5,419.27995263170186
44.5,-20.5,419.2741450855167
44.5,-19.5,419.2681583092443
44.5,-18.5,419.26284930820407
44.5,-17.5,419.2626402131807
44.5,-16.5,419.2668608067315
44.5,-15.5,419.2714338794422
44.5,-14.5,419.2748418406224
44.5,-13.5,419.2794482718949
44.5,-12.5,419.2919563369149
44.5,-11.5,419.2934389522855
44.5,-10.5,419.3075475190348
44.5,-9.5,419.3310998396142
44.5,-8.5,419.3582998755832
44.5,-7.5,419.4027567778822
44.5,-6.5,419.4289313180889
44.5,-5.5,419.4705279799351
44.5,-4.5,419.50901351533736
44.5,-3.5,419.5296017677575
44.5,-2.5,419.5682219793711
44.5,-1.5,419.61731218370215
44.5,-0.5,419.6519801095515
44.5,0.5,419.6734767725754
44.5,1.5,419.6313583325184
44.5,2.5,419.5101331590917
44.5,3.5,419.3350474359656
44.5,4.5,419.5787427295122
44.5,5.5,419.31026655744296
44.5,6.5,419.0370082988251
44.5,7.5,419.4806583237096
44.5,8.5,419.6590706658901
44.5,9.5,419.6261338811909
44.5,10.5,419.49213201429296
44.5,11.5,419.4725971912424
44.5,12.5,419.7240273416961
44.5,13.5,419.6141624495983
44.5,14.5,419.5275238513112
44.5,15.5,419.290647502891
44.5,16.5,419.1521136355312
44.5,17.5,419.2226151832086
44.5,18.5,419.0996072685812
44.5,19.5,419.177818601239
44.5,20.5,419.2998359331927
44.5,21.5,419.2490522207345
44.5,22.5,419.1033163568925
44.5,23.5,419.18026738077697
44.5,24.5,419.1230029342703
44.5,25.5,419.17481100246
44.5,26.5,419.1636038114421
44.5,27.5,419.15751044846
44.5,28.5,419.2179809583682
44.5,29.5,419.24930865942457
44.5,30.5,419.2692529368089
44.5,31.5,419.2847820395986
44.5,32.5,419.2815696168588
44.5,33.5,419.2494946505384
44.5,34.5,419.26882012085446
44.5,35.5,419.3035417760544
44.5,36.5,419.3274551138338
44.5,37.5,419.3538227295809
44.5,38.5,419.3441636701536
44.5,39.5,419.2914302731822
44.5,40.5,419.3190493798753
44.5,41.5,419.3416409550369
44.5,42.5,419.3678126462306
44.5,43.5,419.434939220317
44.5,44.5,419.49334810299854
44.5,45.5,419.4672401406308
44.5,46.5,419.4528154469454
44.5,47.5,419.4241717128825
44.5,48.5,419.40161800935095
44.5,49.5,419.3817418776544
44.5,50.5,419.35184010464
44.5,51.5,419.3390564582214
44.5,52.5,419.3090764115112
44.5,53.5,419.3012857980515
44.5,54.5,419.2924751873553
44.5,55.5,419.3043219795144
44.5,56.5,419.26329224314406
44.5,57.5,419.2599389161984
44.5,58.5,419.28210518375545
44.5,59.5,419.2916145086341
44.5,60.5,419.2868823717504
44.5,61.5,419.2771657182842
44.5,62.5,419.2409232987847
44.5,63.5,419.2301590427194
44.5,64.5,419.2157758267448
44.5,65.5,419.21714529075655
44.5,66.5,419.2058272965643
44.5,67.5,419.13794994831136
44.5,68.5,419.2015354182777
44.5,69.5,419.1858234303488
44.5,70.5,419.2121428670623
44.5,71.5,419.2128825626301
44.5,72.5,419.2258985514333
44.5,73.5,419.2052755893868
44.5,74.5,419.21298119240265
44.5,75.5,419.3152905069013
44.5,76.5,419.3082241966106
44.5,77.5,419.2455085038745
44.5,78.5,418.9897319002625
44.5,79.5,418.8772212372439
44.5,80.5,418.69214932528274
44.5,81.5,418.7284646438944
44.5,82.5,419.0420054480162
44.5,83.5,419.0500620784366
44.5,84.5,419.4593872471335
44.5,85.5,419.48709289526255
44.5,86.5,419.4763634375042
44.5,87.5,419.7009378940148
44.5,88.5,419.57676925343054
44.5,89.5,419.43219215206034
44.5,90.5,419.2957281352988
44.5,91.5,419.1484239283719
44.5,92.5,419.23950277095406
44.5,93.5,419.24096285677217
44.5,94.5,419.3139675625238
44.5,95.5,419.0454605972481
44.5,96.5,419.0177103940804
44.5,97.5,418.8108080602661
44.5,98.5,419.0721096361069
44.5,99.5,419.052689557821
44.5,100.5,419.1000177465627
44.5,101.5,419.1183577905932
44.5,102.5,419.1289845345179
44.5,103.5,419.2028943065704
44.5,104.5,419.2090943481994
44.5,105.5,419.2127617631288
44.5,106.5,419.2332374561425
44.5,107.5,419.240978912336
44.5,108.5,419.25976300997655
44.5,109.5,419.3464478072106
44.5,110.5,419.3844245565817
44.5,111.5,419.3493384564848
44.5,112.5,419.354134752112
44.5,113.5,419.4334829417738
44.5,114.5,419.4467778122065
44.5,115.5,419.4115930187159
44.5,116.5,419.5775006396277
44.5,117.5,419.4065750265116
44.5,118.5,419.4200800253214
44.5,119.5,419.5733365321999
44.5,120.5,419.8433100936713
44.5,121.5,419.9681826058141
44.5,122.5,420.15926638518965
44.5,123.5,420.29267227569954
44.5,124.5,420.431657159795
44.5,125.5,420.63049514834097
44.5,126.5,420.5911833081898
44.5,127.5,420.5343960449276
44.5,128.5,420.3297902098712
44.5,129.5,420.3713724611483
44.5,130.5,420.3622718221282
44.5,131.5,420.60631122552826
44.5,132.5,420.6485603939686
44.5,133.5,420.5814002677311
44.5,134.5,420.3478550647312
44.5,135.5,420.3437017324986
44.5,136.5,420.6095143427083
44.5,137.5,420.65414278867
44.5,138.5,420.6384218067805
44.5,139.5,420.6373650297313
44.5,140.5,420.6218086307182
44.5,141.5,420.5496725073034
44.5,142.5,420.5418363729172
44.5,143.5,420.56030213935134
44.5,144.5,420.55685923324097
44.5,145.5,420.53360675841
44.5,146.5,420.4915986852223
44.5,147.5,420.4588329516957
44.5,148.5,420.4487251782769
44.5,149.5,420.4286687287557
44.5,150.5,420.408807642308
44.5,151.5,420.3876819186676
44.5,152.5,420.36868617387023
44.5,153.5,420.3512866531642
44.5,154.5,420.33615685764784
44.5,155.5,420.31938216587855
44.5,156.5,420.2995706961795
44.5,157.5,420.2800069374592
44.5,158.5,420.2605867579535
44.5,159.5,420.23744186931776
44.5,160.5,420.2159003179829
44.5,161.5,420.19702042929447
44.5,162.5,420.18339128245054
44.5,163.5,420.1653132956569
44.5,164.5,420.1447225297518
44.5,165.5,420.1297548336289
44.5,166.5,420.1178665715945
44.5,167.5,420.1079434643399
44.5,168.5,420.09730299392737
44.5,169.5,420.0899075132209
44.5,170.5,420.0879870097128
44.5,171.5,420.0830407992677
44.5,172.5,420.0769138923084
44.5,173.5,420.0701270422403
44.5,174.5,420.066039634561
44.5,175.5,420.0640229479889
44.5,176.5,420.0691073099003
44.5,177.5,420.0569228292257
44.5,178.5,420.0511217715805
44.5,179.5,420.0449971499984
45.5,-179.5,420.00159873345206
45.5,-178.5,419.997676000951
45.5,-177.5,419.9921168060551
45.5,-176.5,419.9868640948253
45.5,-175.5,419.9830060161041
45.5,-174.5,419.97974928157424
45.5,-173.5,419.97639497461785
45.5,-172.5,419.9737236686691
45.5,-171.5,419.9714552112301
45.5,-170.5,419.9683575023039
45.5,-169.5,419.9661397262404
45.5,-168.5,419.9637145649036
45.5,-167.5,419.9597838061312
45.5,-166.5,419.9563930323121
45.5,-165.5,419.9534849432747
45.5,-164.5,419.9488194164378
45.5,-163.5,419.94451403104847
45.5,-162.5,419.9396201268331
45.5,-161.5,419.9365306647343
45.5,-160.5,419.9352642451934
45.5,-159.5,419.9380105474838
45.5,-158.5,419.937360986847
45.5,-157.5,419.93610001844274
45.5,-156.5,419.9332242210768
45.5,-155.5,419.9302766821081
45.5,-154.5,419.9239420540817
45.5,-153.5,419.9175132857077
45.5,-152.5,419.9203408401236
45.5,-151.5,419.897483679146
45.5,-150.5,419.8858851374584
45.5,-149.5,419.87916657033867
45.5,-148.5,419.8704531768789
45.5,-147.5,419.86142983362544
45.5,-146.5,419.853574412322
45.5,-145.5,419.84357973278736
45.5,-144.5,419.8325119434573
45.5,-143.5,419.8178417442028
45.5,-142.5,419.7987710085866
45.5,-141.5,419.7835518352079
45.5,-140.5,419.772824217618
45.5,-139.5,419.763478226504
45.5,-138.5,419.7574872018107
45.5,-137.5,419.7498853776482
45.5,-136.5,419.742145604772
45.5,-135.5,419.7319984830641
45.5,-134.5,419.726826978618
45.5,-133.5,419.725500273017
45.5,-132.5,419.7311067990353
45.5,-131.5,419.73659519656326
45.5,-130.5,419.74053549525
45.5,-129.5,419.742945767418
45.5,-128.5,419.7451649122523
45.5,-127.5,419.74375975844646
45.5,-126.5,419.7481086269072
45.5,-125.5,419.76024833470495
45.5,-124.5,419.786300268119
45.5,-123.5,419.784138776312
45.5,-122.5,419.8466305740459
45.5,-121.5,419.63669892987633
45.5,-120.5,419.73943411534
45.5,-119.5,419.6862836241775
45.5,-118.5,419.6751196985969
45.5,-117.5,419.5515207334004
45.5,-116.5,419.50284667748286
45.5,-115.5,419.3783689807564
45.5,-114.5,419.3398758113986
45.5,-113.5,419.3147095133003
45.5,-112.5,419.3662512455616
45.5,-111.5,419.486111628392
45.5,-110.5,419.4314511610007
45.5,-109.5,419.26433152928894
45.5,-108.5,419.50174417416537
45.5,-107.5,419.543743994681
45.5,-106.5,419.59846446526535
45.5,-105.5,419.6446535573921
45.5,-104.5,419.6029657773845
45.5,-103.5,419.575214580596
45.5,-102.5,419.5788789647452
45.5,-101.5,419.5602623259261
45.5,-100.5,419.5442104110428
45.5,-99.5,419.5214392933024
45.5,-98.5,419.5087478064016
45.5,-97.5,419.49338189421934
45.5,-96.5,419.4827385799195
45.5,-95.5,419.5071398112736
45.5,-94.5,419.4929822677768
45.5,-93.5,419.5965780594009
45.5,-92.5,419.4944993430423
45.5,-91.5,419.43002485658906
45.5,-90.5,419.371324630631
45.5,-89.5,419.35297635276896
45.5,-88.5,419.3707657667688
45.5,-87.5,419.4773740792911
45.5,-86.5,419.5170163739995
45.5,-85.5,419.5293697803355
45.5,-84.5,419.4820277141489
45.5,-83.5,419.5028731980559
45.5,-82.5,419.4842751348681
45.5,-81.5,419.4689907474642
45.5,-80.5,419.4456542785052
45.5,-79.5,419.405202533224
45.5,-78.5,419.3170673188026
45.5,-77.5,419.3475340660856
45.5,-76.5,419.3828275654984
45.5,-75.5,419.45705240342807
45.5,-74.5,419.4474575843221
45.5,-73.5,419.586967605794
45.5,-72.5,419.41960188350055
45.5,-71.5,419.32190925170914
45.5,-70.5,419.3000013101094
45.5,-69.5,419.3689157960735
45.5,-68.5,419.44657006367504
45.5,-67.5,419.4926519368042
45.5,-66.5,419.5316475274651
45.5,-65.5,419.5112632163695
45.5,-64.5,419.5281070631341
45.5,-63.5,419.5339618294101
45.5,-62.5,419.542993673365
45.5,-61.5,419.57129874467086
45.5,-60.5,419.5912901332796
45.5,-59.5,419.599175603866
45.5,-58.5,419.6007485022005
45.5,-57.5,419.6398339481026
45.5,-56.5,419.5957157182336
45.5,-55.5,419.596467007997
45.5,-54.5,419.5999572739314
45.5,-53.5,419.604896370026
45.5,-52.5,419.6078368576689
45.5,-51.5,419.6102224507047
45.5,-50.5,419.613484594053
45.5,-49.5,419.6178814691635
45.5,-48.5,419.6187356831895
45.5,-47.5,419.61404073247496
45.5,-46.5,419.6071985549267
45.5,-45.5,419.5970783850601
45.5,-44.5,419.5842965223771
45.5,-43.5,419.5702974818917
45.5,-42.5,419.5560709286879
45.5,-41.5,419.5458278136754
45.5,-40.5,419.5356650109398
45.5,-39.5,419.52607780546657
45.5,-38.5,419.516784201277
45.5,-37.5,419.50874849112125
45.5,-36.5,419.495986439418
45.5,-35.5,419.4777271390912
45.5,-34.5,419.4562936509361
45.5,-33.5,419.4351049957107
45.5,-32.5,419.4120513850882
45.5,-31.5,419.3925816522675
45.5,-30.5,419.3761067263391
45.5,-29.5,419.36273205335146
45.5,-28.5,419.3501408018
45.5,-27.5,419.3371287468423
45.5,-26.5,419.32690040080337
45.5,-25.5,419.3192713663673
45.5,-24.5,419.3121620980832
45.5,-23.5,419.3058308112098
45.5,-22.5,419.2988870092664
45.5,-21.5,419.2897426068737
45.5,-20.5,419.2822802341646
45.5,-19.5,419.27308548994216
45.5,-18.5,419.2662007147382
45.5,-17.5,419.26329026154417
45.5,-16.5,419.2635300401653
45.5,-15.5,419.2667880358124
45.5,-14.5,419.27215619208886
45.5,-13.5,419.2785321063308
45.5,-12.5,419.2844096596749
45.5,-11.5,419.2938380590339
45.5,-10.5,419.3074891394705
45.5,-9.5,419.3172103980493
45.5,-8.5,419.3360090655481
45.5,-7.5,419.36033331023566
45.5,-6.5,419.3823921070208
45.5,-5.5,419.4093565683674
45.5,-4.5,419.43528498361417
45.5,-3.5,419.4621295222328
45.5,-2.5,419.491134931116
45.5,-1.5,419.53581225203686
45.5,-0.5,419.5867607033397
45.5,0.5,419.6105940973631
45.5,1.5,419.5634026427593
45.5,2.5,419.4002104794717
45.5,3.5,419.4109502647944
45.5,4.5,419.6426992653589
45.5,5.5,419.5399269078487
45.5,6.5,419.06698033452136
45.5,7.5,419.9645196465582
45.5,8.5,420.0493596700305
45.5,9.5,419.97596460398535
45.5,10.5,419.50066758561394
45.5,11.5,419.8104412851895
45.5,12.5,419.8257362171246
45.5,13.5,419.6325755226529
45.5,14.5,419.4423827814687
45.5,15.5,419.4468369623528
45.5,16.5,419.4722480195551
45.5,17.5,419.4382233090431
45.5,18.5,419.41520737445234
45.5,19.5,419.4231795495626
45.5,20.5,419.41469286105104
45.5,21.5,419.2661034864324
45.5,22.5,418.95371479170666
45.5,23.5,418.8715993238836
45.5,24.5,418.8683278642796
45.5,25.5,418.8526933781871
45.5,26.5,418.8988739736882
45.5,27.5,419.1382325996015
45.5,28.5,419.177830290706
45.5,29.5,419.22758385050537
45.5,30.5,419.26012722352607
45.5,31.5,419.278802555731
45.5,32.5,419.2749303980156
45.5,33.5,419.255344109253
45.5,34.5,419.21875642069296
45.5,35.5,419.267071585614
45.5,36.5,419.2956545657011
45.5,37.5,419.3315765058341
45.5,38.5,419.3590028523623
45.5,39.5,419.3837187193727
45.5,40.5,419.43187658832113
45.5,41.5,419.3984057569938
45.5,42.5,419.3801179249565
45.5,43.5,419.3724895844037
45.5,44.5,419.3788992016988
45.5,45.5,419.3997486659508
45.5,46.5,419.3949518243945
45.5,47.5,419.38258281869184
45.5,48.5,419.3623841999152
45.5,49.5,419.3459023765083
45.5,50.5,419.3330228829994
45.5,51.5,419.32111537645295
45.5,52.5,419.3116818525007
45.5,53.5,419.30422848011614
45.5,54.5,419.2871681648877
45.5,55.5,419.2734819532939
45.5,56.5,419.2369953937598
45.5,57.5,419.2265255504372
45.5,58.5,419.22066797401055
45.5,59.5,419.2431302470641
45.5,60.5,419.245640293578
45.5,61.5,419.2219282616416
45.5,62.5,419.2067162967606
45.5,63.5,419.197275360771
45.5,64.5,419.1862130106204
45.5,65.5,419.176608867488
45.5,66.5,419.1737200963125
45.5,67.5,419.1570172472929
45.5,68.5,419.1530240314247
45.5,69.5,419.1583222556673
45.5,70.5,419.1268177750934
45.5,71.5,419.1300988024258
45.5,72.5,419.14002458124224
45.5,73.5,419.1579014689288
45.5,74.5,419.2178296564791
45.5,75.5,419.24409736160766
45.5,76.5,419.2608935880607
45.5,77.5,419.25973472050765
45.5,78.5,419.2237645752053
45.5,79.5,418.7008701582832
45.5,80.5,418.8036245314429
45.5,81.5,418.8492782242835
45.5,82.5,419.1612087272398
45.5,83.5,419.18977784741867
45.5,84.5,419.301460766968
45.5,85.5,419.4747671555934
45.5,86.5,419.5281142363306
45.5,87.5,419.5204583335959
45.5,88.5,419.36688634689096
45.5,89.5,419.3148836053416
45.5,90.5,419.1497937473317
45.5,91.5,419.1442035417273
45.5,92.5,418.9962796350525
45.5,93.5,419.04085650241575
45.5,94.5,418.9248789773288
45.5,95.5,418.8399319205242
45.5,96.5,418.6329256679976
45.5,97.5,418.6201847411704
45.5,98.5,418.6919167224905
45.5,99.5,419.0245598396722
45.5,100.5,419.0569765316909
45.5,101.5,418.9819587401872
45.5,102.5,419.1247531135744
45.5,103.5,419.1806828045595
45.5,104.5,419.1554143136163
45.5,105.5,419.1518349963589
45.5,106.5,419.1980512703139
45.5,107.5,419.2015770408459
45.5,108.5,419.2158010789275
45.5,109.5,419.3083783874897
45.5,110.5,419.3002321156579
45.5,111.5,419.3201612538477
45.5,112.5,419.3184553381055
45.5,113.5,419.3346176046647
45.5,114.5,419.3281649859557
45.5,115.5,419.3179426458212
45.5,116.5,419.4011421904134
45.5,117.5,419.3706460930672
45.5,118.5,419.4332217167797
45.5,119.5,419.4623548298205
45.5,120.5,419.5382921370178
45.5,121.5,419.7588584686413
45.5,122.5,420.0341941080726
45.5,123.5,420.1682567666351
45.5,124.5,420.23163187518
45.5,125.5,420.33873071064585
45.5,126.5,420.515977622286
45.5,127.5,420.5095057245859
45.5,128.5,420.4067315870881
45.5,129.5,420.2693801694011
45.5,130.5,420.4603620955249
45.5,131.5,420.6232680117786
45.5,132.5,420.7315760372352
45.5,133.5,420.66198248636186
45.5,134.5,420.427821010592
45.5,135.5,420.351327956723
45.5,136.5,420.31188749216847
45.5,137.5,420.3826969354656
45.5,138.5,420.585099273428
45.5,139.5,420.5813051157602
45.5,140.5,420.564166311961
45.5,141.5,420.5225836392424
45.5,142.5,420.5402302505365
45.5,143.5,420.5289674887332
45.5,144.5,420.51388063677547
45.5,145.5,420.4906158823259
45.5,146.5,420.4681491329037
45.5,147.5,420.43152655881664
45.5,148.5,420.404800326494
45.5,149.5,420.3884160578088
45.5,150.5,420.3838115956475
45.5,151.5,420.36661333352737
45.5,152.5,420.3439539523358
45.5,153.5,420.32443925019226
45.5,154.5,420.301358467276
45.5,155.5,420.2813154248098
45.5,156.5,420.2550392345121
45.5,157.5,420.2313844632375
45.5,158.5,420.20762372723686
45.5,159.5,420.1870290272511
45.5,160.5,420.1617417870615
45.5,161.5,420.1426202640413
45.5,162.5,420.125434899388
45.5,163.5,420.1123070779655
45.5,164.5,420.1001000195107
45.5,165.5,420.0874389437277
45.5,166.5,420.0746739169342
45.5,167.5,420.06527935047416
45.5,168.5,420.05657334769234
45.5,169.5,420.04901735456826
45.5,170.5,420.0422222358166
45.5,171.5,420.0354549506537
45.5,172.5,420.0275474302118
45.5,173.5,420.020362568377
45.5,174.5,420.01923753894187
45.5,175.5,420.0181738237831
45.5,176.5,420.01409621765447
45.5,177.5,420.0105006528678
45.5,178.5,420.0098907717554
45.5,179.5,420.005689691326
46.5,-179.5,419.9533477206548
46.5,-178.5,419.9526553054363
46.5,-177.5,419.9512138770033
46.5,-176.5,419.9495596404735
46.5,-175.5,419.94661640054096
46.5,-174.5,419.9430764569178
46.5,-173.5,419.93873571727846
46.5,-172.5,419.9320403914992
46.5,-171.5,419.9274276630709
46.5,-170.5,419.9231132730732
46.5,-169.5,419.92041201197696
46.5,-168.5,419.9178985613044
46.5,-167.5,419.9125294879872
46.5,-166.5,419.9098500359906
46.5,-165.5,419.9071282958649
46.5,-164.5,419.9034191890833
46.5,-163.5,419.897686564586
46.5,-162.5,419.8906752818297
46.5,-161.5,419.8865774408585
46.5,-160.5,419.8850881010506
46.5,-159.5,419.8885104145712
46.5,-158.5,419.8895366522468
46.5,-157.5,419.8898500453324
46.5,-156.5,419.8880976332324
46.5,-155.5,419.884982699446
46.5,-154.5,419.8829558116161
46.5,-153.5,419.8791057202856
46.5,-152.5,419.8680443860937
46.5,-151.5,419.856915875818
46.5,-150.5,419.8467161354286
46.5,-149.5,419.8378197855255
46.5,-148.5,419.8252671272977
46.5,-147.5,419.81734489079344
46.5,-146.5,419.8066273460619
46.5,-145.5,419.7980485190938
46.5,-144.5,419.7867834632588
46.5,-143.5,419.7694541329557
46.5,-142.5,419.75221862848514
46.5,-141.5,419.7401422087321
46.5,-140.5,419.73318929909306
46.5,-139.5,419.72529139796455
46.5,-138.5,419.7214158174161
46.5,-137.5,419.716326322648
46.5,-136.5,419.7105493420652
46.5,-135.5,419.703437700016
46.5,-134.5,419.6987862171362
46.5,-133.5,419.69784638955633
46.5,-132.5,419.7014951522449
46.5,-131.5,419.7085955103244
46.5,-130.5,419.713126149347
46.5,-129.5,419.71537049792255
46.5,-128.5,419.7192395565119
46.5,-127.5,419.7228520001481
46.5,-126.5,419.7270147124579
46.5,-125.5,419.74302634397566
46.5,-124.5,419.7668800287557
46.5,-123.5,419.78389253922336
46.5,-122.5,419.7887966972038
46.5,-121.5,419.5626721311933
46.5,-120.5,419.6547969401204
46.5,-119.5,419.8279032527012
46.5,-118.5,419.8494850306066
46.5,-117.5,419.6985001107938
46.5,-116.5,419.6295830862924
46.5,-115.5,419.5876089242453
46.5,-114.5,419.3672819297993
46.5,-113.5,419.4239821315469
46.5,-112.5,419.4071361420681
46.5,-111.5,419.3791454146179
46.5,-110.5,419.3778465371371
46.5,-109.5,419.4338953523989
46.5,-108.5,419.5317268664293
46.5,-107.5,419.6029991251441
46.5,-106.5,419.6142806768581
46.5,-105.5,419.5893804383617
46.5,-104.5,419.5647661646794
46.5,-103.5,419.5313517014744
46.5,-102.5,419.52930732546673
46.5,-101.5,419.55157752878375
46.5,-100.5,419.4785157909876
46.5,-99.5,419.4299058237661
46.5,-98.5,419.3974078819455
46.5,-97.5,419.4837198251364
46.5,-96.5,419.473679941347
46.5,-95.5,419.4108311937033
46.5,-94.5,419.43115861587614
46.5,-93.5,419.4498700371438
46.5,-92.5,419.4508138561633
46.5,-91.5,419.4625658542851
46.5,-90.5,419.4394331154864
46.5,-89.5,419.3738364728236
46.5,-88.5,419.41570812892417
46.5,-87.5,419.4824110483894
46.5,-86.5,419.501104067934
46.5,-85.5,419.4926072006106
46.5,-84.5,419.4732872211448
46.5,-83.5,419.3902951710731
46.5,-82.5,419.3746192952054
46.5,-81.5,419.4269003022769
46.5,-80.5,419.3728292383815
46.5,-79.5,419.352786921938
46.5,-78.5,419.344353508748
46.5,-77.5,419.35401068195927
46.5,-76.5,419.33544824979526
46.5,-75.5,419.3437250099292
46.5,-74.5,419.3086455800502
46.5,-73.5,419.3267254850062
46.5,-72.5,419.33623664290747
46.5,-71.5,419.3385892575418
46.5,-70.5,419.3439815421732
46.5,-69.5,419.3483099400637
46.5,-68.5,419.37515048387286
46.5,-67.5,419.4136746645972
46.5,-66.5,419.4787693543906
46.5,-65.5,419.5110014893944
46.5,-64.5,419.52546808195
46.5,-63.5,419.54530313662144
46.5,-62.5,419.549397206615
46.5,-61.5,419.5538241599396
46.5,-60.5,419.5399725315497
46.5,-59.5,419.57631986844285
46.5,-58.5,419.5714541236324
46.5,-57.5,419.5652307989718
46.5,-56.5,419.6028907173434
46.5,-55.5,419.56048838095097
46.5,-54.5,419.5677099734913
46.5,-53.5,419.5699385306144
46.5,-52.5,419.5761375194898
46.5,-51.5,419.57942590446777
46.5,-50.5,419.581745730541
46.5,-49.5,419.5857863471417
46.5,-48.5,419.5885045118596
46.5,-47.5,419.588877109387
46.5,-46.5,419.58250496008327
46.5,-45.5,419.5725560028632
46.5,-44.5,419.5615845515401
46.5,-43.5,419.5527311538812
46.5,-42.5,419.54656210821855
46.5,-41.5,419.5324707946533
46.5,-40.5,419.5220699398788
46.5,-39.5,419.50960009235047
46.5,-38.5,419.498861093755
46.5,-37.5,419.4886733371753
46.5,-36.5,419.4759287430492
46.5,-35.5,419.4617329324779
46.5,-34.5,419.4275496936784
46.5,-33.5,419.4278475637509
46.5,-32.5,419.4127312874279
46.5,-31.5,419.39574546990656
46.5,-30.5,419.38204394895456
46.5,-29.5,419.3442105985816
46.5,-28.5,419.35842095860977
46.5,-27.5,419.3474618284436
46.5,-26.5,419.336328608024
46.5,-25.5,419.3289008008177
46.5,-24.5,419.3227796471041
46.5,-23.5,419.31735258085854
46.5,-22.5,419.31190978091774
46.5,-21.5,419.305462487369
46.5,-20.5,419.2980391702798
46.5,-19.5,419.2872805885875
46.5,-18.5,419.2778463902993
46.5,-17.5,419.2709141708724
46.5,-16.5,419.26213304297175
46.5,-15.5,419.2711706638741
46.5,-14.5,419.27602044548416
46.5,-13.5,419.2846497892252
46.5,-12.5,419.28950337197386
46.5,-11.5,419.2969411365648
46.5,-10.5,419.3067770486144
46.5,-9.5,419.31999478033225
46.5,-8.5,419.3361471175495
46.5,-7.5,419.3504505698618
46.5,-6.5,419.3672562933156
46.5,-5.5,419.38670857292215
46.5,-4.5,419.4125938476719
46.5,-3.5,419.43434307667695
46.5,-2.5,419.4653974363837
46.5,-1.5,419.5094156136986
46.5,-0.5,419.5549761895314
46.5,0.5,419.54930430683805
46.5,1.5,419.5605896766248
46.5,2.5,419.5851442697489
46.5,3.5,419.60848421539134
46.5,4.5,419.67529907128176
46.5,5.5,419.6121528755503
46.5,6.5,419.32230495904446
46.5,7.5,419.27980672683657
46.5,8.5,419.2182126412751
46.5,9.5,419.07441656102617
46.5,10.5,418.871495456854
46.5,11.5,419.0036202999768
46.5,12.5,419.29428705891314
46.5,13.5,419.2440612321382
46.5,14.5,419.4323252495421
46.5,15.5,419.489190435613
46.5,16.5,419.61608603955307
46.5,17.5,419.5386072350218
46.5,18.5,419.4935475673248
46.5,19.5,419.47531681029534
46.5,20.5,419.44369934007887
46.5,21.5,419.3715803816941
46.5,22.5,419.1931845322581
46.5,23.5,419.0950888339093
46.5,24.5,419.1158198108912
46.5,25.5,418.9342369037004
46.5,26.5,419.00003031092433
46.5,27.5,419.1287239255204
46.5,28.5,419.1576324604361
46.5,29.5,419.1922839287306
46.5,30.5,419.23272791196325
46.5,31.5,419.2701240845959
46.5,32.5,419.254671617816
46.5,33.5,419.25892805328346
46.5,34.5,419.26641568409326
46.5,35.5,419.2560999139431
46.5,36.5,419.26756799240087
46.5,37.5,419.304666426275
46.5,38.5,419.3040185594285
46.5,39.5,419.3241052519252
46.5,40.5,419.3207385176168
46.5,41.5,419.33144367162254
46.5,42.5,419.3347928085032
46.5,43.5,419.3245546988092
46.5,44.5,419.3264928681433
46.5,45.5,419.3894298794137
46.5,46.5,419.3577000169331
46.5,47.5,419.3613953578077
46.5,48.5,419.3353722120251
46.5,49.5,419.3223482929671
46.5,50.5,419.3098030879816
46.5,51.5,419.2997066163964
46.5,52.5,419.2877330998799
46.5,53.5,419.2782257218173
46.5,54.5,419.260778922664
46.5,55.5,419.2435015814047
46.5,56.5,419.20556404243024
46.5,57.5,419.1934201372278
46.5,58.5,419.17286730329874
46.5,59.5,419.1903045497412
46.5,60.5,419.18238433389615
46.5,61.5,419.1917648340289
46.5,62.5,419.1699402578676
46.5,63.5,419.15980092635687
46.5,64.5,419.1562357991901
46.5,65.5,419.15054967917854
46.5,66.5,419.1449043703396
46.5,67.5,419.1134134056444
46.5,68.5,419.1230739013241
46.5,69.5,419.0941547065801
46.5,70.5,419.0823042270798
46.5,71.5,419.0833071287213
46.5,72.5,419.08270505731525
46.5,73.5,419.10682125558094
46.5,74.5,419.15037558432414
46.5,75.5,419.1913079681063
46.5,76.5,419.1978924101959
46.5,77.5,419.2365400183485
46.5,78.5,419.2521730329318
46.5,79.5,419.26522204324425
46.5,80.5,419.2617415703886
46.5,81.5,419.2617941370304
46.5,82.5,419.3175243303322
46.5,83.5,419.1419808072052
46.5,84.5,419.1699991760328
46.5,85.5,419.1991232753487
46.5,86.5,419.3410885311405
46.5,87.5,419.3579096456125
46.5,88.5,419.33565908015504
46.5,89.5,419.2123940798738
46.5,90.5,419.0036897195483
46.5,91.5,418.68790312774513
46.5,92.5,418.6437136890276
46.5,93.5,418.6586818151258
46.5,94.5,418.8674370229559
46.5,95.5,418.8802944331453
46.5,96.5,418.7318380205822
46.5,97.5,418.6824637130745
46.5,98.5,418.671125144112
46.5,99.5,418.7757753129306
46.5,100.5,418.7843966936543
46.5,101.5,418.650467677942
46.5,102.5,418.8243368658641
46.5,103.5,418.9822951241534
46.5,104.5,419.0475009919781
46.5,105.5,419.0573161530159
46.5,106.5,419.06515602215137
46.5,107.5,419.0689420571416
46.5,108.5,419.0741504396959
46.5,109.5,419.1874333070254
46.5,110.5,419.27188467131407
46.5,111.5,419.28457877506014
46.5,112.5,419.29783108866246
46.5,113.5,419.3142872466058
46.5,114.5,419.3297149880359
46.5,115.5,419.3813372957863
46.5,116.5,419.4065373816876
46.5,117.5,419.4133914137345
46.5,118.5,419.3979245864084
46.5,119.5,419.3497092337198
46.5,120.5,419.3891275962548
46.5,121.5,419.6282581760691
46.5,122.5,419.8522143347922
46.5,123.5,420.0037001980449
46.5,124.5,420.144327877432
46.5,125.5,420.3079310499703
46.5,126.5,420.4704318350183
46.5,127.5,420.29297406279056
46.5,128.5,420.0596035468679
46.5,129.5,420.0718005857973
46.5,130.5,420.391961577892
46.5,131.5,420.4301718791335
46.5,132.5,420.5534915564943
46.5,133.5,420.5562344561618
46.5,134.5,420.581090518161
46.5,135.5,420.3459335470016
46.5,136.5,420.1787533941738
46.5,137.5,420.1802535365069
46.5,138.5,420.4375315680166
46.5,139.5,420.50599478020746
46.5,140.5,420.5068762675565
46.5,141.5,420.4587282773249
46.5,142.5,420.4509468887067
46.5,143.5,420.4389935653875
46.5,144.5,420.4529174901773
46.5,145.5,420.4391876668394
46.5,146.5,420.4214296443051
46.5,147.5,420.4037948579143
46.5,148.5,420.3817337162123
46.5,149.5,420.33562284759626
46.5,150.5,420.3303404017357
46.5,151.5,420.31162143744734
46.5,152.5,420.2755834649447
46.5,153.5,420.28551561847206
46.5,154.5,420.2591410684204
46.5,155.5,420.2293764306272
46.5,156.5,420.20485840649314
46.5,157.5,420.18003482510034
46.5,158.5,420.1570092456392
46.5,159.5,420.1367933701445
46.5,160.5,420.1156681364377
46.5,161.5,420.0948780452788
46.5,162.5,420.0785644809094
46.5,163.5,420.0622207741639
46.5,164.5,420.0484992182055
46.5,165.5,420.0365631720191
46.5,166.5,420.0246278566764
46.5,167.5,420.0147821868486
46.5,168.5,420.01191135994657
46.5,169.5,420.0046916535345
46.5,170.5,419.9978217373876
46.5,171.5,419.98906534688206
46.5,172.5,419.9817800223376
46.5,173.5,419.9745734909351
46.5,174.5,419.9700006042234
46.5,175.5,419.9669750283637
46.5,176.5,419.963367659711
46.5,177.5,419.9599651030152
46.5,178.5,419.95616559032544
46.5,179.5,419.9542908131511
47.5,-179.5,419.9058047566895
47.5,-178.5,419.9031294211185
47.5,-177.5,419.90162511181006
47.5,-176.5,419.90058569094975
47.5,-175.5,419.89794988739567
47.5,-174.5,419.8941327107535
47.5,-173.5,419.88767269730863
47.5,-172.5,419.8808155117665
47.5,-171.5,419.8757278851625
47.5,-170.5,419.8681879426152
47.5,-169.5,419.86759206330623
47.5,-168.5,419.8635376836877
47.5,-167.5,419.85826240615154
47.5,-166.5,419.85737071630376
47.5,-165.5,419.85654828623126
47.5,-164.5,419.8540043222092
47.5,-163.5,419.8499287531733
47.5,-162.5,419.8454129008069
47.5,-161.5,419.83938148802247
47.5,-160.5,419.8357443806969
47.5,-159.5,419.84250311779454
47.5,-158.5,419.83831793281024
47.5,-157.5,419.8345656336687
47.5,-156.5,419.8345579718767
47.5,-155.5,419.8343328427852
47.5,-154.5,419.83371704313
47.5,-153.5,419.82829190848616
47.5,-152.5,419.8216144877776
47.5,-151.5,419.8119818792032
47.5,-150.5,419.80203334469655
47.5,-149.5,419.78925484292967
47.5,-148.5,419.7767428546079
47.5,-147.5,419.7666375590122
47.5,-146.5,419.7539794107688
47.5,-145.5,419.74564352631074
47.5,-144.5,419.7272426218922
47.5,-143.5,419.7177424538378
47.5,-142.5,419.7058887414908
47.5,-141.5,419.6953987732455
47.5,-140.5,419.6869254436776
47.5,-139.5,419.6878467563313
47.5,-138.5,419.6845508592632
47.5,-137.5,419.6828167975879
47.5,-136.5,419.6786022270045
47.5,-135.5,419.67415166633776
47.5,-134.5,419.6717619015984
47.5,-133.5,419.6744920647629
47.5,-132.5,419.6788150448286
47.5,-131.5,419.6848667458357
47.5,-130.5,419.6910481662547
47.5,-129.5,419.6942974542524
47.5,-128.5,419.6973379595941
47.5,-127.5,419.7014236365811
47.5,-126.5,419.7171540694516
47.5,-125.5,419.7320439054069
47.5,-124.5,419.7355873008762
47.5,-123.5,419.7857110412477
47.5,-122.5,419.8776061422552
47.5,-121.5,419.5889226786352
47.5,-120.5,419.5648017534262
47.5,-119.5,419.7600939733709
47.5,-118.5,419.766576211014
47.5,-117.5,419.6658865071262
47.5,-116.5,419.5876530995091
47.5,-115.5,419.4315587047105
47.5,-114.5,419.4496058605661
47.5,-113.5,419.2845680813127
47.5,-112.5,419.2867463686076
47.5,-111.5,419.44275330522527
47.5,-110.5,419.4593556568091
47.5,-109.5,419.4821903904897
47.5,-108.5,419.5460624161068
47.5,-107.5,419.5543236643055
47.5,-106.5,419.55345102963696
47.5,-105.5,419.5533876516644
47.5,-104.5,419.54271674031673
47.5,-103.5,419.5288039233385
47.5,-102.5,419.50826125827047
47.5,-101.5,419.5108567232973
47.5,-100.5,419.4373974195527
47.5,-99.5,419.400968033747
47.5,-98.5,419.4010253778572
47.5,-97.5,419.4203534406225
47.5,-96.5,419.484140244636
47.5,-95.5,419.40730369797103
47.5,-94.5,419.38785422512825
47.5,-93.5,419.3882686823507
47.5,-92.5,419.375372912635
47.5,-91.5,419.380887298973
47.5,-90.5,419.4759752484448
47.5,-89.5,419.46929441767145
47.5,-88.5,419.4943130170295
47.5,-87.5,419.5042200256182
47.5,-86.5,419.5070278736336
47.5,-85.5,419.4405612591202
47.5,-84.5,419.3720736001247
47.5,-83.5,419.3414457306374
47.5,-82.5,419.3225634519146
47.5,-81.5,419.299892728504
47.5,-80.5,419.34186641959445
47.5,-79.5,419.3526088704633
47.5,-78.5,419.34967631521937
47.5,-77.5,419.33240634651554
47.5,-76.5,419.3149161844361
47.5,-75.5,419.2992309106325
47.5,-74.5,419.265494611427
47.5,-73.5,419.2536934946201
47.5,-72.5,419.2505630462721
47.5,-71.5,419.258352678769
47.5,-70.5,419.2841807385543
47.5,-69.5,419.3570388370732
47.5,-68.5,419.3565390285073
47.5,-67.5,419.4211266193136
47.5,-66.5,419.44368135567305
47.5,-65.5,419.4936545826144
47.5,-64.5,419.5106491999049
47.5,-63.5,419.5280336127413
47.5,-62.5,419.5304675100848
47.5,-61.5,419.5307587652463
47.5,-60.5,419.53615188388727
47.5,-59.5,419.5351454953064
47.5,-58.5,419.4862880745822
47.5,-57.5,419.52580988476495
47.5,-56.5,419.5015813937733
47.5,-55.5,419.4983673064527
47.5,-54.5,419.5093625760292
47.5,-53.5,419.5217413704704
47.5,-52.5,419.5485829854912
47.5,-51.5,419.5520372654244
47.5,-50.5,419.5523257605924
47.5,-49.5,419.5514504801704
47.5,-48.5,419.55023248932633
47.5,-47.5,419.5529262607964
47.5,-46.5,419.5499283554558
47.5,-45.5,419.5450021150761
47.5,-44.5,419.5420238272808
47.5,-43.5,419.5361228893103
47.5,-42.5,419.5295248006769
47.5,-41.5,419.5201218953018
47.5,-40.5,419.51061668493446
47.5,-39.5,419.4978230697773
47.5,-38.5,419.4834904186117
47.5,-37.5,419.4702564875458
47.5,-36.5,419.45546023952215
47.5,-35.5,419.4438000046084
47.5,-34.5,419.43127646239134
47.5,-33.5,419.4192322986952
47.5,-32.5,419.406292049925
47.5,-31.5,419.395863041028
47.5,-30.5,419.3868199369354
47.5,-29.5,419.3779637371144
47.5,-28.5,419.36694226661126
47.5,-27.5,419.35677717320334
47.5,-26.5,419.3501699468407
47.5,-25.5,419.3416519937777
47.5,-24.5,419.335057738697
47.5,-23.5,419.3297381518504
47.5,-22.5,419.3249218106696
47.5,-21.5,419.3211311143192
47.5,-20.5,419.3147899344932
47.5,-19.5,419.3061682434636
47.5,-18.5,419.2956881955072
47.5,-17.5,419.288384952268
47.5,-16.5,419.2812565674437
47.5,-15.5,419.2811772636605
47.5,-14.5,419.28551881374864
47.5,-13.5,419.29207155383216
47.5,-12.5,419.2981821249777
47.5,-11.5,419.3052397691288
47.5,-10.5,419.3145287496287
47.5,-9.5,419.3289549009912
47.5,-8.5,419.3393753600461
47.5,-7.5,419.3467487100201
47.5,-6.5,419.3591373407826
47.5,-5.5,419.3781579024154
47.5,-4.5,419.4006059720081
47.5,-3.5,419.4207602254297
47.5,-2.5,419.46066622575984
47.5,-1.5,419.505767769332
47.5,-0.5,419.5494272346098
47.5,0.5,419.5823155337496
47.5,1.5,419.6107785038181
47.5,2.5,419.6205433220879
47.5,3.5,419.6125994003313
47.5,4.5,419.6200220457874
47.5,5.5,419.649327761358
47.5,6.5,419.61848137878553
47.5,7.5,419.61215186921504
47.5,8.5,419.6292251510161
47.5,9.5,419.5299226550152
47.5,10.5,419.1572032763044
47.5,11.5,419.3437823185368
47.5,12.5,419.3255345429967
47.5,13.5,419.3043629202387
47.5,14.5,419.1478054120937
47.5,15.5,419.296812047155
47.5,16.5,419.56337937635885
47.5,17.5,419.6433622563069
47.5,18.5,419.62389884909305
47.5,19.5,419.5495623742387
47.5,20.5,419.50488042857125
47.5,21.5,419.4730183065148
47.5,22.5,419.3501974764712
47.5,23.5,419.12813432535256
47.5,24.5,419.0472627706108
47.5,25.5,418.9497232502476
47.5,26.5,419.1588327574141
47.5,27.5,419.20141821683296
47.5,28.5,419.1794133693245
47.5,29.5,419.1882532139985
47.5,30.5,419.21436405071137
47.5,31.5,419.2266943230021
47.5,32.5,419.2448039605053
47.5,33.5,419.2778939154583
47.5,34.5,419.268985953621
47.5,35.5,419.2339779029259
47.5,36.5,419.2306834107129
47.5,37.5,419.2490353344221
47.5,38.5,419.287487895184
47.5,39.5,419.362579066133
47.5,40.5,419.311006604432
47.5,41.5,419.3005513936691
47.5,42.5,419.3116410699635
47.5,43.5,419.301444332716
47.5,44.5,419.3195252404778
47.5,45.5,419.3374119852621
47.5,46.5,419.3330606091632
47.5,47.5,419.32020126325136
47.5,48.5,419.30977705361977
47.5,49.5,419.30031877689584
47.5,50.5,419.2893205790663
47.5,51.5,419.2868336694552
47.5,52.5,419.2742666994628
47.5,53.5,419.2724278867191
47.5,54.5,419.215739836352
47.5,55.5,419.17359261386287
47.5,56.5,419.1578169946437
47.5,57.5,419.1408580611468
47.5,58.5,419.1260827897093
47.5,59.5,419.13484579241015
47.5,60.5,419.1391543456788
47.5,61.5,419.1568890979309
47.5,62.5,419.1624055038725
47.5,63.5,419.1529111922199
47.5,64.5,419.1361148619964
47.5,65.5,419.1228205920179
47.5,66.5,419.0537840600725
47.5,67.5,419.0774000484095
47.5,68.5,419.08183475972487
47.5,69.5,419.0666626032207
47.5,70.5,419.0561046811553
47.5,71.5,419.0193317163216
47.5,72.5,419.0157695380767
47.5,73.5,418.9884988711301
47.5,74.5,419.0564010338146
47.5,75.5,419.1080422362261
47.5,76.5,419.1148447107822
47.5,77.5,419.1068976057716
47.5,78.5,419.1521842954983
47.5,79.5,419.1759330396635
47.5,80.5,419.1872548110177
47.5,81.5,419.1015686322926
47.5,82.5,419.0272708378039
47.5,83.5,419.2049575782325
47.5,84.5,419.2156733148049
47.5,85.5,419.28716959775255
47.5,86.5,419.0551817268182
47.5,87.5,419.315949792847
47.5,88.5,419.0674731122092
47.5,89.5,418.616729368144
47.5,90.5,418.5448297611422
47.5,91.5,418.8022552697446
47.5,92.5,418.8475666359613
47.5,93.5,419.1174162458171
47.5,94.5,419.0069906791362
47.5,95.5,418.89511633189056
47.5,96.5,418.7042891952538
47.5,97.5,418.55740638586025
47.5,98.5,418.5080217942757
47.5,99.5,418.56198768680736
47.5,100.5,418.60369894708
47.5,101.5,418.79699538365855
47.5,102.5,419.0034802257332
47.5,103.5,419.0307030492129
47.5,104.5,419.0357697096045
47.5,105.5,419.0413342225054
47.5,106.5,419.0975073806016
47.5,107.5,419.0529949990044
47.5,108.5,419.03300900460704
47.5,109.5,419.0674154644518
47.5,110.5,419.1341395627875
47.5,111.5,419.17389222558967
47.5,112.5,419.1917268091872
47.5,113.5,419.20748726361074
47.5,114.5,419.2725037952352
47.5,115.5,419.3433851219976
47.5,116.5,419.40548239658926
47.5,117.5,419.4598517030005
47.5,118.5,419.4258702696885
47.5,119.5,419.3734586751868
47.5,120.5,419.3120764950057
47.5,121.5,419.4528827678571
47.5,122.5,419.71486141876926
47.5,123.5,420.11361671041817
47.5,124.5,420.1826158763633
47.5,125.5,420.0611764843183
47.5,126.5,420.0772815044778
47.5,127.5,420.08756725678217
47.5,128.5,419.8985746084385
47.5,129.5,419.97127062126367
47.5,130.5,420.2175175891928
47.5,131.5,420.3736505728696
47.5,132.5,420.4219770450357
47.5,133.5,420.4440203589466
47.5,134.5,420.47703231987305
47.5,135.5,420.3792019474004
47.5,136.5,420.0329218554459
47.5,137.5,420.0008504900991
47.5,138.5,420.09131067948846
47.5,139.5,420.3297533182061
47.5,140.5,420.41042377395576
47.5,141.5,420.3742374964155
47.5,142.5,420.3029630584778
47.5,143.5,420.37616209514766
47.5,144.5,420.3734626061808
47.5,145.5,420.36671767249584
47.5,146.5,420.3526322023282
47.5,147.5,420.3474018441281
47.5,148.5,420.328746015114
47.5,149.5,420.3112283393757
47.5,150.5,420.2887631983934
47.5,151.5,420.2684296802829
47.5,152.5,420.2351379734278
47.5,153.5,420.214280879687
47.5,154.5,420.2051943902616
47.5,155.5,420.17758186395565
47.5,156.5,420.15596393630864
47.5,157.5,420.1343050074542
47.5,158.5,420.1155257463779
47.5,159.5,420.0841655678622
47.5,160.5,420.08031093209433
47.5,161.5,420.06157090357897
47.5,162.5,420.0400690193467
47.5,163.5,420.0196506067711
47.5,164.5,420.004635131109
47.5,165.5,419.9905521368961
47.5,166.5,419.9798690965914
47.5,167.5,419.9674027423388
47.5,168.5,419.9602520950931
47.5,169.5,419.9537922099571
47.5,170.5,419.9464022583032
47.5,171.5,419.9442381280179
47.5,172.5,419.93708045707615
47.5,173.5,419.9310722880995
47.5,174.5,419.9242466598071
47.5,175.5,419.9200056013606
47.5,176.5,419.91679774420334
47.5,177.5,419.9140184407156
47.5,178.5,419.9117503887092
47.5,179.5,419.9083884732203
48.5,-179.5,419.8552899018701
48.5,-178.5,419.8494550736457
48.5,-177.5,419.8462855063409
48.5,-176.5,419.8432006366055
48.5,-175.5,419.84077373922094
48.5,-174.5,419.8365003150271
48.5,-173.5,419.82704810358587
48.5,-172.5,419.82175868051314
48.5,-171.5,419.8212760872876
48.5,-170.5,419.8149000285442
48.5,-169.5,419.81083743994526
48.5,-168.5,419.8082291105239
48.5,-167.5,419.8058229936814
48.5,-166.5,419.80451781819113
48.5,-165.5,419.8037071274925
48.5,-164.5,419.8027288757397
48.5,-163.5,419.7983436360316
48.5,-162.5,419.7967513024222
48.5,-161.5,419.79349908302447
48.5,-160.5,419.7842859383185
48.5,-159.5,419.7805430224001
48.5,-158.5,419.7761354012522
48.5,-157.5,419.7741919557578
48.5,-156.5,419.7737494398749
48.5,-155.5,419.7743062912446
48.5,-154.5,419.776949807395
48.5,-153.5,419.7741589667621
48.5,-152.5,419.78127331837857
48.5,-151.5,419.7639057317338
48.5,-150.5,419.75137964305634
48.5,-149.5,419.7412431195284
48.5,-148.5,419.72934557078105
48.5,-147.5,419.7168929689711
48.5,-146.5,419.70351413535616
48.5,-145.5,419.6890017322478
48.5,-144.5,419.6803005892579
48.5,-143.5,419.6700996505144
48.5,-142.5,419.6594493667996
48.5,-141.5,419.6547855739457
48.5,-140.5,419.6521861685102
48.5,-139.5,419.6543278577573
48.5,-138.5,419.6531796773992
48.5,-137.5,419.6509173457968
48.5,-136.5,419.6490997491255
48.5,-135.5,419.6451689936536
48.5,-134.5,419.64380555754656
48.5,-133.5,419.6497881794781
48.5,-132.5,419.6563848102861
48.5,-131.5,419.6636243082836
48.5,-130.5,419.6718889597388
48.5,-129.5,419.6733795869264
48.5,-128.5,419.6786045184821
48.5,-127.5,419.6902123471736
48.5,-126.5,419.6926215075612
48.5,-125.5,419.6972402061295
48.5,-124.5,419.6716179203767
48.5,-123.5,419.7322715732172
48.5,-122.5,419.79991724303466
48.5,-121.5,419.3273516090197
48.5,-120.5,419.2703545059161
48.5,-119.5,419.3519420489101
48.5,-118.5,419.3699587171346
48.5,-117.5,419.3497285325572
48.5,-116.5,419.4347899582244
48.5,-115.5,419.3145356242538
48.5,-114.5,419.1926004975337
48.5,-113.5,419.2111966486494
48.5,-112.5,419.2608350767533
48.5,-111.5,419.4000688268119
48.5,-110.5,419.4103728303134
48.5,-109.5,419.4157316774758
48.5,-108.5,419.4391211763869
48.5,-107.5,419.4874857983851
48.5,-106.5,419.47630129001146
48.5,-105.5,419.4723031134869
48.5,-104.5,419.48575382785873
48.5,-103.5,419.4922391641276
48.5,-102.5,419.4681376715108
48.5,-101.5,419.4570466757022
48.5,-100.5,419.41339020629647
48.5,-99.5,419.3988822814232
48.5,-98.5,419.38116501704616
48.5,-97.5,419.43935313353126
48.5,-96.5,419.418822497717
48.5,-95.5,419.3856587535568
48.5,-94.5,419.3729609703093
48.5,-93.5,419.3596226981466
48.5,-92.5,419.32264969023737
48.5,-91.5,419.3094197661175
48.5,-90.5,419.3212636047302
48.5,-89.5,419.3457377665891
48.5,-88.5,419.4360965124
48.5,-87.5,419.46939353274433
48.5,-86.5,419.4226667721387
48.5,-85.5,419.35167031222375
48.5,-84.5,419.3302293064448
48.5,-83.5,419.3142155637972
48.5,-82.5,419.3183464969071
48.5,-81.5,419.3398876690434
48.5,-80.5,419.340557273062
48.5,-79.5,419.3482897714002
48.5,-78.5,419.35117588525367
48.5,-77.5,419.3602208545065
48.5,-76.5,419.3411258880104
48.5,-75.5,419.3163332199072
48.5,-74.5,419.2353924154747
48.5,-73.5,419.2634634826554
48.5,-72.5,419.3070244855568
48.5,-71.5,419.3058741308532
48.5,-70.5,419.2530821052599
48.5,-69.5,419.3500455302972
48.5,-68.5,419.4285080577551
48.5,-67.5,419.34167746084745
48.5,-66.5,419.3092793451284
48.5,-65.5,419.3264040485731
48.5,-64.5,419.4595813766954
48.5,-63.5,419.5036693867224
48.5,-62.5,419.5079758920769
48.5,-61.5,419.51220777544825
48.5,-60.5,419.5163687109332
48.5,-59.5,419.5110283240517
48.5,-58.5,419.4702176436719
48.5,-57.5,419.3991571193322
48.5,-56.5,419.4150800330517
48.5,-55.5,419.4511804742405
48.5,-54.5,419.5029841355638
48.5,-53.5,419.50833021120405
48.5,-52.5,419.5191865695566
48.5,-51.5,419.5200173132944
48.5,-50.5,419.5179496454551
48.5,-49.5,419.5141032007304
48.5,-48.5,419.5129893658308
48.5,-47.5,419.51284030695865
48.5,-46.5,419.5130104946366
48.5,-45.5,419.5140214844223
48.5,-44.5,419.523136181578
48.5,-43.5,419.5145565084368
48.5,-42.5,419.5096916052123
48.5,-41.5,419.5025295694184
48.5,-40.5,419.4911041076825
48.5,-39.5,419.4787967757751
48.5,-38.5,419.4672166985107
48.5,-37.5,419.4555502929488
48.5,-36.5,419.4422175005852
48.5,-35.5,419.4290638601308
48.5,-34.5,419.418142072789
48.5,-33.5,419.4080405361216
48.5,-32.5,419.3979120133024
48.5,-31.5,419.3898322838314
48.5,-30.5,419.38414622181824
48.5,-29.5,419.37680366972927
48.5,-28.5,419.36882552282685
48.5,-27.5,419.3624610996448
48.5,-26.5,419.35712953038205
48.5,-25.5,419.3511485524684
48.5,-24.5,419.3440628859834
48.5,-23.5,419.3387460567726
48.5,-22.5,419.3348147483279
48.5,-21.5,419.3333740166277
48.5,-20.5,419.3299896866704
48.5,-19.5,419.3215046876824
48.5,-18.5,419.307926426305
48.5,-17.5,419.29871978223576
48.5,-16.5,419.2916485732516
48.5,-15.5,419.2886157660943
48.5,-14.5,419.2900753951213
48.5,-13.5,419.2945546162129
48.5,-12.5,419.30467893872526
48.5,-11.5,419.3130085561222
48.5,-10.5,419.322370663759
48.5,-9.5,419.3305240249725
48.5,-8.5,419.3395800980264
48.5,-7.5,419.3473616348791
48.5,-6.5,419.3578808177444
48.5,-5.5,419.3717237812826
48.5,-4.5,419.384627180448
48.5,-3.5,419.40197805966193
48.5,-2.5,419.44152414661227
48.5,-1.5,419.4748003828902
48.5,-0.5,419.4901970002542
48.5,0.5,419.5243551777058
48.5,1.5,419.5800127229655
48.5,2.5,419.702712858298
48.5,3.5,419.66004745746255
48.5,4.5,419.6576575410628
48.5,5.5,419.6533830504897
48.5,6.5,419.68199704792426
48.5,7.5,419.6602647528208
48.5,8.5,419.6648329762248
48.5,9.5,419.70270574930566
48.5,10.5,419.7014800043179
48.5,11.5,419.7421878282979
48.5,12.5,419.7012041713778
48.5,13.5,419.5522101504609
48.5,14.5,419.5239425331599
48.5,15.5,419.55797045296526
48.5,16.5,419.7345434150929
48.5,17.5,419.5740151370938
48.5,18.5,419.48959524634006
48.5,19.5,419.2959153658014
48.5,20.5,419.4707542270172
48.5,21.5,419.4903183984482
48.5,22.5,419.2987604143474
48.5,23.5,419.2021402482281
48.5,24.5,419.0478921808635
48.5,25.5,419.21623159385865
48.5,26.5,419.2273710814425
48.5,27.5,419.2180511416533
48.5,28.5,419.1906657544936
48.5,29.5,419.20312640673234
48.5,30.5,419.2140535622985
48.5,31.5,419.21820587221214
48.5,32.5,419.2338988224652
48.5,33.5,419.2519865305801
48.5,34.5,419.25932268527
48.5,35.5,419.2706286729903
48.5,36.5,419.2463795351627
48.5,37.5,419.30436993310616
48.5,38.5,419.3095899766541
48.5,39.5,419.273518444762
48.5,40.5,419.2804526111028
48.5,41.5,419.28039352969006
48.5,42.5,419.2743484205352
48.5,43.5,419.3090466623387
48.5,44.5,419.303133700243
48.5,45.5,419.3304902519468
48.5,46.5,419.3063208121296
48.5,47.5,419.3033454256537
48.5,48.5,419.2921595486666
48.5,49.5,419.2816858795494
48.5,50.5,419.2646487073752
48.5,51.5,419.2574596345036
48.5,52.5,419.2524778122579
48.5,53.5,419.212376856972
48.5,54.5,419.19077892588354
48.5,55.5,419.1526713398199
48.5,56.5,419.1284990236144
48.5,57.5,419.1021499257882
48.5,58.5,419.0757509456063
48.5,59.5,419.106797671142
48.5,60.5,419.11461913380106
48.5,61.5,419.1410264307663
48.5,62.5,419.14412729764615
48.5,63.5,419.1385731955378
48.5,64.5,419.1183868156556
48.5,65.5,419.0586500298431
48.5,66.5,419.0330288361925
48.5,67.5,418.97237634428177
48.5,68.5,418.985721990605
48.5,69.5,419.0192204169502
48.5,70.5,419.0068055213197
48.5,71.5,418.9892345241979
48.5,72.5,418.9854452885769
48.5,73.5,418.9360705723739
48.5,74.5,418.9217924941637
48.5,75.5,418.9719223907915
48.5,76.5,419.05071446771433
48.5,77.5,419.0477998646224
48.5,78.5,419.0738730347384
48.5,79.5,419.0982786209327
48.5,80.5,419.1527634758235
48.5,81.5,419.1764774414195
48.5,82.5,419.2948888958705
48.5,83.5,419.3209430961329
48.5,84.5,419.30042600281865
48.5,85.5,418.9312854026554
48.5,86.5,418.73573917128215
48.5,87.5,418.7832555801725
48.5,88.5,418.5250387533856
48.5,89.5,418.4880556547103
48.5,90.5,418.5103252028765
48.5,91.5,418.7760463127853
48.5,92.5,419.0984569273581
48.5,93.5,419.0966662829296
48.5,94.5,418.93406046382125
48.5,95.5,418.90676731421416
48.5,96.5,418.717990011949
48.5,97.5,418.7517792743751
48.5,98.5,418.7367860493986
48.5,99.5,418.653295961831
48.5,100.5,418.8351205339898
48.5,101.5,418.93775436307646
48.5,102.5,418.98391358196216
48.5,103.5,419.0490414796919
48.5,104.5,419.1614645564033
48.5,105.5,419.1144046402648
48.5,106.5,419.1410442373335
48.5,107.5,418.9653979825856
48.5,108.5,418.93115794799
48.5,109.5,419.0350562795169
48.5,110.5,419.045660460137
48.5,111.5,419.11149637098816
48.5,112.5,419.151337510502
48.5,113.5,419.21692074949135
48.5,114.5,419.2470602613035
48.5,115.5,419.3176342972482
48.5,116.5,419.3806921414948
48.5,117.5,419.4562995426982
48.5,118.5,419.4892943200557
48.5,119.5,419.6834187797941
48.5,120.5,419.39211943579664
48.5,121.5,419.37079410037984
48.5,122.5,419.5379783933238
48.5,123.5,419.7246192516817
48.5,124.5,419.80393331520975
48.5,125.5,419.8599084688162
48.5,126.5,419.9049172263469
48.5,127.5,419.9495163389534
48.5,128.5,419.86418233811344
48.5,129.5,419.96718619257297
48.5,130.5,420.0437140081422
48.5,131.5,420.1588001819126
48.5,132.5,420.210962706188
48.5,133.5,420.2948088977259
48.5,134.5,420.36677755132274
48.5,135.5,420.4027706365621
48.5,136.5,420.17783163146566
48.5,137.5,419.9242960100179
48.5,138.5,419.8971590268251
48.5,139.5,420.0494354959603
48.5,140.5,420.262885506699
48.5,141.5,420.29089131151807
48.5,142.5,420.224317628148
48.5,143.5,420.2814227578495
48.5,144.5,420.2793165312401
48.5,145.5,420.2645489602386
48.5,146.5,420.261670764346
48.5,147.5,420.24936786755984
48.5,148.5,420.2432003558849
48.5,149.5,420.2214937446452
48.5,150.5,420.20495508826656
48.5,151.5,420.1939965800114
48.5,152.5,420.1719610679434
48.5,153.5,420.1366090440136
48.5,154.5,420.138158753457
48.5,155.5,420.11642319734256
48.5,156.5,420.09843511976936
48.5,157.5,420.07946529949146
48.5,158.5,420.065758957794
48.5,159.5,420.0530577314224
48.5,160.5,420.033367830846
48.5,161.5,419.9943399219232
48.5,162.5,419.9925440509461
48.5,163.5,419.9719377607781
48.5,164.5,419.9582237678283
48.5,165.5,419.9434326139239
48.5,166.5,419.9331244688712
48.5,167.5,419.922342850544
48.5,168.5,419.9110856319001
48.5,169.5,419.9037401421477
48.5,170.5,419.90067702096223
48.5,171.5,419.9017657457417
48.5,172.5,419.8984086754536
48.5,173.5,419.8923984329342
48.5,174.5,419.8871039510954
48.5,175.5,419.884344399371
48.5,176.5,419.8817971997465
48.5,177.5,419.8775472296081
48.5,178.5,419.87271234673193
48.5,179.5,419.86316794430206
49.5,-179.5,419.79736638881
49.5,-178.5,419.7939730777852
49.5,-177.5,419.7872072889313
49.5,-176.5,419.7810633708724
49.5,-175.5,419.77523359683977
49.5,-174.5,419.769339653901
49.5,-173.5,419.765475374053
49.5,-172.5,419.7628380893996
49.5,-171.5,419.761774329504
49.5,-170.5,419.7610339562109
49.5,-169.5,419.7599113624543
49.5,-168.5,419.75832740075936
49.5,-167.5,419.7566562417959
49.5,-166.5,419.7516226229018
49.5,-165.5,419.74934396740304
49.5,-164.5,419.74707557369857
49.5,-163.5,419.7450930942739
49.5,-162.5,419.741714047172
49.5,-161.5,419.7364900986088
49.5,-160.5,419.7281801877547
49.5,-159.5,419.7266271098052
49.5,-158.5,419.72214901221
49.5,-157.5,419.7190185521931
49.5,-156.5,419.7181009908164
49.5,-155.5,419.7178820463225
49.5,-154.5,419.7204811638427
49.5,-153.5,419.7200128560032
49.5,-152.5,419.7179606978482
49.5,-151.5,419.7104635664947
49.5,-150.5,419.701748755953
49.5,-149.5,419.6931227969546
49.5,-148.5,419.68392824807074
49.5,-147.5,419.673037940048
49.5,-146.5,419.6635864465185
49.5,-145.5,419.65212322355296
49.5,-144.5,419.6429021920986
49.5,-143.5,419.6344064333141
49.5,-142.5,419.627466404159
49.5,-141.5,419.6231998252793
49.5,-140.5,419.6233004401229
49.5,-139.5,419.62626979662025
49.5,-138.5,419.6261281615676
49.5,-137.5,419.6238021105968
49.5,-136.5,419.61880417533536
49.5,-135.5,419.6181261561509
49.5,-134.5,419.6186752685451
49.5,-133.5,419.620996429862
49.5,-132.5,419.6279901412402
49.5,-131.5,419.6400716443049
49.5,-130.5,419.65216850631504
49.5,-129.5,419.6605006111685
49.5,-128.5,419.6640026288938
49.5,-127.5,419.64530045096495
49.5,-126.5,419.6356235727145
49.5,-125.5,419.4864613137677
49.5,-124.5,419.6208203975552
49.5,-123.5,419.4156671778019
49.5,-122.5,419.3751180382675
49.5,-121.5,419.32813623320766
49.5,-120.5,419.1773460241263
49.5,-119.5,419.2228267418377
49.5,-118.5,419.20341610725376
49.5,-117.5,419.1921198651712
49.5,-116.5,419.1104527605538
49.5,-115.5,419.1309038515504
49.5,-114.5,419.1308225896841
49.5,-113.5,419.1472464184704
49.5,-112.5,419.32964567847984
49.5,-111.5,419.3563794025556
49.5,-110.5,419.3194776504309
49.5,-109.5,419.3199019146873
49.5,-108.5,419.33285192342254
49.5,-107.5,419.3606992626071
49.5,-106.5,419.3873107594722
49.5,-105.5,419.3938752938943
49.5,-104.5,419.4221540933944
49.5,-103.5,419.4190596712423
49.5,-102.5,419.403456244782
49.5,-101.5,419.3781000806907
49.5,-100.5,419.3881510922074
49.5,-99.5,419.3912300190449
49.5,-98.5,419.41109480396847
49.5,-97.5,419.4166054850854
49.5,-96.5,419.4033648613018
49.5,-95.5,419.3758905953413
49.5,-94.5,419.3676751216472
49.5,-93.5,419.337498101008
49.5,-92.5,419.3219727041766
49.5,-91.5,419.2847482991289
49.5,-90.5,419.2776005386565
49.5,-89.5,419.3168792026596
49.5,-88.5,419.3520761898896
49.5,-87.5,419.3812650137713
49.5,-86.5,419.3548687401489
49.5,-85.5,419.3576374681212
49.5,-84.5,419.3536949404764
49.5,-83.5,419.3790602273954
49.5,-82.5,419.36688113268855
49.5,-81.5,419.3684502166376
49.5,-80.5,419.35992512018464
49.5,-79.5,419.3939912189729
49.5,-78.5,419.3846683205245
49.5,-77.5,419.3872900360973
49.5,-76.5,419.42177064708847
49.5,-75.5,419.3492921826388
49.5,-74.5,419.2992978569088
49.5,-73.5,419.3398645625125
49.5,-72.5,419.3139191775381
49.5,-71.5,419.3014732515016
49.5,-70.5,419.23955818413657
49.5,-69.5,419.2546918182852
49.5,-68.5,419.3138977969537
49.5,-67.5,419.3957815593822
49.5,-66.5,419.4156878301737
49.5,-65.5,419.4320290340062
49.5,-64.5,419.4705157161437
49.5,-63.5,419.4762899934067
49.5,-62.5,419.4822726499261
49.5,-61.5,419.4883252226494
49.5,-60.5,419.4987732601673
49.5,-59.5,419.4987130972926
49.5,-58.5,419.478229649179
49.5,-57.5,419.39735364002746
49.5,-56.5,419.4187385754766
49.5,-55.5,419.470394935876
49.5,-54.5,419.487262142372
49.5,-53.5,419.4900856086813
49.5,-52.5,419.49061055391786
49.5,-51.5,419.48613366636897
49.5,-50.5,419.4831372257863
49.5,-49.5,419.481557979173
49.5,-48.5,419.4801646603887
49.5,-47.5,419.4807362602479
49.5,-46.5,419.4814353641125
49.5,-45.5,419.482753164751
49.5,-44.5,419.481816494926
49.5,-43.5,419.4782379307431
49.5,-42.5,419.47442590270464
49.5,-41.5,419.47000699786526
49.5,-40.5,419.4618224933781
49.5,-39.5,419.44893115855314
49.5,-38.5,419.4388068078767
49.5,-37.5,419.4308114406962
49.5,-36.5,419.4223835013586
49.5,-35.5,419.4129820830042
49.5,-34.5,419.4019709835952
49.5,-33.5,419.393984791318
49.5,-32.5,419.385461163669
49.5,-31.5,419.3789199654653
49.5,-30.5,419.3729935326967
49.5,-29.5,419.36846147446977
49.5,-28.5,419.3382677951576
49.5,-27.5,419.35802313387126
49.5,-26.5,419.3540162402791
49.5,-25.5,419.3504740376615
49.5,-24.5,419.3170525449149
49.5,-23.5,419.34494095891154
49.5,-22.5,419.3438723102548
49.5,-21.5,419.3403284283099
49.5,-20.5,419.3357173000467
49.5,-19.5,419.32736689556754
49.5,-18.5,419.31380530011415
49.5,-17.5,419.3037517311972
49.5,-16.5,419.2977098608608
49.5,-15.5,419.2916285633573
49.5,-14.5,419.2894513492445
49.5,-13.5,419.29073676320553
49.5,-12.5,419.2994453761499
49.5,-11.5,419.30546007400886
49.5,-10.5,419.3117763187669
49.5,-9.5,419.318859067008
49.5,-8.5,419.3278232052037
49.5,-7.5,419.33594417607367
49.5,-6.5,419.34745846145177
49.5,-5.5,419.3608072813288
49.5,-4.5,419.38055301047103
49.5,-3.5,419.4063165427664
49.5,-2.5,419.438262062093
49.5,-1.5,419.4592956509484
49.5,-0.5,419.5270347627502
49.5,0.5,419.56457001459125
49.5,1.5,419.5917346578578
49.5,2.5,419.69524019528114
49.5,3.5,419.66645075012497
49.5,4.5,419.6462723979333
49.5,5.5,419.6647998864615
49.5,6.5,419.6994480034064
49.5,7.5,419.7040920748672
49.5,8.5,419.8980093796177
49.5,9.5,419.75387775807184
49.5,10.5,419.7100136577643
49.5,11.5,419.684463141481
49.5,12.5,419.6084045269891
49.5,13.5,419.55904968912427
49.5,14.5,419.5791723672169
49.5,15.5,419.5461594451023
49.5,16.5,419.5295356055283
49.5,17.5,419.5664929642166
49.5,18.5,419.4569479534526
49.5,19.5,419.3699827481108
49.5,20.5,419.4497607333952
49.5,21.5,419.4249405572215
49.5,22.5,419.404224083804
49.5,23.5,419.25467153350655
49.5,24.5,419.2974275246586
49.5,25.5,419.26665613493793
49.5,26.5,419.24546140736254
49.5,27.5,419.2203339244727
49.5,28.5,419.208543787226
49.5,29.5,419.2252574414159
49.5,30.5,419.2324153654088
49.5,31.5,419.2536546564139
49.5,32.5,419.2640779675257
49.5,33.5,419.25582837270144
49.5,34.5,419.2527558827856
49.5,35.5,419.2444139230236
49.5,36.5,419.25728648742034
49.5,37.5,419.2582745163338
49.5,38.5,419.2631959035364
49.5,39.5,419.2737053387812
49.5,40.5,419.2742705229433
49.5,41.5,419.2665282232865
49.5,42.5,419.2739085285987
49.5,43.5,419.2712114122104
49.5,44.5,419.2699364057344
49.5,45.5,419.2944698534414
49.5,46.5,419.2904687756554
49.5,47.5,419.2789751953029
49.5,48.5,419.2690237236084
49.5,49.5,419.26753355873154
49.5,50.5,419.2628915472562
49.5,51.5,419.2516204021322
49.5,52.5,419.23537851946855
49.5,53.5,419.19547255479904
49.5,54.5,419.15543099485177
49.5,55.5,419.1181968912405
49.5,56.5,419.1077402415892
49.5,57.5,419.07275605482
49.5,58.5,419.052896230808
49.5,59.5,419.07869411551104
49.5,60.5,419.0892560584883
49.5,61.5,419.1186143493371
49.5,62.5,419.12099566111226
49.5,63.5,419.1240003312308
49.5,64.5,419.1054647734513
49.5,65.5,419.0506226304345
49.5,66.5,419.0252489408422
49.5,67.5,418.95620036231
49.5,68.5,418.9593000339677
49.5,69.5,418.9803650061588
49.5,70.5,418.9788276489966
49.5,71.5,418.9977735601673
49.5,72.5,419.0141866565567
49.5,73.5,419.0603748621651
49.5,74.5,418.93238837077126
49.5,75.5,418.9804049698562
49.5,76.5,418.9749950702396
49.5,77.5,419.0163247966752
49.5,78.5,419.0560259060342
49.5,79.5,419.195777900769
49.5,80.5,419.2032192582893
49.5,81.5,419.2343952664932
49.5,82.5,419.2546081709174
49.5,83.5,419.2153433029255
49.5,84.5,419.1891848291779
49.5,85.5,418.8446297606181
49.5,86.5,418.5389640138491
49.5,87.5,418.4086909855615
49.5,88.5,418.4885404868388
49.5,89.5,418.5020340305043
49.5,90.5,418.7215504688976
49.5,91.5,418.7033250551537
49.5,92.5,419.01370746384106
49.5,93.5,419.0469903633194
49.5,94.5,419.09431147829207
49.5,95.5,418.8373308781468
49.5,96.5,418.8332284916512
49.5,97.5,418.74209042532607
49.5,98.5,418.7355335716316
49.5,99.5,418.8042742496364
49.5,100.5,418.89389400303446
49.5,101.5,419.0054890320819
49.5,102.5,419.0327729484209
49.5,103.5,419.05845364391286
49.5,104.5,419.15318661438073
49.5,105.5,419.2854243839225
49.5,106.5,419.2888064417144
49.5,107.5,419.203232883588
49.5,108.5,419.0900163975005
49.5,109.5,418.9900618176898
49.5,110.5,418.9597831256487
49.5,111.5,418.9243563621232
49.5,112.5,419.0978410664272
49.5,113.5,419.1832890426424
49.5,114.5,419.2230951869382
49.5,115.5,419.3391093307399
49.5,116.5,419.3859632322983
49.5,117.5,419.4077534237118
49.5,118.5,419.50744752940994
49.5,119.5,419.5023793251872
49.5,120.5,419.416916001956
49.5,121.5,419.3577704729523
49.5,122.5,419.4412376151953
49.5,123.5,419.4940365660168
49.5,124.5,419.7591394027482
49.5,125.5,419.7558421940284
49.5,126.5,419.8028290980932
49.5,127.5,419.8581829132072
49.5,128.5,419.8783795108997
49.5,129.5,419.9987589088975
49.5,130.5,420.01447825915545
49.5,131.5,419.9067714902988
49.5,132.5,419.907409687663
49.5,133.5,419.8983126571162
49.5,134.5,419.9484707922283
49.5,135.5,420.19867510265874
49.5,136.5,420.2421708552138
49.5,137.5,420.0110180195013
49.5,138.5,419.9560886155282
49.5,139.5,419.9209321025015
49.5,140.5,420.1447223724498
49.5,141.5,420.2079074550328
49.5,142.5,420.09684380499925
49.5,143.5,420.1762876726556
49.5,144.5,420.1785639967994
49.5,145.5,420.17853660821584
49.5,146.5,420.1665884046524
49.5,147.5,420.1490289074697
49.5,148.5,420.137056806725
49.5,149.5,420.1176428166888
49.5,150.5,420.1043289203625
49.5,151.5,420.0881927794436
49.5,152.5,420.0805310961013
49.5,153.5,420.0651020082771
49.5,154.5,420.052011433056
49.5,155.5,420.0274987782181
49.5,156.5,420.0294225737899
49.5,157.5,420.01541702153855
49.5,158.5,420.0018575077823
49.5,159.5,419.9904297813972
49.5,160.5,419.9689468144194
49.5,161.5,419.9530981172096
49.5,162.5,419.9345051127412
49.5,163.5,419.9177704574295
49.5,164.5,419.90148350111326
49.5,165.5,419.8918154996037
49.5,166.5,419.8844160498415
49.5,167.5,419.8765927930184
49.5,168.5,419.86757437169945
49.5,169.5,419.8606372875814
49.5,170.5,419.85816416917856
49.5,171.5,419.8586803333377
49.5,172.5,419.8568443616696
49.5,173.5,419.8536112772323
49.5,174.5,419.8498279788117
49.5,175.5,419.8438848936439
49.5,176.5,419.8411777111556
49.5,177.5,419.8333176659735
49.5,178.5,419.824777868938
49.5,179.5,419.8127984979471
50.5,-179.5,419.7554594245261
50.5,-178.5,419.7441037321784
50.5,-177.5,419.73535422878007
50.5,-176.5,419.7276816486519
50.5,-175.5,419.7212146173353
50.5,-174.5,419.7149628928868
50.5,-173.5,419.7111724411726
50.5,-172.5,419.7088630917834
50.5,-171.5,419.7078298939619
50.5,-170.5,419.7081626413115
50.5,-169.5,419.7083124393915
50.5,-168.5,419.7055888158527
50.5,-167.5,419.70422290530126
50.5,-166.5,419.7016410290425
50.5,-165.5,419.6975963342681
50.5,-164.5,419.693431321108
50.5,-163.5,419.68986089602055
50.5,-162.5,419.6861094791967
50.5,-161.5,419.6814756500344
50.5,-160.5,419.67620879721096
50.5,-159.5,419.6740249266368
50.5,-158.5,419.67231056066345
50.5,-157.5,419.6701864021554
50.5,-156.5,419.66688235031353
50.5,-155.5,419.66888801068825
50.5,-154.5,419.6718885382493
50.5,-153.5,419.6721994057297
50.5,-152.5,419.6699887119949
50.5,-151.5,419.6637487410601
50.5,-150.5,419.6571352341579
50.5,-149.5,419.6478517259645
50.5,-148.5,419.64358145725794
50.5,-147.5,419.6382320850561
50.5,-146.5,419.63207884554447
50.5,-145.5,419.6240589892915
50.5,-144.5,419.616168671909
50.5,-143.5,419.6054007264265
50.5,-142.5,419.6000323284371
50.5,-141.5,419.5970262843208
50.5,-140.5,419.60016661406814
50.5,-139.5,419.6035603757784
50.5,-138.5,419.6049381909852
50.5,-137.5,419.60441228654696
50.5,-136.5,419.59910301858025
50.5,-135.5,419.59702782444094
50.5,-134.5,419.5976273950565
50.5,-133.5,419.5986462529633
50.5,-132.5,419.6018581564768
50.5,-131.5,419.61220620587727
50.5,-130.5,419.6294798880038
50.5,-129.5,419.6472665780617
50.5,-128.5,419.6502744543188
50.5,-127.5,419.6277291943271
50.5,-126.5,419.4937984196753
50.5,-125.5,419.5214321231913
50.5,-124.5,419.1807031621125
50.5,-123.5,419.1632861067898
50.5,-122.5,419.1048454407815
50.5,-121.5,419.24949484322286
50.5,-120.5,419.26883935391015
50.5,-119.5,419.3560338040722
50.5,-118.5,419.2982711403756
50.5,-117.5,419.1416091919777
50.5,-116.5,418.9792877120339
50.5,-115.5,418.8743063794624
50.5,-114.5,418.88723406559217
50.5,-113.5,419.2121252192867
50.5,-112.5,419.29635866107225
50.5,-111.5,419.30534161818537
50.5,-110.5,419.3113509365235
50.5,-109.5,419.3207890960711
50.5,-108.5,419.3254754073961
50.5,-107.5,419.3315953064934
50.5,-106.5,419.3488426089467
50.5,-105.5,419.3980795152552
50.5,-104.5,419.395290262889
50.5,-103.5,419.3795537622258
50.5,-102.5,419.353472723646
50.5,-101.5,419.3098036024985
50.5,-100.5,419.2915408686646
50.5,-99.5,419.2962795131043
50.5,-98.5,419.3926232735114
50.5,-97.5,419.4199969414877
50.5,-96.5,419.3913116901771
50.5,-95.5,419.37544856610737
50.5,-94.5,419.3583379738034
50.5,-93.5,419.311294178395
50.5,-92.5,419.29819741841135
50.5,-91.5,419.2951967950694
50.5,-90.5,419.27934253307774
50.5,-89.5,419.3172013547663
50.5,-88.5,419.3374440888253
50.5,-87.5,419.34040196187954
50.5,-86.5,419.3476432075237
50.5,-85.5,419.3739921913356
50.5,-84.5,419.4084099876118
50.5,-83.5,419.4022871190917
50.5,-82.5,419.41762737677857
50.5,-81.5,419.4225623956241
50.5,-80.5,419.4118252419959
50.5,-79.5,419.4504557906393
50.5,-78.5,419.4320370995626
50.5,-77.5,419.4063554280765
50.5,-76.5,419.387820077036
50.5,-75.5,419.3621734479593
50.5,-74.5,419.35163644487903
50.5,-73.5,419.3243913574033
50.5,-72.5,419.3055365952087
50.5,-71.5,419.21838982217184
50.5,-70.5,419.20951198376736
50.5,-69.5,419.1822791212177
50.5,-68.5,419.23081542542735
50.5,-67.5,419.2382970729685
50.5,-66.5,419.2538915187648
50.5,-65.5,419.3930277009874
50.5,-64.5,419.3435178415984
50.5,-63.5,419.4251712453727
50.5,-62.5,419.4267502887472
50.5,-61.5,419.4378220800076
50.5,-60.5,419.43465284068265
50.5,-59.5,419.47124623798936
50.5,-58.5,419.48037975020543
50.5,-57.5,419.41018990201377
50.5,-56.5,419.4103941744306
50.5,-55.5,419.46763962912553
50.5,-54.5,419.4740734196824
50.5,-53.5,419.4662243334029
50.5,-52.5,419.4574313176356
50.5,-51.5,419.45196711938416
50.5,-50.5,419.4464137668025
50.5,-49.5,419.44362351284207
50.5,-48.5,419.4432288903669
50.5,-47.5,419.444154706107
50.5,-46.5,419.46206814022753
50.5,-45.5,419.44852536324913
50.5,-44.5,419.4455023812139
50.5,-43.5,419.4399375017872
50.5,-42.5,419.43581279242005
50.5,-41.5,419.43050770410815
50.5,-40.5,419.4233434052024
50.5,-39.5,419.41607992476713
50.5,-38.5,419.4069998072397
50.5,-37.5,419.3989907750282
50.5,-36.5,419.39022612007534
50.5,-35.5,419.3822101148375
50.5,-34.5,419.3738796781467
50.5,-33.5,419.3678906192057
50.5,-32.5,419.361727825898
50.5,-31.5,419.3573496133212
50.5,-30.5,419.3527870638205
50.5,-29.5,419.34824803186166
50.5,-28.5,419.3461626931287
50.5,-27.5,419.34530542616176
50.5,-26.5,419.34255619891707
50.5,-25.5,419.33963681645287
50.5,-24.5,419.3377956207209
50.5,-23.5,419.3382488183215
50.5,-22.5,419.3358290937473
50.5,-21.5,419.3333391982223
50.5,-20.5,419.3299205135171
50.5,-19.5,419.3218775696319
50.5,-18.5,419.30899050638624
50.5,-17.5,419.2975918040271
50.5,-16.5,419.28692717424445
50.5,-15.5,419.2792799642576
50.5,-14.5,419.27476459016697
50.5,-13.5,419.2740792210534
50.5,-12.5,419.2728019850964
50.5,-11.5,419.2773910317733
50.5,-10.5,419.28321938269744
50.5,-9.5,419.29008247921627
50.5,-8.5,419.3026314633274
50.5,-7.5,419.31484746452674
50.5,-6.5,419.3307466631563
50.5,-5.5,419.3382192138974
50.5,-4.5,419.3600848606102
50.5,-3.5,419.39098399028666
50.5,-2.5,419.4000830347361
50.5,-1.5,419.4576485256411
50.5,-0.5,419.48609661449166
50.5,0.5,419.5031500699527
50.5,1.5,419.5418895923607
50.5,2.5,419.6284426566047
50.5,3.5,419.6949080306552
50.5,4.5,419.7040188231573
50.5,5.5,419.7550109991839
50.5,6.5,419.66590045596206
50.5,7.5,419.7583896797557
50.5,8.5,419.81041532151175
50.5,9.5,419.7148985251582
50.5,10.5,419.6816300124228
50.5,11.5,419.63718260753234
50.5,12.5,419.665793056244
50.5,13.5,419.73672446935046
50.5,14.5,419.66451944398335
50.5,15.5,419.610913745352
50.5,16.5,419.5397288300846
50.5,17.5,419.5215666881635
50.5,18.5,419.8198389128543
50.5,19.5,419.6390214738943
50.5,20.5,419.5674078276215
50.5,21.5,419.5651226339742
50.5,22.5,419.48335854236217
50.5,23.5,419.4297565338004
50.5,24.5,419.3948927462086
50.5,25.5,419.3318473727019
50.5,26.5,419.2958535793909
50.5,27.5,419.2836842437761
50.5,28.5,419.2618520206266
50.5,29.5,419.26247565903856
50.5,30.5,419.3031038072614
50.5,31.5,419.2794134917484
50.5,32.5,419.2691684174473
50.5,33.5,419.2595161719927
50.5,34.5,419.2572972405521
50.5,35.5,419.2801695561639
50.5,36.5,419.28408266567226
50.5,37.5,419.26884748054977
50.5,38.5,419.2764390258686
50.5,39.5,419.2907515739914
50.5,40.5,419.2896409512295
50.5,41.5,419.2826449091252
50.5,42.5,419.2904047242649
50.5,43.5,419.2808646035938
50.5,44.5,419.2538980424941
50.5,45.5,419.27065327021376
50.5,46.5,419.2902835766735
50.5,47.5,419.2727929154884
50.5,48.5,419.2590309717952
50.5,49.5,419.247828236832
50.5,50.5,419.2511746637569
50.5,51.5,419.23088439979614
50.5,52.5,419.2159415884299
50.5,53.5,419.1902336302098
50.5,54.5,419.149505172402
50.5,55.5,419.12818864777176
50.5,56.5,419.1078560041012
50.5,57.5,419.10110628239823
50.5,58.5,419.0592722771249
50.5,59.5,419.0690825454589
50.5,60.5,419.0672255632159
50.5,61.5,419.0782153995055
50.5,62.5,419.0812855147832
50.5,63.5,419.09970316322864
50.5,64.5,419.0932583076496
50.5,65.5,419.0704233907943
50.5,66.5,419.04353371870127
50.5,67.5,419.03680393823913
50.5,68.5,419.0310773164052
50.5,69.5,419.0291382032955
50.5,70.5,419.0341203939249
50.5,71.5,419.0459250768675
50.5,72.5,419.0180407337321
50.5,73.5,419.0241215839162
50.5,74.5,419.0430148273196
50.5,75.5,419.0234222872025
50.5,76.5,419.1380048402169
50.5,77.5,419.175434634234
50.5,78.5,419.21905627581134
50.5,79.5,419.2850305750395
50.5,80.5,419.3151305850724
50.5,81.5,419.3148483992387
50.5,82.5,419.2990723948973
50.5,83.5,419.0417298471766
50.5,84.5,418.8526041193573
50.5,85.5,418.79107981061134
50.5,86.5,418.7310958161667
50.5,87.5,418.7119218194675
50.5,88.5,418.6491579477052
50.5,89.5,418.537100830375
50.5,90.5,418.63167095439246
50.5,91.5,419.0747027384065
50.5,92.5,419.1321481449087
50.5,93.5,419.17919970688064
50.5,94.5,419.10764808603415
50.5,95.5,419.0644171222045
50.5,96.5,418.8718844082325
50.5,97.5,418.76820967695977
50.5,98.5,418.7074304801157
50.5,99.5,418.705949393209
50.5,100.5,418.9227420039933
50.5,101.5,418.9436486995649
50.5,102.5,419.0133509947384
50.5,103.5,419.06428866587584
50.5,104.5,419.0999311515643
50.5,105.5,419.2330780444246
50.5,106.5,419.3576635629567
50.5,107.5,419.2466064568963
50.5,108.5,419.2127157404565
50.5,109.5,419.1468405181672
50.5,110.5,419.0379302143344
50.5,111.5,419.0091157499013
50.5,112.5,419.02213188705696
50.5,113.5,419.15729215691226
50.5,114.5,419.30587672483097
50.5,115.5,419.3350942574869
50.5,116.5,419.3288601011666
50.5,117.5,419.27996211394407
50.5,118.5,419.37576024697006
50.5,119.5,419.3596730501357
50.5,120.5,419.2795489825911
50.5,121.5,419.2717490696732
50.5,122.5,419.2884175953601
50.5,123.5,419.4076250699415
50.5,124.5,419.4682342456384
50.5,125.5,419.6690551434183
50.5,126.5,419.6696470196757
50.5,127.5,419.8136535722656
50.5,128.5,419.87696720007744
50.5,129.5,419.9099562607213
50.5,130.5,419.8899362417008
50.5,131.5,419.72788325132086
50.5,132.5,419.700818011888
50.5,133.5,419.4953198223435
50.5,134.5,419.5099835050782
50.5,135.5,419.7668617045932
50.5,136.5,419.9376295904544
50.5,137.5,420.0276938298481
50.5,138.5,419.8540503030115
50.5,139.5,419.8592379386952
50.5,140.5,420.016860730343
50.5,141.5,420.1268537555137
50.5,142.5,419.95371692117897
50.5,143.5,419.94519728821257
50.5,144.5,420.1155371816161
50.5,145.5,420.10458121385375
50.5,146.5,420.0824725695402
50.5,147.5,420.0652476318529
50.5,148.5,420.0453411120856
50.5,149.5,420.0333267068368
50.5,150.5,420.02529077271214
50.5,151.5,420.01396421228907
50.5,152.5,420.0053816486005
50.5,153.5,419.9961997833021
50.5,154.5,419.9849898648847
50.5,155.5,419.96080964990057
50.5,156.5,419.9449435731007
50.5,157.5,419.9441272820881
50.5,158.5,419.9318624746163
50.5,159.5,419.92037004055743
50.5,160.5,419.9071412158346
50.5,161.5,419.8963764880122
50.5,162.5,419.8830798615345
50.5,163.5,419.868892988791
50.5,164.5,419.8583571873276
50.5,165.5,419.8482632211193
50.5,166.5,419.8401194998828
50.5,167.5,419.8346891816864
50.5,168.5,419.82771990864535
50.5,169.5,419.8211990619637
50.5,170.5,419.8176003613557
50.5,171.5,419.8162219972705
50.5,172.5,419.8160091975581
50.5,173.5,419.8132863058102
50.5,174.5,419.8080047057256
50.5,175.5,419.8022804318677
50.5,176.5,419.79766597822703
50.5,177.5,419.7911893079457
50.5,178.5,419.77976349137833
50.5,179.5,419.7665776390377
51.5,-179.5,419.7071806739381
51.5,-178.5,419.6959156362721
51.5,-177.5,419.6891107975793
51.5,-176.5,419.6827879862418
51.5,-175.5,419.6739311023172
51.5,-174.5,419.6679287168464
51.5,-173.5,419.6635970748533
51.5,-172.5,419.6617461150042
51.5,-171.5,419.660481233516
51.5,-170.5,419.6590122687964
51.5,-169.5,419.6578157600185
51.5,-168.5,419.6576022144379
51.5,-167.5,419.6568539433844
51.5,-166.5,419.6540292376158
51.5,-165.5,419.6498372033709
51.5,-164.5,419.6442237926352
51.5,-163.5,419.6381794738808
51.5,-162.5,419.6345363947605
51.5,-161.5,419.63163788360686
51.5,-160.5,419.6293404114834
51.5,-159.5,419.62694699347423
51.5,-158.5,419.6236339346699
51.5,-157.5,419.6224827590473
51.5,-156.5,419.6219475875754
51.5,-155.5,419.6223252753505
51.5,-154.5,419.6249210794352
51.5,-153.5,419.6237881762687
51.5,-152.5,419.6244633224157
51.5,-151.5,419.62283644256337
51.5,-150.5,419.6194947695685
51.5,-149.5,419.6146436582783
51.5,-148.5,419.6121792924233
51.5,-147.5,419.6096028587605
51.5,-146.5,419.6057342800405
51.5,-145.5,419.5992427422258
51.5,-144.5,419.588757976585
51.5,-143.5,419.5825397345217
51.5,-142.5,419.57805323313767
51.5,-141.5,419.5794916455152
51.5,-140.5,419.5815240575854
51.5,-139.5,419.5868033844376
51.5,-138.5,419.5882417756514
51.5,-137.5,419.5877895304474
51.5,-136.5,419.5831950009376
51.5,-135.5,419.580980151527
51.5,-134.5,419.5792161005896
51.5,-133.5,419.5795814937962
51.5,-132.5,419.5804431636704
51.5,-131.5,419.5819567488712
51.5,-130.5,419.5948536174958
51.5,-129.5,419.6292779903455
51.5,-128.5,419.6338411403677
51.5,-127.5,419.4611301451698
51.5,-126.5,419.1274331595529
51.5,-125.5,419.0826184334082
51.5,-124.5,419.1131775128763
51.5,-123.5,418.9882535128175
51.5,-122.5,419.1591296337692
51.5,-121.5,419.1665907253543
51.5,-120.5,419.1860323588136
51.5,-119.5,419.0353514537802
51.5,-118.5,418.8724384332067
51.5,-117.5,418.84231780907794
51.5,-116.5,418.7502360857286
51.5,-115.5,418.7606404075353
51.5,-114.5,419.0730152439773
51.5,-113.5,419.153677550205
51.5,-112.5,419.1636720634655
51.5,-111.5,419.2057993497141
51.5,-110.5,419.2283375883627
51.5,-109.5,419.2340193855735
51.5,-108.5,419.256534120908
51.5,-107.5,419.2858414225263
51.5,-106.5,419.3029203095622
51.5,-105.5,419.30085662928553
51.5,-104.5,419.2776975414562
51.5,-103.5,419.26927035769546
51.5,-102.5,419.2533338096904
51.5,-101.5,419.2433072051329
51.5,-100.5,419.26930573957264
51.5,-99.5,419.3482986658111
51.5,-98.5,419.364107660854
51.5,-97.5,419.3632041135752
51.5,-96.5,419.348665387506
51.5,-95.5,419.3075262396136
51.5,-94.5,419.3014665207988
51.5,-93.5,419.29238249867046
51.5,-92.5,419.2737892853657
51.5,-91.5,419.3045037633404
51.5,-90.5,419.3330673736446
51.5,-89.5,419.341351135212
51.5,-88.5,419.3268318368555
51.5,-87.5,419.3467758308868
51.5,-86.5,419.380078014875
51.5,-85.5,419.3846898096815
51.5,-84.5,419.3886299969154
51.5,-83.5,419.3899599030418
51.5,-82.5,419.4154533325435
51.5,-81.5,419.4423057833088
51.5,-80.5,419.4520853151672
51.5,-79.5,419.4786629229853
51.5,-78.5,419.5116624674954
51.5,-77.5,419.4484330236224
51.5,-76.5,419.4222951622542
51.5,-75.5,419.3771673281366
51.5,-74.5,419.32721229753673
51.5,-73.5,419.32161421364617
51.5,-72.5,419.22439089506327
51.5,-71.5,419.2062129719216
51.5,-70.5,419.1876823301813
51.5,-69.5,419.2154459622283
51.5,-68.5,419.2036877928571
51.5,-67.5,419.1869545178117
51.5,-66.5,419.1898343326649
51.5,-65.5,419.2108100956581
51.5,-64.5,419.1654899594114
51.5,-63.5,419.2018865546385
51.5,-62.5,419.2154766949019
51.5,-61.5,419.2959182918176
51.5,-60.5,419.316256480524
51.5,-59.5,419.3886286340255
51.5,-58.5,419.398836542793
51.5,-57.5,419.3540881904928
51.5,-56.5,419.429588752954
51.5,-55.5,419.4384344211624
51.5,-54.5,419.4351958036421
51.5,-53.5,419.4287493919856
51.5,-52.5,419.4199481354127
51.5,-51.5,419.4144439739734
51.5,-50.5,419.4055661943991
51.5,-49.5,419.4019210881697
51.5,-48.5,419.3999245530543
51.5,-47.5,419.3996725503527
51.5,-46.5,419.4006681458556
51.5,-45.5,419.4028294618131
51.5,-44.5,419.4024783774667
51.5,-43.5,419.4011787963933
51.5,-42.5,419.39493761008026
51.5,-41.5,419.38814070250726
51.5,-40.5,419.38287985678096
51.5,-39.5,419.3765237140827
51.5,-38.5,419.3712744819713
51.5,-37.5,419.36582279290303
51.5,-36.5,419.3575314115712
51.5,-35.5,419.3489334303592
51.5,-34.5,419.3410197013791
51.5,-33.5,419.3357111465676
51.5,-32.5,419.3315129752636
51.5,-31.5,419.3266956650567
51.5,-30.5,419.3183564708845
51.5,-29.5,419.32344171482265
51.5,-28.5,419.325126123548
51.5,-27.5,419.3243957611495
51.5,-26.5,419.3230217163107
51.5,-25.5,419.3218749023759
51.5,-24.5,419.3205305503233
51.5,-23.5,419.31978569025887
51.5,-22.5,419.3172391741886
51.5,-21.5,419.31361263692975
51.5,-20.5,419.3100576740503
51.5,-19.5,419.2989597566215
51.5,-18.5,419.2863903084303
51.5,-17.5,419.2753909192394
51.5,-16.5,419.26584113363305
51.5,-15.5,419.2593938190912
51.5,-14.5,419.2539646161777
51.5,-13.5,419.2528433529505
51.5,-12.5,419.24954143691946
51.5,-11.5,419.25529005790816
51.5,-10.5,419.2557011356826
51.5,-9.5,419.2383307610604
51.5,-8.5,419.2509413534696
51.5,-7.5,419.2946665601429
51.5,-6.5,419.33582868984735
51.5,-5.5,419.3683076323748
51.5,-4.5,419.3742753260158
51.5,-3.5,419.3953423561363
51.5,-2.5,419.446786885105
51.5,-1.5,419.4759181008088
51.5,-0.5,419.6415907051343
51.5,0.5,419.6665505638493
51.5,1.5,419.5693098302146
51.5,2.5,419.6014138838616
51.5,3.5,419.8080958730568
51.5,4.5,419.764246732144
51.5,5.5,419.8295497230731
51.5,6.5,420.0991627232808
51.5,7.5,419.9629277338418
51.5,8.5,419.7852931522961
51.5,9.5,419.7363611558595
51.5,10.5,419.7145817826861
51.5,11.5,419.7909967384836
51.5,12.5,419.77739913018337
51.5,13.5,419.7844263335666
51.5,14.5,419.833361415419
51.5,15.5,419.7050556031817
51.5,16.5,419.6990589610104
51.5,17.5,419.64596246071
51.5,18.5,419.62909356294
51.5,19.5,419.616118121708
51.5,20.5,419.5647475522469
51.5,21.5,419.59679385166106
51.5,22.5,419.5637318015897
51.5,23.5,419.4962640004711
51.5,24.5,419.44944473689134
51.5,25.5,419.4062956386755
51.5,26.5,419.3786915622761
51.5,27.5,419.3565705815623
51.5,28.5,419.3269302620546
51.5,29.5,419.32278032791686
51.5,30.5,419.31339338058814
51.5,31.5,419.30074168604045
51.5,32.5,419.2893609681346
51.5,33.5,419.2891576048738
51.5,34.5,419.2862337672865
51.5,35.5,419.2836359101849
51.5,36.5,419.26902422653336
51.5,37.5,419.30480558751646
51.5,38.5,419.3175722728905
51.5,39.5,419.3337638296456
51.5,40.5,419.3204773212566
51.5,41.5,419.3137872928504
51.5,42.5,419.3089913064439
51.5,43.5,419.2844195292222
51.5,44.5,419.2578472954898
51.5,45.5,419.2838364472432
51.5,46.5,419.279725720026
51.5,47.5,419.2773041665614
51.5,48.5,419.2558904976398
51.5,49.5,419.23444927385896
51.5,50.5,419.2242869106046
51.5,51.5,419.2245326317336
51.5,52.5,419.1931813184448
51.5,53.5,419.1782167477858
51.5,54.5,419.16943538832
51.5,55.5,419.16428181080335
51.5,56.5,419.11708545544246
51.5,57.5,419.0590943463791
51.5,58.5,419.0825742840952
51.5,59.5,419.0792626933122
51.5,60.5,419.0518670520971
51.5,61.5,419.065667107836
51.5,62.5,419.07708022916927
51.5,63.5,419.07712547134247
51.5,64.5,419.0927740058736
51.5,65.5,419.0630732944682
51.5,66.5,419.0527159636071
51.5,67.5,419.0470388119844
51.5,68.5,419.047338319021
51.5,69.5,419.0518893849046
51.5,70.5,419.054900222784
51.5,71.5,419.0609496985287
51.5,72.5,419.0792068012647
51.5,73.5,419.077915489621
51.5,74.5,419.1415881164966
51.5,75.5,419.1757538961085
51.5,76.5,419.2485839132621
51.5,77.5,419.2609446800034
51.5,78.5,419.28442269529154
51.5,79.5,419.3114669513326
51.5,80.5,419.3480857784626
51.5,81.5,419.36935131620027
51.5,82.5,419.2767385722883
51.5,83.5,419.1240214255032
51.5,84.5,419.12731755314746
51.5,85.5,419.1293947594234
51.5,86.5,419.1950974526625
51.5,87.5,418.88155883164313
51.5,88.5,418.7478437318212
51.5,89.5,418.7784127798429
51.5,90.5,418.8046855611678
51.5,91.5,418.9530231978741
51.5,92.5,419.0117438553813
51.5,93.5,419.253260987382
51.5,94.5,419.26224393812265
51.5,95.5,419.1778923345412
51.5,96.5,418.9385692849444
51.5,97.5,418.7966374505373
51.5,98.5,418.7576004843002
51.5,99.5,418.6507111756706
51.5,100.5,418.77310963399
51.5,101.5,418.8234646908062
51.5,102.5,418.9243201173496
51.5,103.5,418.9632314756999
51.5,104.5,419.151431336614
51.5,105.5,419.2029597309482
51.5,106.5,419.21933685062345
51.5,107.5,419.2971677557564
51.5,108.5,419.221304643676
51.5,109.5,419.1756378984829
51.5,110.5,419.1397549192917
51.5,111.5,419.0775342886389
51.5,112.5,419.0917671631866
51.5,113.5,419.1119741368069
51.5,114.5,419.1747798692664
51.5,115.5,419.2184865979804
51.5,116.5,419.2226621397294
51.5,117.5,419.1970621915497
51.5,118.5,419.22193320229087
51.5,119.5,419.2678579426383
51.5,120.5,419.3137025509208
51.5,121.5,419.26744555585327
51.5,122.5,419.26788596691006
51.5,123.5,419.30186085005886
51.5,124.5,419.3705686845902
51.5,125.5,419.5348223770001
51.5,126.5,419.60492671222977
51.5,127.5,419.7395935242512
51.5,128.5,419.8395766111416
51.5,129.5,419.8816603041004
51.5,130.5,419.7556106435302
51.5,131.5,419.7074559981726
51.5,132.5,419.6318980172681
51.5,133.5,419.4258584150265
51.5,134.5,419.4863725874954
51.5,135.5,419.57508945043145
51.5,136.5,419.9483871311877
51.5,137.5,419.94643557344574
51.5,138.5,419.9507935154194
51.5,139.5,419.9654263172551
51.5,140.5,419.98032351780273
51.5,141.5,420.0464343926448
51.5,142.5,419.9815606937509
51.5,143.5,420.057291485552
51.5,144.5,420.0530388076114
51.5,145.5,420.0338293938691
51.5,146.5,420.0091757399525
51.5,147.5,419.99197899031645
51.5,148.5,419.9640865401565
51.5,149.5,419.9634804325581
51.5,150.5,419.95635358652765
51.5,151.5,419.9449120217997
51.5,152.5,419.9355229114036
51.5,153.5,419.93113685372464
51.5,154.5,419.9263985903881
51.5,155.5,419.9101757097876
51.5,156.5,419.804309338949
51.5,157.5,419.7859940011343
51.5,158.5,419.8190250606689
51.5,159.5,419.8554290074708
51.5,160.5,419.8476342535125
51.5,161.5,419.8382281640151
51.5,162.5,419.830990863882
51.5,163.5,419.8225350895149
51.5,164.5,419.8152851155496
51.5,165.5,419.8074855477805
51.5,166.5,419.8021828099262
51.5,167.5,419.7970120280983
51.5,168.5,419.7924285010224
51.5,169.5,419.78838935142426
51.5,170.5,419.7869580964328
51.5,171.5,419.78455278912793
51.5,172.5,419.78100359965634
51.5,173.5,419.7760725078657
51.5,174.5,419.7703537626975
51.5,175.5,419.7653340541722
51.5,176.5,419.75689536870766
51.5,177.5,419.7476737368483
51.5,178.5,419.73836694467167
51.5,179.5,419.7246932206481
52.5,-179.5,419.667214518262
52.5,-178.5,419.6398534487877
52.5,-177.5,419.6496798471295
52.5,-176.5,419.64404954992256
52.5,-175.5,419.6359959930618
52.5,-174.5,419.6306749456746
52.5,-173.5,419.6256800612885
52.5,-172.5,419.6230702433526
52.5,-171.5,419.6200746668467
52.5,-170.5,419.6175690351296
52.5,-169.5,419.6171548713631
52.5,-168.5,419.6157173857734
52.5,-167.5,419.61444615349967
52.5,-166.5,419.61017874532325
52.5,-165.5,419.6042544663484
52.5,-164.5,419.59888117486094
52.5,-163.5,419.5956678996199
52.5,-162.5,419.5930759914783
52.5,-161.5,419.5900314483889
52.5,-160.5,419.5880601025705
52.5,-159.5,419.5859529763972
52.5,-158.5,419.58168838653177
52.5,-157.5,419.58092033896895
52.5,-156.5,419.580189248778
52.5,-155.5,419.57979802669007
52.5,-154.5,419.5774180464271
52.5,-153.5,419.58042814604727
52.5,-152.5,419.5827611678751
52.5,-151.5,419.58592900211937
52.5,-150.5,419.585216822517
52.5,-149.5,419.5856535683753
52.5,-148.5,419.5849321460269
52.5,-147.5,419.58244323466
52.5,-146.5,419.5805436869588
52.5,-145.5,419.5766218128665
52.5,-144.5,419.5684998068052
52.5,-143.5,419.5647092034866
52.5,-142.5,419.56276014285584
52.5,-141.5,419.5665499682731
52.5,-140.5,419.5709865380064
52.5,-139.5,419.574495737794
52.5,-138.5,419.5746177172657
52.5,-137.5,419.5731115556312
52.5,-136.5,419.5680422854502
52.5,-135.5,419.5616487156446
52.5,-134.5,419.55759490852057
52.5,-133.5,419.5525907192144
52.5,-132.5,419.5496701031959
52.5,-131.5,419.553392582118
52.5,-130.5,419.5633682255908
52.5,-129.5,419.5733154154221
52.5,-128.5,419.54650629413743
52.5,-127.5,419.2554375505063
52.5,-126.5,419.216731043333
52.5,-125.5,419.1155638904215
52.5,-124.5,419.1384265240068
52.5,-123.5,419.1375865452295
52.5,-122.5,419.22528072472176
52.5,-121.5,419.2004258247641
52.5,-120.5,419.0180017569709
52.5,-119.5,418.8577133087669
52.5,-118.5,418.816350787792
52.5,-117.5,418.7123855061461
52.5,-116.5,418.8645131408015
52.5,-115.5,418.84078508331606
52.5,-114.5,419.00970247531984
52.5,-113.5,419.0943197265632
52.5,-112.5,419.09839748228194
52.5,-111.5,419.1569163528342
52.5,-110.5,419.1700093187292
52.5,-109.5,419.1641504976735
52.5,-108.5,419.1885788512597
52.5,-107.5,419.2040359559613
52.5,-106.5,419.25022094281246
52.5,-105.5,419.2406575059101
52.5,-104.5,419.23383733684346
52.5,-103.5,419.223521532182
52.5,-102.5,419.2234186795077
52.5,-101.5,419.2355667800631
52.5,-100.5,419.3120311074408
52.5,-99.5,419.33326911235264
52.5,-98.5,419.3476636580478
52.5,-97.5,419.3472787417701
52.5,-96.5,419.3311574049964
52.5,-95.5,419.2990929787578
52.5,-94.5,419.2757099508663
52.5,-93.5,419.2606168251192
52.5,-92.5,419.26137443637305
52.5,-91.5,419.2733723218667
52.5,-90.5,419.30754043256456
52.5,-89.5,419.318870218231
52.5,-88.5,419.3227698598623
52.5,-87.5,419.3144292731207
52.5,-86.5,419.3543743105408
52.5,-85.5,419.3644599883655
52.5,-84.5,419.3710450088243
52.5,-83.5,419.3904678677439
52.5,-82.5,419.42605223876296
52.5,-81.5,419.4406214680589
52.5,-80.5,419.4480849345372
52.5,-79.5,419.46703466611547
52.5,-78.5,419.5055014953962
52.5,-77.5,419.4494796327242
52.5,-76.5,419.4405737244042
52.5,-75.5,419.4582904226263
52.5,-74.5,419.3043699965466
52.5,-73.5,419.2518334786764
52.5,-72.5,419.153893072594
52.5,-71.5,419.1364589699412
52.5,-70.5,419.1742239078182
52.5,-69.5,419.20665122546
52.5,-68.5,419.1666299942639
52.5,-67.5,419.1970559774642
52.5,-66.5,419.199598874181
52.5,-65.5,419.2118447307285
52.5,-64.5,419.1900989111712
52.5,-63.5,419.20923826126847
52.5,-62.5,419.2147801434982
52.5,-61.5,419.25292372283707
52.5,-60.5,419.2520411503119
52.5,-59.5,419.2419964829423
52.5,-58.5,419.2466993367408
52.5,-57.5,419.2845858577804
52.5,-56.5,419.3287382855699
52.5,-55.5,419.39788629406735
52.5,-54.5,419.3989985241141
52.5,-53.5,419.3900572877641
52.5,-52.5,419.38076902283314
52.5,-51.5,419.3732023736729
52.5,-50.5,419.3621612215703
52.5,-49.5,419.3575988397157
52.5,-48.5,419.352984817241
52.5,-47.5,419.3534112375677
52.5,-46.5,419.35639301725047
52.5,-45.5,419.358757072051
52.5,-44.5,419.359211954681
52.5,-43.5,419.3584589854906
52.5,-42.5,419.3531132921384
52.5,-41.5,419.3469709848568
52.5,-40.5,419.34332687247047
52.5,-39.5,419.3393661544712
52.5,-38.5,419.3366071403297
52.5,-37.5,419.3331310806891
52.5,-36.5,419.3272815882937
52.5,-35.5,419.3183010183445
52.5,-34.5,419.31217578624427
52.5,-33.5,419.3056106207857
52.5,-32.5,419.3021098954847
52.5,-31.5,419.29892716288094
52.5,-30.5,419.2980713973004
52.5,-29.5,419.29905448278765
52.5,-28.5,419.30062873618766
52.5,-27.5,419.3012315995463
52.5,-26.5,419.3018956611653
52.5,-25.5,419.3023761864185
52.5,-24.5,419.3018534500383
52.5,-23.5,419.3011675274908
52.5,-22.5,419.2978440408229
52.5,-21.5,419.2905320269584
52.5,-20.5,419.2841686567661
52.5,-19.5,419.2766749917545
52.5,-18.5,419.26657335610594
52.5,-17.5,419.2551090525607
52.5,-16.5,419.2471511931293
52.5,-15.5,419.242629985192
52.5,-14.5,419.2377777450399
52.5,-13.5,419.23795771599
52.5,-12.5,419.23941510174205
52.5,-11.5,419.24097861547216
52.5,-10.5,419.2452600044985
52.5,-9.5,419.2524307357506
52.5,-8.5,419.2667718295115
52.5,-7.5,419.27433121188767
52.5,-6.5,419.2959610934808
52.5,-5.5,419.3443941414829
52.5,-4.5,419.3667306753968
52.5,-3.5,419.3704493934683
52.5,-2.5,419.4537657311488
52.5,-1.5,419.48223249396335
52.5,-0.5,419.54804164998217
52.5,0.5,419.5617040043517
52.5,1.5,419.5681461418418
52.5,2.5,419.5825893912476
52.5,3.5,419.6312739548832
52.5,4.5,419.7340507871919
52.5,5.5,419.7802347637893
52.5,6.5,419.7941521896445
52.5,7.5,419.8032437775956
52.5,8.5,419.80694068075496
52.5,9.5,419.7964040655624
52.5,10.5,419.7807035492872
52.5,11.5,419.7897688325043
52.5,12.5,419.8828217177113
52.5,13.5,419.8863042865802
52.5,14.5,419.7858827602335
52.5,15.5,419.7262528451248
52.5,16.5,419.7036026184354
52.5,17.5,419.6811666313628
52.5,18.5,419.658903919108
52.5,19.5,419.6113433588961
52.5,20.5,419.59179691523553
52.5,21.5,419.5833229022097
52.5,22.5,419.547635183498
52.5,23.5,419.51695261137655
52.5,24.5,419.481151370934
52.5,25.5,419.4506819563851
52.5,26.5,419.4526810133269
52.5,27.5,419.3970532382414
52.5,28.5,419.382113265212
52.5,29.5,419.3744074895933
52.5,30.5,419.3532851398883
52.5,31.5,419.3425311811352
52.5,32.5,419.33818342888304
52.5,33.5,419.3339274743436
52.5,34.5,419.3271492853506
52.5,35.5,419.3107950801585
52.5,36.5,419.3241250245419
52.5,37.5,419.3298313950277
52.5,38.5,419.342404942065
52.5,39.5,419.4401453291024
52.5,40.5,419.3724457908759
52.5,41.5,419.3399730316957
52.5,42.5,419.3199782392784
52.5,43.5,419.2928161529258
52.5,44.5,419.2754193857109
52.5,45.5,419.24177378824345
52.5,46.5,419.2318131158717
52.5,47.5,419.2219901629509
52.5,48.5,419.2502614818181
52.5,49.5,419.2504197062274
52.5,50.5,419.2406573299798
52.5,51.5,419.1994466384247
52.5,52.5,419.1836273886857
52.5,53.5,419.1682536091022
52.5,54.5,419.1455948158943
52.5,55.5,419.1307976887293
52.5,56.5,419.0927763464314
52.5,57.5,418.98884415838216
52.5,58.5,419.0440315467519
52.5,59.5,419.0453619743688
52.5,60.5,419.0515348276367
52.5,61.5,419.0791988443464
52.5,62.5,419.0746663319487
52.5,63.5,419.0732989150349
52.5,64.5,419.0790458326151
52.5,65.5,419.0630850032679
52.5,66.5,419.0346118906468
52.5,67.5,419.0245609603292
52.5,68.5,419.0005425835555
52.5,69.5,419.0054829187883
52.5,70.5,419.0348176348429
52.5,71.5,419.0730827682547
52.5,72.5,419.1008502483807
52.5,73.5,419.1452263382498
52.5,74.5,419.18067403746414
52.5,75.5,419.2365791967403
52.5,76.5,419.3215915145117
52.5,77.5,419.3216025482631
52.5,78.5,419.285658173013
52.5,79.5,419.2907333054992
52.5,80.5,419.3005984887872
52.5,81.5,419.3293212667599
52.5,82.5,419.3641394062727
52.5,83.5,419.4432119723616
52.5,84.5,419.49375083176994
52.5,85.5,419.4931690708719
52.5,86.5,419.4340880112393
52.5,87.5,419.27125522066
52.5,88.5,419.11322381197846
52.5,89.5,419.0871443860343
52.5,90.5,419.0985966130055
52.5,91.5,419.1015876259818
52.5,92.5,419.1202684267109
52.5,93.5,419.1071132984216
52.5,94.5,419.0956528850669
52.5,95.5,419.0570916813813
52.5,96.5,419.0467219858839
52.5,97.5,419.0050547079555
52.5,98.5,418.7468498514633
52.5,99.5,418.7267570813313
52.5,100.5,418.7539603213596
52.5,101.5,419.0511156020511
52.5,102.5,419.3957501543478
52.5,103.5,419.4327600745137
52.5,104.5,419.42232488291694
52.5,105.5,419.2578924188916
52.5,106.5,419.3120184630268
52.5,107.5,419.3226588364192
52.5,108.5,419.1436552972223
52.5,109.5,419.0919506910507
52.5,110.5,418.9354315024987
52.5,111.5,418.978131080218
52.5,112.5,419.0453438895627
52.5,113.5,419.06329579026976
52.5,114.5,419.016136618081
52.5,115.5,419.1469266776908
52.5,116.5,419.1726748723074
52.5,117.5,419.1859082739637
52.5,118.5,419.2350704014585
52.5,119.5,419.265476677813
52.5,120.5,419.3242676655778
52.5,121.5,419.3148398120475
52.5,122.5,419.3242315304777
52.5,123.5,419.36103467544393
52.5,124.5,419.4102757692295
52.5,125.5,419.5695251062788
52.5,126.5,419.6328981372587
52.5,127.5,419.686514029083
52.5,128.5,419.7621273386236
52.5,129.5,419.8104805030029
52.5,130.5,419.8116663755012
52.5,131.5,419.7723741095412
52.5,132.5,419.54027512215566
52.5,133.5,419.38313720058926
52.5,134.5,419.3084420528209
52.5,135.5,419.3671801129832
52.5,136.5,419.8993449621327
52.5,137.5,419.84288686824857
52.5,138.5,419.85263910354365
52.5,139.5,419.8720706719333
52.5,140.5,419.9396961814545
52.5,141.5,419.9686627400203
52.5,142.5,419.9470348332264
52.5,143.5,419.986417839276
52.5,144.5,419.977266130709
52.5,145.5,419.9589335220971
52.5,146.5,419.9374860152034
52.5,147.5,419.9177214051088
52.5,148.5,419.9059286328557
52.5,149.5,419.8949561837925
52.5,150.5,419.8825543947457
52.5,151.5,419.8785734070977
52.5,152.5,419.8761145053894
52.5,153.5,419.8761026697911
52.5,154.5,419.8795120275303
52.5,155.5,419.85882426228034
52.5,156.5,419.7218556088612
52.5,157.5,419.6986838550753
52.5,158.5,419.7063833094561
52.5,159.5,419.79156085175725
52.5,160.5,419.7935010046954
52.5,161.5,419.7901345788176
52.5,162.5,419.7836687971919
52.5,163.5,419.77854239551016
52.5,164.5,419.7757135283807
52.5,165.5,419.7709854975208
52.5,166.5,419.76760463283415
52.5,167.5,419.76618052516994
52.5,168.5,419.764766863902
52.5,169.5,419.7634460700878
52.5,170.5,419.7612356276887
52.5,171.5,419.7593749576738
52.5,172.5,419.7565738640694
52.5,173.5,419.7424522162577
52.5,174.5,419.7408437071367
52.5,175.5,419.73077579744825
52.5,176.5,419.7174544320758
52.5,177.5,419.7064677627844
52.5,178.5,419.698274245924
52.5,179.5,419.6827070116325
53.5,-179.5,419.6370276049168
53.5,-178.5,419.6259957020925
53.5,-177.5,419.6190468242466
53.5,-176.5,419.6138541634143
53.5,-175.5,419.6088907778877
53.5,-174.5,419.60186539455
53.5,-173.5,419.5975924941537
53.5,-172.5,419.6052683151623
53.5,-171.5,419.5876738330046
53.5,-170.5,419.5849036038056
53.5,-169.5,419.5829114900848
53.5,-168.5,419.5692610872351
53.5,-167.5,419.55188945312216
53.5,-166.5,419.5615897607876
53.5,-165.5,419.55635995118735
53.5,-164.5,419.5581899618832
53.5,-163.5,419.55639272909553
53.5,-162.5,419.555111156944
53.5,-161.5,419.553843924874
53.5,-160.5,419.5489520918683
53.5,-159.5,419.54647520282685
53.5,-158.5,419.5457486529791
53.5,-157.5,419.5451269282174
53.5,-156.5,419.5425509452765
53.5,-155.5,419.54184810685
53.5,-154.5,419.5421715212594
53.5,-153.5,419.544636381837
53.5,-152.5,419.5470361585709
53.5,-151.5,419.5538743707212
53.5,-150.5,419.55863860555775
53.5,-149.5,419.56357559616265
53.5,-148.5,419.5641015545264
53.5,-147.5,419.5713455004597
53.5,-146.5,419.557609431266
53.5,-145.5,419.5528518171108
53.5,-144.5,419.5499717383696
53.5,-143.5,419.5487820770404
53.5,-142.5,419.5501593233206
53.5,-141.5,419.5553443386437
53.5,-140.5,419.56061368059386
53.5,-139.5,419.5626288951444
53.5,-138.5,419.5617447688018
53.5,-137.5,419.5592608920196
53.5,-136.5,419.55486007688575
53.5,-135.5,419.54475126313184
53.5,-134.5,419.5367933226425
53.5,-133.5,419.5124378316373
53.5,-132.5,419.5151130986275
53.5,-131.5,419.5461533853779
53.5,-130.5,419.53643256897936
53.5,-129.5,419.4008228424343
53.5,-128.5,419.3684999468275
53.5,-127.5,419.1516512775852
53.5,-126.5,419.1862068693297
53.5,-125.5,419.27110853310745
53.5,-124.5,419.2717456082124
53.5,-123.5,419.2652894213708
53.5,-122.5,419.18535184398377
53.5,-121.5,419.1610523667398
53.5,-120.5,418.965306570327
53.5,-119.5,418.8189103099224
53.5,-118.5,418.75368461786127
53.5,-117.5,418.9056920411545
53.5,-116.5,418.9027911768312
53.5,-115.5,419.0012108991963
53.5,-114.5,419.21979133299794
53.5,-113.5,419.2337821719984
53.5,-112.5,419.131188423447
53.5,-111.5,419.1229298793475
53.5,-110.5,419.1221903733117
53.5,-109.5,419.1326048263426
53.5,-108.5,419.12078253065687
53.5,-107.5,419.1228459729583
53.5,-106.5,419.15383237550753
53.5,-105.5,419.18112018751486
53.5,-104.5,419.1896373575055
53.5,-103.5,419.2338273563191
53.5,-102.5,419.24172740919306
53.5,-101.5,419.25172703586406
53.5,-100.5,419.284277619695
53.5,-99.5,419.3094448431308
53.5,-98.5,419.31880875867296
53.5,-97.5,419.31869145016856
53.5,-96.5,419.2960081438504
53.5,-95.5,419.2882935856094
53.5,-94.5,419.2866640861594
53.5,-93.5,419.2801509504621
53.5,-92.5,419.2574768106651
53.5,-91.5,419.265386660338
53.5,-90.5,419.2785030504204
53.5,-89.5,419.317236396074
53.5,-88.5,419.32720290368286
53.5,-87.5,419.3314319327691
53.5,-86.5,419.37199203318926
53.5,-85.5,419.3395279304301
53.5,-84.5,419.35632692370086
53.5,-83.5,419.3963492556467
53.5,-82.5,419.40978208806126
53.5,-81.5,419.4275866385259
53.5,-80.5,419.4349514008476
53.5,-79.5,419.4533781836722
53.5,-78.5,419.4788262667846
53.5,-77.5,419.49311169339865
53.5,-76.5,419.4833660648618
53.5,-75.5,419.4786518118602
53.5,-74.5,419.4221891029447
53.5,-73.5,419.328838408168
53.5,-72.5,419.2392333085338
53.5,-71.5,419.2191875012794
53.5,-70.5,419.2114348927088
53.5,-69.5,419.2146943996432
53.5,-68.5,419.1620781668528
53.5,-67.5,419.154019716562
53.5,-66.5,419.1833169518314
53.5,-65.5,419.2061065476216
53.5,-64.5,419.2029314313719
53.5,-63.5,419.205543365692
53.5,-62.5,419.21148984530527
53.5,-61.5,419.25519179333577
53.5,-60.5,419.2624710721441
53.5,-59.5,419.2948303949751
53.5,-58.5,419.22081142914135
53.5,-57.5,419.3189453786324
53.5,-56.5,419.3319474761345
53.5,-55.5,419.3647952161863
53.5,-54.5,419.3620931657551
53.5,-53.5,419.355291104118
53.5,-52.5,419.34913105883095
53.5,-51.5,419.339718924842
53.5,-50.5,419.3270107295365
53.5,-49.5,419.31832113778125
53.5,-48.5,419.3092189097692
53.5,-47.5,419.3104053069982
53.5,-46.5,419.3139358310384
53.5,-45.5,419.318255414711
53.5,-44.5,419.3204665326217
53.5,-43.5,419.32042145859225
53.5,-42.5,419.3171160086298
53.5,-41.5,419.31458883925376
53.5,-40.5,419.3109813992019
53.5,-39.5,419.3088692447482
53.5,-38.5,419.3062801085634
53.5,-37.5,419.3016006005424
53.5,-36.5,419.2955095208587
53.5,-35.5,419.29152146903385
53.5,-34.5,419.2859094238519
53.5,-33.5,419.2830935710562
53.5,-32.5,419.2820746582098
53.5,-31.5,419.2815477252388
53.5,-30.5,419.28207580134006
53.5,-29.5,419.2822808133104
53.5,-28.5,419.2830435546534
53.5,-27.5,419.28456138415584
53.5,-26.5,419.28504663382887
53.5,-25.5,419.28649370305
53.5,-24.5,419.28630062385736
53.5,-23.5,419.2816579456321
53.5,-22.5,419.2764282373392
53.5,-21.5,419.27050692235946
53.5,-20.5,419.2641379389486
53.5,-19.5,419.25967465346247
53.5,-18.5,419.253072080742
53.5,-17.5,419.2448343583482
53.5,-16.5,419.2381550509336
53.5,-15.5,419.231478107193
53.5,-14.5,419.2296491718126
53.5,-13.5,419.2307138555777
53.5,-12.5,419.2335210409025
53.5,-11.5,419.2336139156973
53.5,-10.5,419.2375140427067
53.5,-9.5,419.24297840518375
53.5,-8.5,419.2585151083455
53.5,-7.5,419.3360775475496
53.5,-6.5,419.3652569562349
53.5,-5.5,419.36235232708975
53.5,-4.5,419.39180104188114
53.5,-3.5,419.4277597324918
53.5,-2.5,419.5305076993251
53.5,-1.5,419.54259476582126
53.5,-0.5,419.6016380776299
53.5,0.5,419.6042665118617
53.5,1.5,419.5664173210853
53.5,2.5,419.5658026679496
53.5,3.5,419.5906842881889
53.5,4.5,419.6181443058143
53.5,5.5,419.6606112804935
53.5,6.5,419.7168779647934
53.5,7.5,419.74902075722434
53.5,8.5,419.7739335899197
53.5,9.5,419.7939676941451
53.5,10.5,419.77903878931534
53.5,11.5,419.7706957654601
53.5,12.5,419.7587358210689
53.5,13.5,419.7296263965533
53.5,14.5,419.7524577240151
53.5,15.5,419.7304044204116
53.5,16.5,419.6627230034094
53.5,17.5,419.6573545054552
53.5,18.5,419.65162678751415
53.5,19.5,419.6327817750328
53.5,20.5,419.5925165675537
53.5,21.5,419.5843918431934
53.5,22.5,419.553896459093
53.5,23.5,419.56770861195713
53.5,24.5,419.5023248843085
53.5,25.5,419.46397253591925
53.5,26.5,419.43782454230217
53.5,27.5,419.4237211860447
53.5,28.5,419.4122836779909
53.5,29.5,419.3971403427823
53.5,30.5,419.3912881475911
53.5,31.5,419.3886102346032
53.5,32.5,419.3765646353476
53.5,33.5,419.37143300115525
53.5,34.5,419.3762471288189
53.5,35.5,419.366323290606
53.5,36.5,419.3712113484201
53.5,37.5,419.35960290165656
53.5,38.5,419.3905950732823
53.5,39.5,419.3843265130228
53.5,40.5,419.38340609711
53.5,41.5,419.3588299957264
53.5,42.5,419.332893512582
53.5,43.5,419.3009555387123
53.5,44.5,419.31038844232233
53.5,45.5,419.2911291822523
53.5,46.5,419.2242014757813
53.5,47.5,419.22314937338245
53.5,48.5,419.2586743626604
53.5,49.5,419.2707974649283
53.5,50.5,419.2549410303601
53.5,51.5,419.2225439800198
53.5,52.5,419.1947812451676
53.5,53.5,419.1822588904146
53.5,54.5,419.1522877712538
53.5,55.5,419.1789701557815
53.5,56.5,419.0042934950767
53.5,57.5,418.9847684063075
53.5,58.5,419.1007143330447
53.5,59.5,419.0385095233653
53.5,60.5,419.08663066520086
53.5,61.5,419.0920513224975
53.5,62.5,419.0887697683533
53.5,63.5,419.08090894972014
53.5,64.5,419.0765957024197
53.5,65.5,419.0677623274439
53.5,66.5,419.0575751138352
53.5,67.5,419.05239378951774
53.5,68.5,419.0555463803265
53.5,69.5,419.04923267703487
53.5,70.5,419.09755714746
53.5,71.5,419.12279163178994
53.5,72.5,419.14827539012526
53.5,73.5,419.1739835701388
53.5,74.5,419.1935262006043
53.5,75.5,419.2180126782649
53.5,76.5,419.23263996789166
53.5,77.5,419.245328790832
53.5,78.5,419.2621722190855
53.5,79.5,419.2717168302055
53.5,80.5,419.2677056866215
53.5,81.5,419.3025059999196
53.5,82.5,419.3511300176378
53.5,83.5,419.3963811024571
53.5,84.5,419.4115067391971
53.5,85.5,419.4275382943463
53.5,86.5,419.4913450367502
53.5,87.5,419.470395552917
53.5,88.5,419.23894560419126
53.5,89.5,419.1930265271025
53.5,90.5,419.3355155400562
53.5,91.5,419.38552837397634
53.5,92.5,419.4637198751749
53.5,93.5,419.3515470673628
53.5,94.5,419.29939515252113
53.5,95.5,419.01405680831937
53.5,96.5,418.9790380004742
53.5,97.5,418.8329387540472
53.5,98.5,418.842710367302
53.5,99.5,418.8665726545586
53.5,100.5,419.1590262473696
53.5,101.5,419.38860467019146
53.5,102.5,419.411672195888
53.5,103.5,419.3598103608164
53.5,104.5,419.2015631932645
53.5,105.5,419.1657514015887
53.5,106.5,419.1704353455305
53.5,107.5,419.2275648308462
53.5,108.5,419.20042945748
53.5,109.5,419.05962321556456
53.5,110.5,418.817324661386
53.5,111.5,418.7895805908408
53.5,112.5,418.9076852312201
53.5,113.5,418.9665097165752
53.5,114.5,418.9956495498328
53.5,115.5,419.0479726144786
53.5,116.5,419.08535113896806
53.5,117.5,419.0664279183146
53.5,118.5,419.1638435146533
53.5,119.5,419.2304133857821
53.5,120.5,419.2889085934402
53.5,121.5,419.367454975084
53.5,122.5,419.3906976092694
53.5,123.5,419.4435515726663
53.5,124.5,419.5232071864584
53.5,125.5,419.56693506002495
53.5,126.5,419.6194269843397
53.5,127.5,419.5955760191501
53.5,128.5,419.6538527567232
53.5,129.5,419.6870272786094
53.5,130.5,419.7382004280192
53.5,131.5,419.6234870108594
53.5,132.5,419.5659292320973
53.5,133.5,419.5362611642077
53.5,134.5,419.3285774816184
53.5,135.5,419.638497937956
53.5,136.5,419.8555503721088
53.5,137.5,419.8913420936667
53.5,138.5,419.8702894607378
53.5,139.5,419.8914577891932
53.5,140.5,419.8856588320433
53.5,141.5,419.91487980216505
53.5,142.5,419.88705072740606
53.5,143.5,419.91410853870514
53.5,144.5,419.9033451257155
53.5,145.5,419.8859329158333
53.5,146.5,419.8716475855608
53.5,147.5,419.8329678782465
53.5,148.5,419.8411487526181
53.5,149.5,419.8323567378035
53.5,150.5,419.82212787437
53.5,151.5,419.8167559724682
53.5,152.5,419.8164655891087
53.5,153.5,419.8178437312473
53.5,154.5,419.82587115421126
53.5,155.5,419.8108169456425
53.5,156.5,419.7143097529472
53.5,157.5,419.5609057081821
53.5,158.5,419.4982741697987
53.5,159.5,419.5055343657581
53.5,160.5,419.7224889689612
53.5,161.5,419.7409259187213
53.5,162.5,419.7386463337421
53.5,163.5,419.73789569016185
53.5,164.5,419.7372989503646
53.5,165.5,419.7394563368488
53.5,166.5,419.7407002230952
53.5,167.5,419.7394729626686
53.5,168.5,419.7397787286014
53.5,169.5,419.736187473498
53.5,170.5,419.73433276018847
53.5,171.5,419.7333675415576
53.5,172.5,419.73053156161006
53.5,173.5,419.7251010341351
53.5,174.5,419.7160633035395
53.5,175.5,419.69728759502107
53.5,176.5,419.6823169588352
53.5,177.5,419.67104740781457
53.5,178.5,419.65929972241577
53.5,179.5,419.6478442827311
54.5,-179.5,419.6133152784333
54.5,-178.5,419.6042914213919
54.5,-177.5,419.5939907441255
54.5,-176.5,419.5867260015709
54.5,-175.5,419.58141707966
54.5,-174.5,419.5764413281926
54.5,-173.5,419.57253687482864
54.5,-172.5,419.569777115939
54.5,-171.5,419.56648329864726
54.5,-170.5,419.5642616587871
54.5,-169.5,419.5585345879545
54.5,-168.5,419.550506657059
54.5,-167.5,419.5416335606375
54.5,-166.5,419.52690771661776
54.5,-165.5,419.5193955789095
54.5,-164.5,419.5046562326818
54.5,-163.5,419.5171496594045
54.5,-162.5,419.5077834206592
54.5,-161.5,419.5079033233633
54.5,-160.5,419.5159114424592
54.5,-159.5,419.51588597454617
54.5,-158.5,419.5166784220768
54.5,-157.5,419.51726676642863
54.5,-156.5,419.5150946275928
54.5,-155.5,419.51565186711525
54.5,-154.5,419.5171221771304
54.5,-153.5,419.5213734415108
54.5,-152.5,419.52708469459554
54.5,-151.5,419.5346170390334
54.5,-150.5,419.54101289277673
54.5,-149.5,419.54848412845627
54.5,-148.5,419.5493535732722
54.5,-147.5,419.5473911174727
54.5,-146.5,419.5418820414431
54.5,-145.5,419.5387122476392
54.5,-144.5,419.5361729136157
54.5,-143.5,419.5363819150176
54.5,-142.5,419.53967036532265
54.5,-141.5,419.544280067024
54.5,-140.5,419.54706035811984
54.5,-139.5,419.5482233691205
54.5,-138.5,419.5468063925668
54.5,-137.5,419.5447041411111
54.5,-136.5,419.53975032415286
54.5,-135.5,419.53197769177183
54.5,-134.5,419.5260936793708
54.5,-133.5,419.5171449442933
54.5,-132.5,419.5175320703969
54.5,-131.5,419.511169491357
54.5,-130.5,419.4094519035382
54.5,-129.5,419.2516900242471
54.5,-128.5,419.228568598479
54.5,-127.5,419.15252402888575
54.5,-126.5,419.1889877842376
54.5,-125.5,419.193944374421
54.5,-124.5,419.24418519525256
54.5,-123.5,419.22890672526006
54.5,-122.5,419.0768018623839
54.5,-121.5,419.0258846556841
54.5,-120.5,418.92555112878966
54.5,-119.5,418.9028237707243
54.5,-118.5,419.0383771381895
54.5,-117.5,419.0231266496658
54.5,-116.5,418.90832294104285
54.5,-115.5,418.94515313925217
54.5,-114.5,419.0456176582808
54.5,-113.5,419.08786910400727
54.5,-112.5,419.0841693385108
54.5,-111.5,419.082380430956
54.5,-110.5,419.1187971363633
54.5,-109.5,419.1123634567462
54.5,-108.5,419.10812090177177
54.5,-107.5,419.1209093127159
54.5,-106.5,419.12181455064353
54.5,-105.5,419.1026465736369
54.5,-104.5,419.1305134024888
54.5,-103.5,419.1451859236236
54.5,-102.5,419.22402728928654
54.5,-101.5,419.2549623073909
54.5,-100.5,419.258336954522
54.5,-99.5,419.2672401918275
54.5,-98.5,419.2748844117922
54.5,-97.5,419.2809414179127
54.5,-96.5,419.2674374751636
54.5,-95.5,419.2657058970772
54.5,-94.5,419.28334596423554
54.5,-93.5,419.2802896871121
54.5,-92.5,419.2688292416754
54.5,-91.5,419.2740139880804
54.5,-90.5,419.2815195996329
54.5,-89.5,419.2824401218855
54.5,-88.5,419.2864442504054
54.5,-87.5,419.2999330805209
54.5,-86.5,419.307932067083
54.5,-85.5,419.3200447149249
54.5,-84.5,419.3349851585284
54.5,-83.5,419.3786298282972
54.5,-82.5,419.3945932677367
54.5,-81.5,419.411259398661
54.5,-80.5,419.4184731859359
54.5,-79.5,419.4286759168317
54.5,-78.5,419.4450695441826
54.5,-77.5,419.4317191719896
54.5,-76.5,419.3987820619183
54.5,-75.5,419.3875894866255
54.5,-74.5,419.3812468074851
54.5,-73.5,419.3026676918226
54.5,-72.5,419.2720945506728
54.5,-71.5,419.2566772060799
54.5,-70.5,419.2281056442904
54.5,-69.5,419.2370683290287
54.5,-68.5,419.2089050102653
54.5,-67.5,419.1978426853808
54.5,-66.5,419.1680881231644
54.5,-65.5,419.16869267731806
54.5,-64.5,419.1630703039754
54.5,-63.5,419.1713337102447
54.5,-62.5,419.1794667557134
54.5,-61.5,419.2442494072103
54.5,-60.5,419.25507307716987
54.5,-59.5,419.2714452220071
54.5,-58.5,419.2989890872769
54.5,-57.5,419.3446736279061
54.5,-56.5,419.3479790197652
54.5,-55.5,419.3436356595548
54.5,-54.5,419.3378676169992
54.5,-53.5,419.3315093226692
54.5,-52.5,419.3230001282492
54.5,-51.5,419.3116295366691
54.5,-50.5,419.2994978835637
54.5,-49.5,419.2921577441988
54.5,-48.5,419.2838761810748
54.5,-47.5,419.28104560046165
54.5,-46.5,419.2808564113464
54.5,-45.5,419.28104914284216
54.5,-44.5,419.2830948702745
54.5,-43.5,419.2814958746105
54.5,-42.5,419.283274139148
54.5,-41.5,419.2815466447442
54.5,-40.5,419.2792940804538
54.5,-39.5,419.2770877933947
54.5,-38.5,419.27304581910033
54.5,-37.5,419.2690946360789
54.5,-36.5,419.2672522009639
54.5,-35.5,419.26565949747874
54.5,-34.5,419.2644933840217
54.5,-33.5,419.26393560615577
54.5,-32.5,419.2643203071385
54.5,-31.5,419.2653262615596
54.5,-30.5,419.2691519400617
54.5,-29.5,419.2716098965268
54.5,-28.5,419.2699155796885
54.5,-27.5,419.2696462448272
54.5,-26.5,419.270551277095
54.5,-25.5,419.2734782808848
54.5,-24.5,419.2726848518584
54.5,-23.5,419.26711169034087
54.5,-22.5,419.2579533839758
54.5,-21.5,419.251564246081
54.5,-20.5,419.2386948515271
54.5,-19.5,419.24542720253015
54.5,-18.5,419.2433908363133
54.5,-17.5,419.2424973014981
54.5,-16.5,419.23816022651744
54.5,-15.5,419.23448497700105
54.5,-14.5,419.2335267111843
54.5,-13.5,419.2361341480558
54.5,-12.5,419.2397863369533
54.5,-11.5,419.24191391866265
54.5,-10.5,419.2474728531831
54.5,-9.5,419.2389564172376
54.5,-8.5,419.250324617017
54.5,-7.5,419.2770773515143
54.5,-6.5,419.3033804449186
54.5,-5.5,419.3611364619285
54.5,-4.5,419.3834520662579
54.5,-3.5,419.4045446214421
54.5,-2.5,419.4150501769285
54.5,-1.5,419.51005008720006
54.5,-0.5,419.5341150019006
54.5,0.5,419.53905454988296
54.5,1.5,419.5567846336961
54.5,2.5,419.563060866232
54.5,3.5,419.59050514752187
54.5,4.5,419.6109776768595
54.5,5.5,419.6419092720317
54.5,6.5,419.66695744556426
54.5,7.5,419.6879866204159
54.5,8.5,419.7077236066408
54.5,9.5,419.726488407432
54.5,10.5,419.7305735192758
54.5,11.5,419.73030647928965
54.5,12.5,419.7304515123651
54.5,13.5,419.7372745706022
54.5,14.5,419.74286369873886
54.5,15.5,419.7272578571968
54.5,16.5,419.7016863587104
54.5,17.5,419.7257804169085
54.5,18.5,419.69630796126233
54.5,19.5,419.70518559464415
54.5,20.5,419.80281414961087
54.5,21.5,419.6493108478722
54.5,22.5,419.5918907515978
54.5,23.5,419.5564326462219
54.5,24.5,419.5248107637068
54.5,25.5,419.4868306661117
54.5,26.5,419.4598205635736
54.5,27.5,419.4593227475184
54.5,28.5,419.441768036491
54.5,29.5,419.44081220842753
54.5,30.5,419.4757533399236
54.5,31.5,419.429050188461
54.5,32.5,419.41006097560125
54.5,33.5,419.3857205972315
54.5,34.5,419.38449331518274
54.5,35.5,419.39868063187146
54.5,36.5,419.4490802431052
54.5,37.5,419.4882810562913
54.5,38.5,419.5353548152189
54.5,39.5,419.51017085306194
54.5,40.5,419.47417358157145
54.5,41.5,419.40136198181006
54.5,42.5,419.3536808651657
54.5,43.5,419.3237405126096
54.5,44.5,419.29981955044775
54.5,45.5,419.28738235758834
54.5,46.5,419.2622699650705
54.5,47.5,419.2624289962854
54.5,48.5,419.2629745539987
54.5,49.5,419.2964090960892
54.5,50.5,419.2575259765556
54.5,51.5,419.224175067628
54.5,52.5,419.1909385069942
54.5,53.5,419.179876069658
54.5,54.5,419.1868561770315
54.5,55.5,419.2268289902596
54.5,56.5,419.12581959449136
54.5,57.5,419.06400486774606
54.5,58.5,418.8989414105621
54.5,59.5,418.9486437264778
54.5,60.5,419.06880558184207
54.5,61.5,419.0850409178766
54.5,62.5,419.101629408903
54.5,63.5,419.07716254595954
54.5,64.5,419.0781585637427
54.5,65.5,419.07611040504617
54.5,66.5,419.07799297857
54.5,67.5,419.08706243950354
54.5,68.5,419.1001068114784
54.5,69.5,419.1189488937349
54.5,70.5,419.131667257801
54.5,71.5,419.1390467877224
54.5,72.5,419.1587587204036
54.5,73.5,419.1932092546243
54.5,74.5,419.2037358102512
54.5,75.5,419.2138161302073
54.5,76.5,419.223743499991
54.5,77.5,419.227965881898
54.5,78.5,419.24792309390006
54.5,79.5,419.25898283398
54.5,80.5,419.26514443507097
54.5,81.5,419.2663449364064
54.5,82.5,419.2962347370824
54.5,83.5,419.32344456552175
54.5,84.5,419.3321526842366
54.5,85.5,419.362841448444
54.5,86.5,419.4201533284607
54.5,87.5,419.3771991374349
54.5,88.5,419.0958571941291
54.5,89.5,419.2521228133705
54.5,90.5,419.2990786479813
54.5,91.5,419.3840390340382
54.5,92.5,419.3336063218143
54.5,93.5,419.13517131842696
54.5,94.5,419.0942371418572
54.5,95.5,419.039373059036
54.5,96.5,419.0253331706547
54.5,97.5,419.1228795527508
54.5,98.5,419.1869314271608
54.5,99.5,419.25993045408137
54.5,100.5,419.3091317028237
54.5,101.5,419.3642725653019
54.5,102.5,419.3112697541671
54.5,103.5,419.2282395159971
54.5,104.5,419.193692298624
54.5,105.5,419.1471767696757
54.5,106.5,419.0942889765565
54.5,107.5,419.0932039566528
54.5,108.5,419.1732840480166
54.5,109.5,419.1363831073199
54.5,110.5,418.920870066856
54.5,111.5,418.6944773079728
54.5,112.5,418.6949407915611
54.5,113.5,418.8779773494358
54.5,114.5,419.04161528842985
54.5,115.5,419.10708286198
54.5,116.5,419.0822825322678
54.5,117.5,419.1449645401359
54.5,118.5,419.1142928744646
54.5,119.5,419.1970824553336
54.5,120.5,419.2229381207917
54.5,121.5,419.203164461114
54.5,122.5,419.2191358735155
54.5,123.5,419.31689316629615
54.5,124.5,419.3404884642414
54.5,125.5,419.37773399946366
54.5,126.5,419.42327509757695
54.5,127.5,419.5802579104266
54.5,128.5,419.6353874095176
54.5,129.5,419.6588321527448
54.5,130.5,419.6241715255234
54.5,131.5,419.39883697564414
54.5,132.5,419.5934161053804
54.5,133.5,419.6045946011536
54.5,134.5,419.5415724859174
54.5,135.5,419.8218003197885
54.5,136.5,419.888823147344
54.5,137.5,419.9171282549775
54.5,138.5,419.9267191388993
54.5,139.5,419.9073398544342
54.5,140.5,419.8918503750005
54.5,141.5,419.8846164393741
54.5,142.5,419.8563365676965
54.5,143.5,419.8524893239745
54.5,144.5,419.84171809893775
54.5,145.5,419.8318522912177
54.5,146.5,419.8209908085013
54.5,147.5,419.8040657640223
54.5,148.5,419.7912127731888
54.5,149.5,419.7773805924064
54.5,150.5,419.77138234337
54.5,151.5,419.76800671176176
54.5,152.5,419.7688358757314
54.5,153.5,419.768059882396
54.5,154.5,419.7764351600812
54.5,155.5,419.757161691941
54.5,156.5,419.6186243889949
54.5,157.5,419.4208734202772
54.5,158.5,419.481958720604
54.5,159.5,419.4898407586726
54.5,160.5,419.5354684371184
54.5,161.5,419.6410619982422
54.5,162.5,419.66049881134256
54.5,163.5,419.70241020180526
54.5,164.5,419.70580052288
54.5,165.5,419.70815349647614
54.5,166.5,419.7096954254926
54.5,167.5,419.7079671301327
54.5,168.5,419.7088257556488
54.5,169.5,419.7101856185352
54.5,170.5,419.7095161292325
54.5,171.5,419.7069236215678
54.5,172.5,419.6987709674946
54.5,173.5,419.6947755494329
54.5,174.5,419.6839463568392
54.5,175.5,419.6705198497373
54.5,176.5,419.6586919070136
54.5,177.5,419.6456270899985
54.5,178.5,419.6343357824817
54.5,179.5,419.624614557026
55.5,-179.5,419.5905938158466
55.5,-178.5,419.5827256517912
55.5,-177.5,419.5716055664557
55.5,-176.5,419.5599816446283
55.5,-175.5,419.5541776945116
55.5,-174.5,419.5496402265513
55.5,-173.5,419.54927673104805
55.5,-172.5,419.5491886233466
55.5,-171.5,419.5490179703621
55.5,-170.5,419.5457728874991
55.5,-169.5,419.5392964521282
55.5,-168.5,419.5285547449682
55.5,-167.5,419.5187242345491
55.5,-166.5,419.505559897653
55.5,-165.5,419.4946418691744
55.5,-164.5,419.484837370292
55.5,-163.5,419.48143119857184
55.5,-162.5,419.45984133667537
55.5,-161.5,419.4584583964349
55.5,-160.5,419.45828564879287
55.5,-159.5,419.477383052479
55.5,-158.5,419.4797008326842
55.5,-157.5,419.494659277263
55.5,-156.5,419.49709201898594
55.5,-155.5,419.4971634927712
55.5,-154.5,419.498807890329
55.5,-153.5,419.5031476570848
55.5,-152.5,419.51181409580937
55.5,-151.5,419.520221066565
55.5,-150.5,419.5266491185568
55.5,-149.5,419.5329377850806
55.5,-148.5,419.53694643665256
55.5,-147.5,419.5367068405013
55.5,-146.5,419.5324333004975
55.5,-145.5,419.5290195459868
55.5,-144.5,419.52649539288734
55.5,-143.5,419.52683482702446
55.5,-142.5,419.5293316996216
55.5,-141.5,419.5312773110664
55.5,-140.5,419.5367378949619
55.5,-139.5,419.5384026922664
55.5,-138.5,419.5388951731194
55.5,-137.5,419.5367058306141
55.5,-136.5,419.5324829546016
55.5,-135.5,419.5270509798478
55.5,-134.5,419.5106992124549
55.5,-133.5,419.4950073678396
55.5,-132.5,419.44232102056895
55.5,-131.5,419.3625206515318
55.5,-130.5,419.339056816666
55.5,-129.5,419.2103836930486
55.5,-128.5,419.19599542173376
55.5,-127.5,419.11288369767465
55.5,-126.5,419.09963568215824
55.5,-125.5,419.06255865456535
55.5,-124.5,419.12075408800536
55.5,-123.5,419.1033813802002
55.5,-122.5,419.0240963189577
55.5,-121.5,418.9945768346063
55.5,-120.5,419.0627190284189
55.5,-119.5,419.0572715174072
55.5,-118.5,419.0983785999002
55.5,-117.5,419.0895751051988
55.5,-116.5,419.07367091534536
55.5,-115.5,419.0535885477904
55.5,-114.5,419.0494474173802
55.5,-113.5,419.041774010404
55.5,-112.5,419.0510453415204
55.5,-111.5,419.0354159700351
55.5,-110.5,419.05649645202135
55.5,-109.5,419.06624723936
55.5,-108.5,419.136118779109
55.5,-107.5,419.1539070319201
55.5,-106.5,419.13509269244855
55.5,-105.5,419.1962297887187
55.5,-104.5,419.1591834587297
55.5,-103.5,419.1730419253298
55.5,-102.5,419.17672411637466
55.5,-101.5,419.21145299619
55.5,-100.5,419.2225564554431
55.5,-99.5,419.2405991255449
55.5,-98.5,419.267410382368
55.5,-97.5,419.2665703959595
55.5,-96.5,419.2610162904005
55.5,-95.5,419.2587054899065
55.5,-94.5,419.2759079268799
55.5,-93.5,419.26795907693946
55.5,-92.5,419.2810753701988
55.5,-91.5,419.2763481621835
55.5,-90.5,419.2849984465341
55.5,-89.5,419.28317807643487
55.5,-88.5,419.2587608594728
55.5,-87.5,419.2518282770917
55.5,-86.5,419.2769905313551
55.5,-85.5,419.3215030063618
55.5,-84.5,419.3384040093373
55.5,-83.5,419.3562112616898
55.5,-82.5,419.3789812618434
55.5,-81.5,419.3929306205793
55.5,-80.5,419.4025990116312
55.5,-79.5,419.4127662798762
55.5,-78.5,419.420822031585
55.5,-77.5,419.41214765064007
55.5,-76.5,419.3439884072833
55.5,-75.5,419.33212784650703
55.5,-74.5,419.3142647983983
55.5,-73.5,419.2760629276184
55.5,-72.5,419.2719179128625
55.5,-71.5,419.2648831402382
55.5,-70.5,419.2136626230703
55.5,-69.5,419.2492448599812
55.5,-68.5,419.2021696181156
55.5,-67.5,419.1948337803378
55.5,-66.5,419.2008913287351
55.5,-65.5,419.184923726678
55.5,-64.5,419.1766209410865
55.5,-63.5,419.1512397804503
55.5,-62.5,419.1979063707313
55.5,-61.5,419.2090374629812
55.5,-60.5,419.2902193601004
55.5,-59.5,419.329567068624
55.5,-58.5,419.3323276245418
55.5,-57.5,419.32884799006126
55.5,-56.5,419.3276214721085
55.5,-55.5,419.3458402968024
55.5,-54.5,419.3400796241074
55.5,-53.5,419.3084925053772
55.5,-52.5,419.2987789853584
55.5,-51.5,419.2896427118524
55.5,-50.5,419.27876776135577
55.5,-49.5,419.26813893047006
55.5,-48.5,419.2604165262703
55.5,-47.5,419.25759865130783
55.5,-46.5,419.2536732564165
55.5,-45.5,419.2526953875391
55.5,-44.5,419.2501628470128
55.5,-43.5,419.2478678039164
55.5,-42.5,419.2478947302089
55.5,-41.5,419.2480615201314
55.5,-40.5,419.2483741330158
55.5,-39.5,419.24698288887726
55.5,-38.5,419.2459858926159
55.5,-37.5,419.2470174370301
55.5,-36.5,419.25046821441487
55.5,-35.5,419.2519721464317
55.5,-34.5,419.2515705004355
55.5,-33.5,419.2540602321404
55.5,-32.5,419.25482837748456
55.5,-31.5,419.25631198610427
55.5,-30.5,419.2612145655987
55.5,-29.5,419.2602033052157
55.5,-28.5,419.2594163713234
55.5,-27.5,419.25862210737137
55.5,-26.5,419.2568480075088
55.5,-25.5,419.2564958327724
55.5,-24.5,419.2583398370973
55.5,-23.5,419.25678633031566
55.5,-22.5,419.2496058425068
55.5,-21.5,419.2415847323576
55.5,-20.5,419.2384316676271
55.5,-19.5,419.23686879986246
55.5,-18.5,419.2400973692372
55.5,-17.5,419.240032140071
55.5,-16.5,419.2394976318348
55.5,-15.5,419.2387944013723
55.5,-14.5,419.2417111908365
55.5,-13.5,419.24186317838456
55.5,-12.5,419.2457304646227
55.5,-11.5,419.2508203733129
55.5,-10.5,419.2603821429824
55.5,-9.5,419.27501931679694
55.5,-8.5,419.2952025519173
55.5,-7.5,419.31061007001546
55.5,-6.5,419.33335477992216
55.5,-5.5,419.3586036200256
55.5,-4.5,419.3545925265719
55.5,-3.5,419.3779151368409
55.5,-2.5,419.43671990902544
55.5,-1.5,419.5063146588674
55.5,-0.5,419.51320859381264
55.5,0.5,419.5347626403609
55.5,1.5,419.5609336948161
55.5,2.5,419.5862076988138
55.5,3.5,419.5999370310904
55.5,4.5,419.6141943635973
55.5,5.5,419.6303320064632
55.5,6.5,419.64715095517215
55.5,7.5,419.661352683816
55.5,8.5,419.6719164347053
55.5,9.5,419.682890428251
55.5,10.5,419.69070085852
55.5,11.5,419.697801254138
55.5,12.5,419.741373087395
55.5,13.5,419.742943102019
55.5,14.5,419.6950549221997
55.5,15.5,419.70036558993286
55.5,16.5,419.7002558038906
55.5,17.5,419.69502843350887
55.5,18.5,419.68797686354776
55.5,19.5,419.6877705521496
55.5,20.5,419.6725478729524
55.5,21.5,419.6459023634373
55.5,22.5,419.575279332091
55.5,23.5,419.5522475520127
55.5,24.5,419.5341486507624
55.5,25.5,419.4955216474034
55.5,26.5,419.4828539527449
55.5,27.5,419.47990683256165
55.5,28.5,419.4744731822111
55.5,29.5,419.466556006892
55.5,30.5,419.4582461807697
55.5,31.5,419.453258463505
55.5,32.5,419.4457156435587
55.5,33.5,419.4213171855377
55.5,34.5,419.4278583964172
55.5,35.5,419.4628045371698
55.5,36.5,419.6153444045058
55.5,37.5,419.72197492810994
55.5,38.5,420.2259185301509
55.5,39.5,419.6834022470918
55.5,40.5,419.51668406332857
55.5,41.5,419.4512444406661
55.5,42.5,419.38939874039744
55.5,43.5,419.3586663116331
55.5,44.5,419.3373829297613
55.5,45.5,419.320273230722
55.5,46.5,419.3076419778526
55.5,47.5,419.2893253090487
55.5,48.5,419.2945186659538
55.5,49.5,419.3146060861854
55.5,50.5,419.2852101497352
55.5,51.5,419.4398166689182
55.5,52.5,419.434328761444
55.5,53.5,419.2567321189681
55.5,54.5,419.2873491666383
55.5,55.5,419.2751940696797
55.5,56.5,419.2056615358716
55.5,57.5,419.1121650008016
55.5,58.5,419.034657217692
55.5,59.5,419.0265616249848
55.5,60.5,419.07591235739176
55.5,61.5,419.08790923946657
55.5,62.5,419.0899500862566
55.5,63.5,419.09942012125737
55.5,64.5,419.1011129143264
55.5,65.5,419.1012366166557
55.5,66.5,419.1082929519249
55.5,67.5,419.1094612145333
55.5,68.5,419.1222028190751
55.5,69.5,419.1442344435916
55.5,70.5,419.1591418543868
55.5,71.5,419.16533477990754
55.5,72.5,419.1794910502475
55.5,73.5,419.2116289300502
55.5,74.5,419.2037269251809
55.5,75.5,419.2117967422676
55.5,76.5,419.19240134832256
55.5,77.5,419.23781977564346
55.5,78.5,419.253275836073
55.5,79.5,419.2666045766434
55.5,80.5,419.2761125640302
55.5,81.5,419.2753171985527
55.5,82.5,419.2946210908616
55.5,83.5,419.3425107137198
55.5,84.5,419.3254759091996
55.5,85.5,419.3440641739198
55.5,86.5,419.3583713763828
55.5,87.5,419.2905647212359
55.5,88.5,419.2502126454236
55.5,89.5,419.261353183804
55.5,90.5,419.3350634639303
55.5,91.5,419.3132312266632
55.5,92.5,419.3174072506283
55.5,93.5,419.247149869498
55.5,94.5,419.2759013491561
55.5,95.5,419.32220711960656
55.5,96.5,419.3165969494943
55.5,97.5,419.27298078482414
55.5,98.5,419.2685410100509
55.5,99.5,419.29354677230697
55.5,100.5,419.2651103554277
55.5,101.5,419.2623245309664
55.5,102.5,419.2695158969231
55.5,103.5,419.2226525958756
55.5,104.5,419.22011452067886
55.5,105.5,419.1415341221378
55.5,106.5,419.0739944875783
55.5,107.5,419.1078922452747
55.5,108.5,418.9702588198149
55.5,109.5,419.0417051774047
55.5,110.5,418.7876207171894
55.5,111.5,418.7721945420825
55.5,112.5,418.7222960861217
55.5,113.5,418.7349148792408
55.5,114.5,418.8258625407468
55.5,115.5,418.87321150002975
55.5,116.5,419.0232918289232
55.5,117.5,418.9557175303347
55.5,118.5,418.9753350871085
55.5,119.5,419.14094026220914
55.5,120.5,419.182673488571
55.5,121.5,419.2712779225658
55.5,122.5,419.2363234173475
55.5,123.5,419.2132591384543
55.5,124.5,419.20611774627946
55.5,125.5,419.2646568067679
55.5,126.5,419.3428800489352
55.5,127.5,419.3691681226188
55.5,128.5,419.410853330326
55.5,129.5,419.1675739535543
55.5,130.5,419.133653213876
55.5,131.5,419.1315611987444
55.5,132.5,419.2717890591364
55.5,133.5,419.2504008617615
55.5,134.5,419.29024620579736
55.5,135.5,419.4751477087111
55.5,136.5,419.8211469500519
55.5,137.5,419.8608500300256
55.5,138.5,419.8798274968311
55.5,139.5,419.8688128716313
55.5,140.5,419.8545189449869
55.5,141.5,419.82452817179455
55.5,142.5,419.8037423463298
55.5,143.5,419.78943490587983
55.5,144.5,419.7804547130979
55.5,145.5,419.7773017373353
55.5,146.5,419.7641554837392
55.5,147.5,419.7541725023756
55.5,148.5,419.7416440799036
55.5,149.5,419.72589076517
55.5,150.5,419.7192234950331
55.5,151.5,419.7155087173963
55.5,152.5,419.7149209382424
55.5,153.5,419.7177674626161
55.5,154.5,419.7187500633351
55.5,155.5,419.7057300478346
55.5,156.5,419.5697499993994
55.5,157.5,419.53502634312
55.5,158.5,419.3130648051726
55.5,159.5,419.5225701716094
55.5,160.5,419.3936869359322
55.5,161.5,419.4069038123845
55.5,162.5,419.6575495706842
55.5,163.5,419.6740938585164
55.5,164.5,419.6823150635717
55.5,165.5,419.6801341141826
55.5,166.5,419.6734411687482
55.5,167.5,419.68097838248985
55.5,168.5,419.6813005173792
55.5,169.5,419.67952437247374
55.5,170.5,419.6782971500691
55.5,171.5,419.67593131187215
55.5,172.5,419.671600846309
55.5,173.5,419.66619907791625
55.5,174.5,419.6548643652704
55.5,175.5,419.6437464860793
55.5,176.5,419.6326348989969
55.5,177.5,419.62137287237306
55.5,178.5,419.6108110412209
55.5,179.5,419.6008454775677
56.5,-179.5,419.556540294904
56.5,-178.5,419.54889769299007
56.5,-177.5,419.54085239901457
56.5,-176.5,419.5343225535971
56.5,-175.5,419.52616225792514
56.5,-174.5,419.5210343909321
56.5,-173.5,419.5190810102535
56.5,-172.5,419.5215424579262
56.5,-171.5,419.521998071326
56.5,-170.5,419.52200460715954
56.5,-169.5,419.51606101089504
56.5,-168.5,419.50737325569145
56.5,-167.5,419.4950841152711
56.5,-166.5,419.4822875729915
56.5,-165.5,419.4739424772214
56.5,-164.5,419.46486205485473
56.5,-163.5,419.4635258509913
56.5,-162.5,419.46395850094063
56.5,-161.5,419.46316109963874
56.5,-160.5,419.4638577427121
56.5,-159.5,419.46367585882285
56.5,-158.5,419.4175089010049
56.5,-157.5,419.469637996143
56.5,-156.5,419.475729254142
56.5,-155.5,419.4846066838766
56.5,-154.5,419.4779754920982
56.5,-153.5,419.48157223489005
56.5,-152.5,419.4963420751336
56.5,-151.5,419.51614306610793
56.5,-150.5,419.5126234212684
56.5,-149.5,419.51632794213583
56.5,-148.5,419.5196695573503
56.5,-147.5,419.5184124174323
56.5,-146.5,419.5245125602947
56.5,-145.5,419.51781149149696
56.5,-144.5,419.5160835046572
56.5,-143.5,419.5167258976646
56.5,-142.5,419.5188706951176
56.5,-141.5,419.5207742334702
56.5,-140.5,419.5244655959084
56.5,-139.5,419.5311913366851
56.5,-138.5,419.5362556247795
56.5,-137.5,419.5361594167295
56.5,-136.5,419.5269155032822
56.5,-135.5,419.4915767348703
56.5,-134.5,419.4530779550698
56.5,-133.5,419.42076128216274
56.5,-132.5,419.1632761405344
56.5,-131.5,419.1813378871791
56.5,-130.5,419.161892117384
56.5,-129.5,419.0611058444305
56.5,-128.5,418.9474956897204
56.5,-127.5,418.9192155191817
56.5,-126.5,418.9061001696776
56.5,-125.5,418.9515813825743
56.5,-124.5,418.9436645524916
56.5,-123.5,418.8650993925432
56.5,-122.5,418.99977399260814
56.5,-121.5,418.96920653449786
56.5,-120.5,419.0149851078672
56.5,-119.5,419.061830073325
56.5,-118.5,419.06184899307306
56.5,-117.5,419.0849513968809
56.5,-116.5,419.0684221291664
56.5,-115.5,419.0598586475908
56.5,-114.5,419.0586146943831
56.5,-113.5,419.07671844974806
56.5,-112.5,419.078396959196
56.5,-111.5,419.10903913754805
56.5,-110.5,419.1058974238959
56.5,-109.5,419.095217726753
56.5,-108.5,419.1133037489181
56.5,-107.5,419.12728391347633
56.5,-106.5,419.1622257684347
56.5,-105.5,419.1281245053824
56.5,-104.5,419.1205981738085
56.5,-103.5,419.1430450321592
56.5,-102.5,419.1496193570862
56.5,-101.5,419.1649954437913
56.5,-100.5,419.21046164670986
56.5,-99.5,419.2201612378306
56.5,-98.5,419.2252468884984
56.5,-97.5,419.2296296321316
56.5,-96.5,419.2287885312702
56.5,-95.5,419.2341669620471
56.5,-94.5,419.253843375927
56.5,-93.5,419.2796210565711
56.5,-92.5,419.28515437941735
56.5,-91.5,419.2547517752549
56.5,-90.5,419.2510330241714
56.5,-89.5,419.26234178478666
56.5,-88.5,419.28229806495534
56.5,-87.5,419.28253502013
56.5,-86.5,419.2895725764285
56.5,-85.5,419.3005667342575
56.5,-84.5,419.31555075558873
56.5,-83.5,419.3319707459493
56.5,-82.5,419.3489592356264
56.5,-81.5,419.3613072341756
56.5,-80.5,419.374462356173
56.5,-79.5,419.3830627592334
56.5,-78.5,419.3938357392042
56.5,-77.5,419.3899938039797
56.5,-76.5,419.34561976598695
56.5,-75.5,419.28203091658713
56.5,-74.5,419.2736878233546
56.5,-73.5,419.2719748970815
56.5,-72.5,419.2659971896547
56.5,-71.5,419.2653935804564
56.5,-70.5,419.24815360213
56.5,-69.5,419.3042386652557
56.5,-68.5,419.3091057792511
56.5,-67.5,419.25038305102873
56.5,-66.5,419.2411198356173
56.5,-65.5,419.22342208125946
56.5,-64.5,419.1713560168089
56.5,-63.5,419.1782165481008
56.5,-62.5,419.2440547668593
56.5,-61.5,419.25599215550017
56.5,-60.5,419.3208722336066
56.5,-59.5,419.3200692770419
56.5,-58.5,419.3180788915166
56.5,-57.5,419.31167478853337
56.5,-56.5,419.3046888736925
56.5,-55.5,419.2986479728906
56.5,-54.5,419.2941919484374
56.5,-53.5,419.2868756099279
56.5,-52.5,419.2799140910965
56.5,-51.5,419.2684453223402
56.5,-50.5,419.25666476766577
56.5,-49.5,419.248272631153
56.5,-48.5,419.23935219199575
56.5,-47.5,419.2324863751081
56.5,-46.5,419.2290319017336
56.5,-45.5,419.2272508174367
56.5,-44.5,419.225194187126
56.5,-43.5,419.2246810191352
56.5,-42.5,419.2211085625128
56.5,-41.5,419.21840154403617
56.5,-40.5,419.2194208811028
56.5,-39.5,419.2194087430168
56.5,-38.5,419.2231329705804
56.5,-37.5,419.23023477286137
56.5,-36.5,419.2395311724025
56.5,-35.5,419.24519270520193
56.5,-34.5,419.2479588601842
56.5,-33.5,419.2496027388434
56.5,-32.5,419.2520516735128
56.5,-31.5,419.2541171323021
56.5,-30.5,419.2555853215866
56.5,-29.5,419.2545688166948
56.5,-28.5,419.25341613343886
56.5,-27.5,419.2517307814544
56.5,-26.5,419.2485751906675
56.5,-25.5,419.2452713582204
56.5,-24.5,419.2446605382025
56.5,-23.5,419.258531262034
56.5,-22.5,419.24700154445225
56.5,-21.5,419.2453654011785
56.5,-20.5,419.2390577009945
56.5,-19.5,419.2354777245485
56.5,-18.5,419.2357608127068
56.5,-17.5,419.2407915161752
56.5,-16.5,419.24558041319983
56.5,-15.5,419.25119125976073
56.5,-14.5,419.25329845779646
56.5,-13.5,419.2525025188685
56.5,-12.5,419.2560487601736
56.5,-11.5,419.2627385501679
56.5,-10.5,419.2722794112227
56.5,-9.5,419.2866965743265
56.5,-8.5,419.3127721371265
56.5,-7.5,419.3371125382273
56.5,-6.5,419.3013320169824
56.5,-5.5,419.3140720391354
56.5,-4.5,419.3346848259556
56.5,-3.5,419.3660707261228
56.5,-2.5,419.4144337942768
56.5,-1.5,419.4649840315239
56.5,-0.5,419.4902482575472
56.5,0.5,419.5117366787175
56.5,1.5,419.53935818400544
56.5,2.5,419.5631586172592
56.5,3.5,419.5818518810108
56.5,4.5,419.60033700669095
56.5,5.5,419.6191822349999
56.5,6.5,419.6325058005911
56.5,7.5,419.64932675016223
56.5,8.5,419.6456049434164
56.5,9.5,419.6711208354377
56.5,10.5,419.6767732427537
56.5,11.5,419.6887317056748
56.5,12.5,419.66006917492246
56.5,13.5,419.64849511950655
56.5,14.5,419.6101320738624
56.5,15.5,419.6216806640013
56.5,16.5,419.6269015401554
56.5,17.5,419.6595068010621
56.5,18.5,419.657729674388
56.5,19.5,419.6533996891107
56.5,20.5,419.6439457294407
56.5,21.5,419.58670950520656
56.5,22.5,419.5778470927202
56.5,23.5,419.60085137244266
56.5,24.5,419.5705017080755
56.5,25.5,419.5594677339329
56.5,26.5,419.5363783192879
56.5,27.5,419.5199937070643
56.5,28.5,419.5077753859762
56.5,29.5,419.4853004257544
56.5,30.5,419.4867358968333
56.5,31.5,419.47971488559375
56.5,32.5,419.4472500205948
56.5,33.5,419.44001126841965
56.5,34.5,419.4582310042543
56.5,35.5,419.50572985943785
56.5,36.5,419.5448796011681
56.5,37.5,419.6189604667698
56.5,38.5,419.6403633292088
56.5,39.5,419.5869221308001
56.5,40.5,419.55407526368106
56.5,41.5,419.4944270425959
56.5,42.5,419.4391833655027
56.5,43.5,419.4262017382126
56.5,44.5,419.40414873662553
56.5,45.5,419.37150213187726
56.5,46.5,419.3453299773317
56.5,47.5,419.3507526065487
56.5,48.5,419.34717329211446
56.5,49.5,419.3303455720751
56.5,50.5,419.3124432320666
56.5,51.5,419.3107608816512
56.5,52.5,419.31826245493255
56.5,53.5,419.2910470950601
56.5,54.5,419.2731733846946
56.5,55.5,419.2264633227696
56.5,56.5,419.1949237498511
56.5,57.5,419.146362865876
56.5,58.5,419.0804908307792
56.5,59.5,419.0658842552608
56.5,60.5,419.1028698832304
56.5,61.5,419.1259427901147
56.5,62.5,419.1231275640802
56.5,63.5,419.1299703876481
56.5,64.5,419.13468883732617
56.5,65.5,419.1468760206008
56.5,66.5,419.15020690866754
56.5,67.5,419.154451879423
56.5,68.5,419.17837036409577
56.5,69.5,419.18895584937314
56.5,70.5,419.1977219491192
56.5,71.5,419.21263960137406
56.5,72.5,419.2239274092812
56.5,73.5,419.2323896832219
56.5,74.5,419.24191455033423
56.5,75.5,419.2475383958515
56.5,76.5,419.2535292172483
56.5,77.5,419.2677342724798
56.5,78.5,419.27590976419935
56.5,79.5,419.2731656909977
56.5,80.5,419.2718524171464
56.5,81.5,419.2754022817355
56.5,82.5,419.28996733567226
56.5,83.5,419.3223779715477
56.5,84.5,419.33797128485577
56.5,85.5,419.3521422120323
56.5,86.5,419.3561858656266
56.5,87.5,419.3493200804587
56.5,88.5,419.3540705885459
56.5,89.5,419.3463546599693
56.5,90.5,419.3521694231989
56.5,91.5,419.355003703409
56.5,92.5,419.3339665718367
56.5,93.5,419.33206879019536
56.5,94.5,419.33702954485466
56.5,95.5,419.40079109905736
56.5,96.5,419.3639853559813
56.5,97.5,419.35455604650144
56.5,98.5,419.3398384254037
56.5,99.5,419.2737099667826
56.5,100.5,419.262050905362
56.5,101.5,419.2444767279433
56.5,102.5,419.275276722233
56.5,103.5,419.27342107439006
56.5,104.5,419.25208515138416
56.5,105.5,419.2385667758584
56.5,106.5,419.20028276037607
56.5,107.5,419.1779642861254
56.5,108.5,419.1400248321592
56.5,109.5,418.9108955439451
56.5,110.5,418.85254323201286
56.5,111.5,418.851400623138
56.5,112.5,418.8601656368484
56.5,113.5,418.8677229066095
56.5,114.5,418.897255538384
56.5,115.5,419.0445815686137
56.5,116.5,419.0589187746123
56.5,117.5,418.84707905307766
56.5,118.5,418.89796109077145
56.5,119.5,418.93522323953
56.5,120.5,419.0390768610537
56.5,121.5,419.2243712250462
56.5,122.5,419.247464158826
56.5,123.5,419.1315965210149
56.5,124.5,419.2140201347046
56.5,125.5,419.2170408930317
56.5,126.5,419.1759134629317
56.5,127.5,419.1347997234579
56.5,128.5,419.1401985665045
56.5,129.5,419.157733293156
56.5,130.5,419.2246922875719
56.5,131.5,419.2343622569596
56.5,132.5,419.2590787370967
56.5,133.5,419.36810849629575
56.5,134.5,419.40598386922414
56.5,135.5,419.4136165802615
56.5,136.5,419.3378675681022
56.5,137.5,419.6712102501228
56.5,138.5,419.7138041176271
56.5,139.5,419.8043338211051
56.5,140.5,419.7884375867434
56.5,141.5,419.7727583138913
56.5,142.5,419.7503710257498
56.5,143.5,419.7305449236016
56.5,144.5,419.7202862381529
56.5,145.5,419.7182250830043
56.5,146.5,419.70324969683617
56.5,147.5,419.6930897923184
56.5,148.5,419.6848563533159
56.5,149.5,419.6704728304752
56.5,150.5,419.6614983791965
56.5,151.5,419.65288237154897
56.5,152.5,419.6579010815606
56.5,153.5,419.66550743193966
56.5,154.5,419.6698112349834
56.5,155.5,419.6670543663018
56.5,156.5,419.57136252692976
56.5,157.5,419.54387825521815
56.5,158.5,419.4068252770484
56.5,159.5,419.40653869326593
56.5,160.5,419.4070754157677
56.5,161.5,419.4627976618653
56.5,162.5,419.5795751040369
56.5,163.5,419.5994356469879
56.5,164.5,419.655810742806
56.5,165.5,419.654772264297
56.5,166.5,419.65466293876784
56.5,167.5,419.6544660434769
56.5,168.5,419.65052198187
56.5,169.5,419.6480090186032
56.5,170.5,419.6447249623537
56.5,171.5,419.6452917802901
56.5,172.5,419.642354605734
56.5,173.5,419.63285826470445
56.5,174.5,419.62289652933976
56.5,175.5,419.6127495938509
56.5,176.5,419.598203195712
56.5,177.5,419.586295253294
56.5,178.5,419.5725227131189
56.5,179.5,419.5637978259774
57.5,-179.5,419.51348722385103
57.5,-178.5,419.5073084903566
57.5,-177.5,419.5029537284002
57.5,-176.5,419.49772078098914
57.5,-175.5,419.4915913133346
57.5,-174.5,419.4843013394655
57.5,-173.5,419.4809492420916
57.5,-172.5,419.4821963851636
57.5,-171.5,419.4815343579086
57.5,-170.5,419.4836411507189
57.5,-169.5,419.48208691168986
57.5,-168.5,419.4771751774079
57.5,-167.5,419.4721023284693
57.5,-166.5,419.4623935160893
57.5,-165.5,419.4543197480653
57.5,-164.5,419.44955130018633
57.5,-163.5,419.4472787203473
57.5,-162.5,419.4485173800784
57.5,-161.5,419.4518227539157
57.5,-160.5,419.4578974729502
57.5,-159.5,419.4599606198252
57.5,-158.5,419.4619061690703
57.5,-157.5,419.4108457277535
57.5,-156.5,419.4152437636159
57.5,-155.5,419.4137975922458
57.5,-154.5,419.43262704606633
57.5,-153.5,419.443506461316
57.5,-152.5,419.45233113963
57.5,-151.5,419.5036448333786
57.5,-150.5,419.5080384980282
57.5,-149.5,419.5100521033144
57.5,-148.5,419.5088939616954
57.5,-147.5,419.50996010435085
57.5,-146.5,419.5098538742363
57.5,-145.5,419.50822887365
57.5,-144.5,419.51080724351175
57.5,-143.5,419.5126338856318
57.5,-142.5,419.5153499036033
57.5,-141.5,419.5208343253043
57.5,-140.5,419.5259223457941
57.5,-139.5,419.539636334198
57.5,-138.5,419.5413154204849
57.5,-137.5,419.5357814201974
57.5,-136.5,419.4819524280749
57.5,-135.5,419.3786064927351
57.5,-134.5,419.34532752146464
57.5,-133.5,419.2377749934709
57.5,-132.5,418.9956864594396
57.5,-131.5,418.97539833864425
57.5,-130.5,418.9767593672829
57.5,-129.5,418.8908357650848
57.5,-128.5,418.8656327921066
57.5,-127.5,418.8338988219077
57.5,-126.5,418.8032153385535
57.5,-125.5,418.75101066491726
57.5,-124.5,418.7597183220314
57.5,-123.5,418.8246595498025
57.5,-122.5,418.83993772435326
57.5,-121.5,419.0134550274913
57.5,-120.5,419.0014452142082
57.5,-119.5,419.01370493020505
57.5,-118.5,419.11277149648015
57.5,-117.5,419.1266371497219
57.5,-116.5,419.1674897689618
57.5,-115.5,419.10665603452856
57.5,-114.5,419.0754361251245
57.5,-113.5,419.07196408540807
57.5,-112.5,419.1241167470296
57.5,-111.5,419.1232527414221
57.5,-110.5,419.111503595876
57.5,-109.5,419.0597441739365
57.5,-108.5,419.0567169413407
57.5,-107.5,419.08466344513545
57.5,-106.5,419.09007569997726
57.5,-105.5,419.06208285858486
57.5,-104.5,419.085606234636
57.5,-103.5,419.09661774263753
57.5,-102.5,419.1530646912546
57.5,-101.5,419.1620702247594
57.5,-100.5,419.1654257182269
57.5,-99.5,419.1745018913416
57.5,-98.5,419.2072691003453
57.5,-97.5,419.209700501616
57.5,-96.5,419.2071374635567
57.5,-95.5,419.2096993634566
57.5,-94.5,419.2329998161831
57.5,-93.5,419.2874694681693
57.5,-92.5,419.29205937367857
57.5,-91.5,419.2900372024024
57.5,-90.5,419.289563145091
57.5,-89.5,419.28495436935947
57.5,-88.5,419.2783619925541
57.5,-87.5,419.274052027428
57.5,-86.5,419.2768204555526
57.5,-85.5,419.2823050374123
57.5,-84.5,419.2939951906034
57.5,-83.5,419.3026120486958
57.5,-82.5,419.3128850186652
57.5,-81.5,419.32215946600473
57.5,-80.5,419.33193351581735
57.5,-79.5,419.34111002997867
57.5,-78.5,419.3552067141639
57.5,-77.5,419.3548612323933
57.5,-76.5,419.3114794519609
57.5,-75.5,419.2650813977318
57.5,-74.5,419.2583465645987
57.5,-73.5,419.2509367801471
57.5,-72.5,419.2399447750168
57.5,-71.5,419.26985733120574
57.5,-70.5,419.2701905889152
57.5,-69.5,419.3062924743648
57.5,-68.5,419.3163908308832
57.5,-67.5,419.33658828835337
57.5,-66.5,419.2748392364855
57.5,-65.5,419.2473698176043
57.5,-64.5,419.1207020991552
57.5,-63.5,419.1327931603993
57.5,-62.5,419.1403690719825
57.5,-61.5,419.2861167001501
57.5,-60.5,419.31482922716975
57.5,-59.5,419.309308129447
57.5,-58.5,419.3031266018654
57.5,-57.5,419.2960804079429
57.5,-56.5,419.2890378033628
57.5,-55.5,419.2776576614789
57.5,-54.5,419.2696656223434
57.5,-53.5,419.2618163286915
57.5,-52.5,419.25588497055
57.5,-51.5,419.2452672106656
57.5,-50.5,419.2361471514678
57.5,-49.5,419.22424096991386
57.5,-48.5,419.21326304026974
57.5,-47.5,419.2069917569063
57.5,-46.5,419.2005124145583
57.5,-45.5,419.1975900953815
57.5,-44.5,419.19671512252575
57.5,-43.5,419.1983463710187
57.5,-42.5,419.1953284065285
57.5,-41.5,419.1964923848019
57.5,-40.5,419.1982913367058
57.5,-39.5,419.2013499270352
57.5,-38.5,419.2071135874678
57.5,-37.5,419.2157927829558
57.5,-36.5,419.2229045275034
57.5,-35.5,419.2566055286941
57.5,-34.5,419.2347121424128
57.5,-33.5,419.23894919723193
57.5,-32.5,419.2408126481951
57.5,-31.5,419.2425865090104
57.5,-30.5,419.24392834811954
57.5,-29.5,419.2442262730892
57.5,-28.5,419.2422924160943
57.5,-27.5,419.24124149806914
57.5,-26.5,419.238443159336
57.5,-25.5,419.23663325677467
57.5,-24.5,419.2338467443734
57.5,-23.5,419.2330828562814
57.5,-22.5,419.2323724747831
57.5,-21.5,419.2337932714332
57.5,-20.5,419.233087606929
57.5,-19.5,419.2323041082176
57.5,-18.5,419.2368858115825
57.5,-17.5,419.24326280737154
57.5,-16.5,419.2532269558952
57.5,-15.5,419.2627536095124
57.5,-14.5,419.2683708118088
57.5,-13.5,419.2696199448092
57.5,-12.5,419.2716760899817
57.5,-11.5,419.2788886156065
57.5,-10.5,419.2915447477339
57.5,-9.5,419.3094770337052
57.5,-8.5,419.3271039561005
57.5,-7.5,419.3463334785564
57.5,-6.5,419.3027329867807
57.5,-5.5,419.3064061919007
57.5,-4.5,419.30080730845305
57.5,-3.5,419.3322031883679
57.5,-2.5,419.382516971885
57.5,-1.5,419.4414011572993
57.5,-0.5,419.4677137540393
57.5,0.5,419.48728751144296
57.5,1.5,419.5114768885916
57.5,2.5,419.5369597018053
57.5,3.5,419.55682022666775
57.5,4.5,419.5828341318
57.5,5.5,419.6063265139716
57.5,6.5,419.6198353864996
57.5,7.5,419.62513606249286
57.5,8.5,419.6347551578168
57.5,9.5,419.6437978798908
57.5,10.5,419.6562965371652
57.5,11.5,419.65664432913246
57.5,12.5,419.6394265683996
57.5,13.5,419.5749721072156
57.5,14.5,419.5419238146748
57.5,15.5,419.5400498244408
57.5,16.5,419.6048985874028
57.5,17.5,419.6297055296078
57.5,18.5,419.6297156907052
57.5,19.5,419.6310933481181
57.5,20.5,419.6289806136889
57.5,21.5,419.6257671565978
57.5,22.5,419.6311266874315
57.5,23.5,419.65598586416246
57.5,24.5,419.6486846345085
57.5,25.5,419.6102421256773
57.5,26.5,419.5957686893312
57.5,27.5,419.5839337991207
57.5,28.5,419.5605093476355
57.5,29.5,419.5480886327597
57.5,30.5,419.5405847885832
57.5,31.5,419.52336106527287
57.5,32.5,419.5107954022439
57.5,33.5,419.4711226003007
57.5,34.5,419.4743439864817
57.5,35.5,419.47783521096574
57.5,36.5,419.4889441471004
57.5,37.5,419.4992506695447
57.5,38.5,419.5057223366211
57.5,39.5,419.60242922893127
57.5,40.5,419.5799318399445
57.5,41.5,419.46421423090976
57.5,42.5,419.4134156957941
57.5,43.5,419.3895979769633
57.5,44.5,419.3693672740271
57.5,45.5,419.3541964342781
57.5,46.5,419.3459524964079
57.5,47.5,419.34777998522407
57.5,48.5,419.34374608939765
57.5,49.5,419.3343670449549
57.5,50.5,419.3213951112934
57.5,51.5,419.3090859578546
57.5,52.5,419.27728159387055
57.5,53.5,419.25327463038406
57.5,54.5,419.2433166722163
57.5,55.5,419.2338866933632
57.5,56.5,419.2526957573224
57.5,57.5,419.18575147844064
57.5,58.5,419.1316400942388
57.5,59.5,419.182323884256
57.5,60.5,419.2024570177686
57.5,61.5,419.2555318164404
57.5,62.5,419.19347021065335
57.5,63.5,419.17530410430857
57.5,64.5,419.1785863074815
57.5,65.5,419.2020462816569
57.5,66.5,419.2059483163577
57.5,67.5,419.2071392332288
57.5,68.5,419.22425408402745
57.5,69.5,419.233169187931
57.5,70.5,419.2282575463197
57.5,71.5,419.2193378638823
57.5,72.5,419.22900123789833
57.5,73.5,419.26861058266775
57.5,74.5,419.2786861247711
57.5,75.5,419.2851014277284
57.5,76.5,419.29508671362186
57.5,77.5,419.285760684864
57.5,78.5,419.2842754972686
57.5,79.5,419.2793417736074
57.5,80.5,419.2738751292422
57.5,81.5,419.2766849392859
57.5,82.5,419.285874331712
57.5,83.5,419.3024805459213
57.5,84.5,419.3125076201828
57.5,85.5,419.3206496903227
57.5,86.5,419.3168227964356
57.5,87.5,419.32255565932127
57.5,88.5,419.3265423647464
57.5,89.5,419.32705226716985
57.5,90.5,419.3309590209213
57.5,91.5,419.33543973223874
57.5,92.5,419.3455305103994
57.5,93.5,419.34362288557566
57.5,94.5,419.3338372558131
57.5,95.5,419.2877277026703
57.5,96.5,419.2912834189732
57.5,97.5,419.29319917940654
57.5,98.5,419.3014694359207
57.5,99.5,419.3102788576352
57.5,100.5,419.2754381811186
57.5,101.5,419.2833152523995
57.5,102.5,419.34325982435854
57.5,103.5,419.2693936557352
57.5,104.5,419.2576921667606
57.5,105.5,419.20979627562207
57.5,106.5,419.2641652735709
57.5,107.5,419.25668591894606
57.5,108.5,419.1844549166166
57.5,109.5,419.1541821099841
57.5,110.5,419.02616039341433
57.5,111.5,419.0710715934288
57.5,112.5,419.0726613632538
57.5,113.5,419.0145968269789
57.5,114.5,419.0246003389824
57.5,115.5,419.0251436157945
57.5,116.5,419.0345936192888
57.5,117.5,419.0443610243712
57.5,118.5,419.0730307320524
57.5,119.5,419.120251721677
57.5,120.5,419.1577763852734
57.5,121.5,419.2192982617864
57.5,122.5,419.24941888656406
57.5,123.5,419.26193525054526
57.5,124.5,419.2990601350418
57.5,125.5,419.2264537614234
57.5,126.5,419.2135881877568
57.5,127.5,419.16533408888336
57.5,128.5,419.17647571757567
57.5,129.5,419.236921587896
57.5,130.5,419.2853339609936
57.5,131.5,419.2913204947147
57.5,132.5,419.3213552901629
57.5,133.5,419.4455949569896
57.5,134.5,419.53273011822426
57.5,135.5,419.5395172667624
57.5,136.5,419.5332179639312
57.5,137.5,419.373783526812
57.5,138.5,419.38307220643736
57.5,139.5,419.4552409427379
57.5,140.5,419.7047036845155
57.5,141.5,419.7066764158402
57.5,142.5,419.6838643044634
57.5,143.5,419.6702406595596
57.5,144.5,419.659818872971
57.5,145.5,419.6505024662416
57.5,146.5,419.6468489454516
57.5,147.5,419.6383904583374
57.5,148.5,419.6271539218379
57.5,149.5,419.61550055798347
57.5,150.5,419.6076831057978
57.5,151.5,419.6015936269442
57.5,152.5,419.6028991690209
57.5,153.5,419.6063025608249
57.5,154.5,419.61551250366944
57.5,155.5,419.62043213539823
57.5,156.5,419.61921282180487
57.5,157.5,419.55157976066977
57.5,158.5,419.5225009498558
57.5,159.5,419.5036501189506
57.5,160.5,419.3357662833801
57.5,161.5,419.52919852981904
57.5,162.5,419.5554450430318
57.5,163.5,419.6173641790912
57.5,164.5,419.6300456714886
57.5,165.5,419.6311547819424
57.5,166.5,419.6287332416454
57.5,167.5,419.62481870996334
57.5,168.5,419.6198591303401
57.5,169.5,419.6126733963166
57.5,170.5,419.6071588526672
57.5,171.5,419.6009330877313
57.5,172.5,419.5903686652692
57.5,173.5,419.5910154892608
57.5,174.5,419.58320062498296
57.5,175.5,419.5725099032656
57.5,176.5,419.5611576375326
57.5,177.5,419.5445002216553
57.5,178.5,419.5303237060444
57.5,179.5,419.5216759204085
58.5,-179.5,419.4730482665334
58.5,-178.5,419.468458965784
58.5,-177.5,419.46289912220914
58.5,-176.5,419.4584344768403
58.5,-175.5,419.4523502020208
58.5,-174.5,419.44766494987846
58.5,-173.5,419.44358010438685
58.5,-172.5,419.4414920784065
58.5,-171.5,419.4403480690552
58.5,-170.5,419.4423944842414
58.5,-169.5,419.4424868848947
58.5,-168.5,419.4407120571628
58.5,-167.5,419.4385852941366
58.5,-166.5,419.4356251013096
58.5,-165.5,419.4339759459186
58.5,-164.5,419.4305047133044
58.5,-163.5,419.4318085927382
58.5,-162.5,419.4330285715028
58.5,-161.5,419.4351571302302
58.5,-160.5,419.44040457570105
58.5,-159.5,419.4545548542608
58.5,-158.5,419.4650305120588
58.5,-157.5,419.474787242059
58.5,-156.5,419.4186078105908
58.5,-155.5,419.4138040763509
58.5,-154.5,419.3291474160479
58.5,-153.5,419.43740252027
58.5,-152.5,419.4941788685993
58.5,-151.5,419.5028218078257
58.5,-150.5,419.513610386065
58.5,-149.5,419.5160609369443
58.5,-148.5,419.5184760046878
58.5,-147.5,419.51548114920064
58.5,-146.5,419.5146040603753
58.5,-145.5,419.5130757191534
58.5,-144.5,419.5147606085743
58.5,-143.5,419.52199702491606
58.5,-142.5,419.52720085898056
58.5,-141.5,419.5311508692887
58.5,-140.5,419.5333547295896
58.5,-139.5,419.52946044842673
58.5,-138.5,419.5130364824006
58.5,-137.5,419.4975392786717
58.5,-136.5,419.35097048710605
58.5,-135.5,419.3264211727154
58.5,-134.5,419.223915169088
58.5,-133.5,419.16029332090926
58.5,-132.5,419.0523072574901
58.5,-131.5,419.0246002827665
58.5,-130.5,418.9402315025857
58.5,-129.5,418.9191389383109
58.5,-128.5,418.8615071818053
58.5,-127.5,418.8230284271978
58.5,-126.5,418.7933067311002
58.5,-125.5,418.7243456732385
58.5,-124.5,418.71754197009744
58.5,-123.5,418.9827127598931
58.5,-122.5,419.0587865976819
58.5,-121.5,419.2851650216703
58.5,-120.5,419.3362978718465
58.5,-119.5,419.3858717349565
58.5,-118.5,419.3903153059678
58.5,-117.5,419.39298551108914
58.5,-116.5,419.22299967334334
58.5,-115.5,419.2067180060636
58.5,-114.5,419.28997043822005
58.5,-113.5,419.3014203272212
58.5,-112.5,419.2930937948016
58.5,-111.5,419.2591623304721
58.5,-110.5,419.2784536627759
58.5,-109.5,419.14364260822543
58.5,-108.5,419.1431611622146
58.5,-107.5,419.108488445634
58.5,-106.5,419.10113637347615
58.5,-105.5,419.1368444764516
58.5,-104.5,419.10574124617045
58.5,-103.5,419.1250974055148
58.5,-102.5,419.1230044632794
58.5,-101.5,419.1254314615116
58.5,-100.5,419.1492417677389
58.5,-99.5,419.1553117910456
58.5,-98.5,419.1783611039305
58.5,-97.5,419.18818652188
58.5,-96.5,419.19492266286255
58.5,-95.5,419.2426351118533
58.5,-94.5,419.25041905058976
58.5,-93.5,419.2804247309451
58.5,-92.5,419.2827968488049
58.5,-91.5,419.3019268168827
58.5,-90.5,419.2746508568116
58.5,-89.5,419.26830132149706
58.5,-88.5,419.2647552694716
58.5,-87.5,419.262663750481
58.5,-86.5,419.2650372975645
58.5,-85.5,419.2678280520664
58.5,-84.5,419.2739536753128
58.5,-83.5,419.27952817876326
58.5,-82.5,419.2854276447363
58.5,-81.5,419.292305190645
58.5,-80.5,419.2987352331967
58.5,-79.5,419.3049144668144
58.5,-78.5,419.30824038427335
58.5,-77.5,419.3097964374104
58.5,-76.5,419.2717963115359
58.5,-75.5,419.247898876459
58.5,-74.5,419.2445791404631
58.5,-73.5,419.2447250557704
58.5,-72.5,419.2439985989306
58.5,-71.5,419.2485320301925
58.5,-70.5,419.2702802449152
58.5,-69.5,419.3046605670757
58.5,-68.5,419.3159767876591
58.5,-67.5,419.3595830703221
58.5,-66.5,419.27997399988425
58.5,-65.5,419.2528884760716
58.5,-64.5,419.09522057898135
58.5,-63.5,419.091457312856
58.5,-62.5,419.27007389724406
58.5,-61.5,419.3135652840079
58.5,-60.5,419.30797033826303
58.5,-59.5,419.2984938033738
58.5,-58.5,419.2870943322481
58.5,-57.5,419.2776751610367
58.5,-56.5,419.2699875289723
58.5,-55.5,419.25823043945786
58.5,-54.5,419.2498779629347
58.5,-53.5,419.2400360646277
58.5,-52.5,419.2307042965524
58.5,-51.5,419.2181296469708
58.5,-50.5,419.2089891189394
58.5,-49.5,419.1972977036653
58.5,-48.5,419.1889500712068
58.5,-47.5,419.1773176977303
58.5,-46.5,419.1705794280933
58.5,-45.5,419.1655601463775
58.5,-44.5,419.1634510941533
58.5,-43.5,419.16595869601775
58.5,-42.5,419.16902897716216
58.5,-41.5,419.1740885634471
58.5,-40.5,419.1777008513704
58.5,-39.5,419.18505008199605
58.5,-38.5,419.1898637611937
58.5,-37.5,419.1965148156636
58.5,-36.5,419.1997671381674
58.5,-35.5,419.2053969442194
58.5,-34.5,419.212692466244
58.5,-33.5,419.21158901313777
58.5,-32.5,419.217862702874
58.5,-31.5,419.21626910590646
58.5,-30.5,419.2192465855521
58.5,-29.5,419.2210713597245
58.5,-28.5,419.22208561947167
58.5,-27.5,419.2233598343392
58.5,-26.5,419.2247818128914
58.5,-25.5,419.22116017822646
58.5,-24.5,419.22011772404096
58.5,-23.5,419.22113187774113
58.5,-22.5,419.2225892843649
58.5,-21.5,419.2253639203588
58.5,-20.5,419.229769625722
58.5,-19.5,419.2373041191883
58.5,-18.5,419.2442927258167
58.5,-17.5,419.2541623574634
58.5,-16.5,419.2613588766432
58.5,-15.5,419.2678045874058
58.5,-14.5,419.2771599847034
58.5,-13.5,419.2850035073053
58.5,-12.5,419.2910345514448
58.5,-11.5,419.2985199689878
58.5,-10.5,419.3091359368871
58.5,-9.5,419.3511936111082
58.5,-8.5,419.34732180049167
58.5,-7.5,419.3592846143032
58.5,-6.5,419.3613369136359
58.5,-5.5,419.3633727198724
58.5,-4.5,419.3562633502353
58.5,-3.5,419.37744118418544
58.5,-2.5,419.3966926293597
58.5,-1.5,419.42730736089663
58.5,-0.5,419.4451678575981
58.5,0.5,419.4634687649231
58.5,1.5,419.4844750772291
58.5,2.5,419.51379565105657
58.5,3.5,419.5317220327646
58.5,4.5,419.5508869912675
58.5,5.5,419.5396023844222
58.5,6.5,419.5426134171241
58.5,7.5,419.4593550806261
58.5,8.5,419.47112128156033
58.5,9.5,419.5706004318421
58.5,10.5,419.6374099968465
58.5,11.5,419.60784904097216
58.5,12.5,419.5939152965757
58.5,13.5,419.59532121515775
58.5,14.5,419.5825496219422
58.5,15.5,419.57013510446245
58.5,16.5,419.62335794799577
58.5,17.5,419.62753399896735
58.5,18.5,419.6167205463753
58.5,19.5,419.6141185027774
58.5,20.5,419.6142630900362
58.5,21.5,419.6239759075254
58.5,22.5,419.64783774543633
58.5,23.5,419.65707219022863
58.5,24.5,419.6493798549329
58.5,25.5,419.6461392260474
58.5,26.5,419.6286016676418
58.5,27.5,419.62123834345033
58.5,28.5,419.60790151591823
58.5,29.5,419.5923458838488
58.5,30.5,419.5910697296487
58.5,31.5,419.6036753690632
58.5,32.5,419.5585789786937
58.5,33.5,419.5302887932934
58.5,34.5,419.5005062286264
58.5,35.5,419.4797685630737
58.5,36.5,419.4692402818373
58.5,37.5,419.4793701135484
58.5,38.5,419.52327504089146
58.5,39.5,419.4613942135717
58.5,40.5,419.418989955144
58.5,41.5,419.3897077982174
58.5,42.5,419.36595879716265
58.5,43.5,419.3463407784831
58.5,44.5,419.3308100962753
58.5,45.5,419.3260784274796
58.5,46.5,419.3201857918796
58.5,47.5,419.3163468014476
58.5,48.5,419.3218620565437
58.5,49.5,419.3149533560602
58.5,50.5,419.29108698922266
58.5,51.5,419.26147128826574
58.5,52.5,419.2218918109172
58.5,53.5,419.21082832377726
58.5,54.5,419.2235092466906
58.5,55.5,419.2223080240256
58.5,56.5,419.240413882193
58.5,57.5,419.1319290252983
58.5,58.5,419.1069304665306
58.5,59.5,419.1292090927136
58.5,60.5,419.1354574784024
58.5,61.5,419.1596784293953
58.5,62.5,419.1826439951133
58.5,63.5,419.1836660849298
58.5,64.5,419.18491299385965
58.5,65.5,419.19769151627264
58.5,66.5,419.2049328339424
58.5,67.5,419.2217076004863
58.5,68.5,419.23534623715045
58.5,69.5,419.2145036643119
58.5,70.5,419.2501497043632
58.5,71.5,419.2701694852928
58.5,72.5,419.2832825536783
58.5,73.5,419.2966802938268
58.5,74.5,419.30578639046905
58.5,75.5,419.3122590063284
58.5,76.5,419.3229457374027
58.5,77.5,419.3158381874304
58.5,78.5,419.30877184004544
58.5,79.5,419.2994305132112
58.5,80.5,419.2928511417852
58.5,81.5,419.2957743313733
58.5,82.5,419.29988000133767
58.5,83.5,419.3023045880645
58.5,84.5,419.3054290216715
58.5,85.5,419.3045225533376
58.5,86.5,419.31011191176833
58.5,87.5,419.3227480457256
58.5,88.5,419.3290950272676
58.5,89.5,419.3356696245964
58.5,90.5,419.3236448286981
58.5,91.5,419.3157204801568
58.5,92.5,419.2749118772441
58.5,93.5,419.2734064458032
58.5,94.5,419.22508815973714
58.5,95.5,419.2303158945881
58.5,96.5,419.26270704744405
58.5,97.5,419.2786042726689
58.5,98.5,419.2980649471353
58.5,99.5,419.2927440775507
58.5,100.5,419.29569687832793
58.5,101.5,419.3071616231932
58.5,102.5,419.2975751598274
58.5,103.5,419.231571320937
58.5,104.5,419.1765706557371
58.5,105.5,419.1415211443768
58.5,106.5,419.1944665660269
58.5,107.5,419.2051835899329
58.5,108.5,419.2473661694437
58.5,109.5,419.2828759195699
58.5,110.5,419.2947729155681
58.5,111.5,419.222101017221
58.5,112.5,419.22242524664335
58.5,113.5,419.067008238971
58.5,114.5,419.0601615048378
58.5,115.5,419.1026175391722
58.5,116.5,419.1246830533676
58.5,117.5,419.2050791714998
58.5,118.5,419.3015076745618
58.5,119.5,419.3439742322199
58.5,120.5,419.4128255069814
58.5,121.5,419.4333356923094
58.5,122.5,419.3864031024585
58.5,123.5,419.3831814533178
58.5,124.5,419.345861256792
58.5,125.5,419.342067528035
58.5,126.5,419.3371941584367
58.5,127.5,419.33742566514616
58.5,128.5,419.2824957627024
58.5,129.5,419.4916505777938
58.5,130.5,419.5126183495401
58.5,131.5,419.47186902064766
58.5,132.5,419.4888376067639
58.5,133.5,419.50392282201113
58.5,134.5,419.5540828308665
58.5,135.5,419.5396356680363
58.5,136.5,419.51343355248366
58.5,137.5,419.3980207163605
58.5,138.5,419.3693402375189
58.5,139.5,419.3543376526343
58.5,140.5,419.55236212226646
58.5,141.5,419.5677147439288
58.5,142.5,419.6235293492665
58.5,143.5,419.6127600132841
58.5,144.5,419.60350695621617
58.5,145.5,419.5935673405993
58.5,146.5,419.59059293176864
58.5,147.5,419.58425640940766
58.5,148.5,419.57330240764446
58.5,149.5,419.5629308341119
58.5,150.5,419.5545054381825
58.5,151.5,419.5352623948365
58.5,152.5,419.5304048374468
58.5,153.5,419.5274535106289
58.5,154.5,419.54760364096296
58.5,155.5,419.554608597868
58.5,156.5,419.5626423004859
58.5,157.5,419.5680056676392
58.5,158.5,419.5652923637418
58.5,159.5,419.496677443544
58.5,160.5,419.31694265056433
58.5,161.5,419.3222952617797
58.5,162.5,419.53947331225896
58.5,163.5,419.5603958550345
58.5,164.5,419.5840785584284
58.5,165.5,419.59858954947646
58.5,166.5,419.59471650392857
58.5,167.5,419.58020801920793
58.5,168.5,419.5819822910657
58.5,169.5,419.5760843445663
58.5,170.5,419.5677912940605
58.5,171.5,419.55786798970905
58.5,172.5,419.55100222741225
58.5,173.5,419.5420812864591
58.5,174.5,419.5347704528518
58.5,175.5,419.5234575733156
58.5,176.5,419.5163294330856
58.5,177.5,419.5026486940212
58.5,178.5,419.49249288933385
58.5,179.5,419.4807766951787
59.5,-179.5,419.44402116420446
59.5,-178.5,419.4378954045101
59.5,-177.5,419.4305300684818
59.5,-176.5,419.4239050139678
59.5,-175.5,419.4179639937437
59.5,-174.5,419.4132988630364
59.5,-173.5,419.4086330214198
59.5,-172.5,419.40632811201607
59.5,-171.5,419.405357758656
59.5,-170.5,419.4051892518204
59.5,-169.5,419.4056810571829
59.5,-168.5,419.4043314584728
59.5,-167.5,419.4051506659222
59.5,-166.5,419.3944814697591
59.5,-165.5,419.4102202834177
59.5,-164.5,419.4143656137248
59.5,-163.5,419.4219454204068
59.5,-162.5,419.41991520537454
59.5,-161.5,419.37735447079655
59.5,-160.5,419.270751142774
59.5,-159.5,419.28465994218817
59.5,-158.5,419.40060705416056
59.5,-157.5,419.42145735857736
59.5,-156.5,419.45889951255737
59.5,-155.5,419.4343454406274
59.5,-154.5,419.3858046286047
59.5,-153.5,419.45028490475295
59.5,-152.5,419.4838133277647
59.5,-151.5,419.4872400331336
59.5,-150.5,419.3453102036686
59.5,-149.5,419.4999043457464
59.5,-148.5,419.5070419020636
59.5,-147.5,419.5201320488837
59.5,-146.5,419.5278540880344
59.5,-145.5,419.5243610034059
59.5,-144.5,419.5224981174418
59.5,-143.5,419.5205744280302
59.5,-142.5,419.5066716514908
59.5,-141.5,419.4971162164308
59.5,-140.5,419.3551701561749
59.5,-139.5,419.4139675345281
59.5,-138.5,419.3879280488324
59.5,-137.5,419.1595229110804
59.5,-136.5,419.1763854571881
59.5,-135.5,419.1576561059435
59.5,-134.5,419.02721469560487
59.5,-133.5,419.0468754748187
59.5,-132.5,419.01765477247073
59.5,-131.5,418.9614260267577
59.5,-130.5,418.9840864668808
59.5,-129.5,418.9725792313157
59.5,-128.5,419.0905229790961
59.5,-127.5,419.0527285685933
59.5,-126.5,418.8916110978197
59.5,-125.5,418.9394010727744
59.5,-124.5,418.9614918035591
59.5,-123.5,419.1826522706388
59.5,-122.5,419.2520926439313
59.5,-121.5,419.3448465901947
59.5,-120.5,419.44109899227726
59.5,-119.5,419.4668339815762
59.5,-118.5,419.4390273404754
59.5,-117.5,419.4491894868015
59.5,-116.5,419.4106825281628
59.5,-115.5,419.2588759799628
59.5,-114.5,419.2585887512475
59.5,-113.5,419.4639951209728
59.5,-112.5,419.4756668440741
59.5,-111.5,419.4700631572064
59.5,-110.5,419.3309283745838
59.5,-109.5,419.27121063266105
59.5,-108.5,419.1895873562529
59.5,-107.5,419.1546025811675
59.5,-106.5,419.1231941467459
59.5,-105.5,419.11246429104114
59.5,-104.5,419.1128463814001
59.5,-103.5,419.1025226088456
59.5,-102.5,419.1054367834374
59.5,-101.5,419.11675357564826
59.5,-100.5,419.1244633787072
59.5,-99.5,419.1623492565648
59.5,-98.5,419.1697808384124
59.5,-97.5,419.1818935324093
59.5,-96.5,419.22157390194377
59.5,-95.5,419.2468184864477
59.5,-94.5,419.27881770756
59.5,-93.5,419.2803882798031
59.5,-92.5,419.27661853347456
59.5,-91.5,419.26957541662847
59.5,-90.5,419.2650236296868
59.5,-89.5,419.260064954758
59.5,-88.5,419.2580041545525
59.5,-87.5,419.2552785765416
59.5,-86.5,419.2542475917443
59.5,-85.5,419.2541918370399
59.5,-84.5,419.2568277714174
59.5,-83.5,419.2591722897371
59.5,-82.5,419.2664332810027
59.5,-81.5,419.3034287717695
59.5,-80.5,419.274431729194
59.5,-79.5,419.2795848803476
59.5,-78.5,419.2882159872381
59.5,-77.5,419.26190669734336
59.5,-76.5,419.2613993218666
59.5,-75.5,419.25021314088775
59.5,-74.5,419.23863950097007
59.5,-73.5,419.2644566443181
59.5,-72.5,419.2173984576066
59.5,-71.5,419.2204993687195
59.5,-70.5,419.24562366076
59.5,-69.5,419.2910696383111
59.5,-68.5,419.3189614067539
59.5,-67.5,419.32954631479447
59.5,-66.5,419.328131398414
59.5,-65.5,419.2976051907783
59.5,-64.5,419.1629458816362
59.5,-63.5,419.163565494898
59.5,-62.5,419.31743626938976
59.5,-61.5,419.3128285193591
59.5,-60.5,419.3420139261797
59.5,-59.5,419.2867587308804
59.5,-58.5,419.2736454429545
59.5,-57.5,419.2642422220355
59.5,-56.5,419.2532016303302
59.5,-55.5,419.24402630871
59.5,-54.5,419.2345454481624
59.5,-53.5,419.2220444647057
59.5,-52.5,419.2116315951494
59.5,-51.5,419.1991127717792
59.5,-50.5,419.1885596171211
59.5,-49.5,419.1770977699693
59.5,-48.5,419.1643076760628
59.5,-47.5,419.15736099501385
59.5,-46.5,419.1435554310687
59.5,-45.5,419.1295263277568
59.5,-44.5,419.12687594772586
59.5,-43.5,419.1292103214098
59.5,-42.5,419.1361580738464
59.5,-41.5,419.14788265249285
59.5,-40.5,419.15516976653447
59.5,-39.5,419.15909550799057
59.5,-38.5,419.16587755887446
59.5,-37.5,419.1714956948278
59.5,-36.5,419.1780101930421
59.5,-35.5,419.18319387927454
59.5,-34.5,419.18527620503664
59.5,-33.5,419.1888358601437
59.5,-32.5,419.1925217960697
59.5,-31.5,419.19640163330473
59.5,-30.5,419.1997800291298
59.5,-29.5,419.2220068309838
59.5,-28.5,419.2062543023993
59.5,-27.5,419.209561064716
59.5,-26.5,419.2121512761444
59.5,-25.5,419.2139066855949
59.5,-24.5,419.21359843994645
59.5,-23.5,419.2116879041433
59.5,-22.5,419.21690866040194
59.5,-21.5,419.22702023087584
59.5,-20.5,419.23489159346747
59.5,-19.5,419.2455340199634
59.5,-18.5,419.252950462976
59.5,-17.5,419.2597825685744
59.5,-16.5,419.2669055849209
59.5,-15.5,419.27339758009686
59.5,-14.5,419.2790136380062
59.5,-13.5,419.28697509353617
59.5,-12.5,419.2959893439135
59.5,-11.5,419.3056281689805
59.5,-10.5,419.3162319037972
59.5,-9.5,419.33092763534665
59.5,-8.5,419.340692766515
59.5,-7.5,419.3499935787751
59.5,-6.5,419.35564860717307
59.5,-5.5,419.3627283633529
59.5,-4.5,419.4015326879834
59.5,-3.5,419.3829670350473
59.5,-2.5,419.4012557084631
59.5,-1.5,419.41607732988
59.5,-0.5,419.4304455460029
59.5,0.5,419.4450297383183
59.5,1.5,419.4580942217625
59.5,2.5,419.47465450646297
59.5,3.5,419.4992121969781
59.5,4.5,419.5153543139361
59.5,5.5,419.51013541178753
59.5,6.5,419.3296788251752
59.5,7.5,419.27525571665217
59.5,8.5,419.28641548110113
59.5,9.5,419.4181005166587
59.5,10.5,419.60937341423937
59.5,11.5,419.6191400209648
59.5,12.5,419.5591921152103
59.5,13.5,419.5271494539569
59.5,14.5,419.5250464452821
59.5,15.5,419.54972307819367
59.5,16.5,419.5556685181549
59.5,17.5,419.5895257000509
59.5,18.5,419.5767329139034
59.5,19.5,419.5833896605509
59.5,20.5,419.5979899947625
59.5,21.5,419.6146715805829
59.5,22.5,419.6435149293224
59.5,23.5,419.6576046131744
59.5,24.5,419.6869834605556
59.5,25.5,419.6585668520969
59.5,26.5,419.66837484775374
59.5,27.5,419.6601059781282
59.5,28.5,419.6222352852345
59.5,29.5,419.6204476753036
59.5,30.5,419.6714549363082
59.5,31.5,419.6609793150728
59.5,32.5,419.5895515878186
59.5,33.5,419.5198558737637
59.5,34.5,419.4925319042582
59.5,35.5,419.4674484913963
59.5,36.5,419.4593724363161
59.5,37.5,419.4836506875234
59.5,38.5,419.47654796708815
59.5,39.5,419.4248409232412
59.5,40.5,419.3884606948577
59.5,41.5,419.3662920960568
59.5,42.5,419.3458683035042
59.5,43.5,419.3297641761389
59.5,44.5,419.3145803002757
59.5,45.5,419.3030623119979
59.5,46.5,419.2975919455312
59.5,47.5,419.2878375991341
59.5,48.5,419.2858251396424
59.5,49.5,419.2752199671644
59.5,50.5,419.26914102146566
59.5,51.5,419.25595250978375
59.5,52.5,419.2322119897475
59.5,53.5,419.2185865981614
59.5,54.5,419.21458797036144
59.5,55.5,419.2293836580854
59.5,56.5,419.2067504250017
59.5,57.5,419.1206894320984
59.5,58.5,419.0862189638255
59.5,59.5,419.05636262952737
59.5,60.5,419.1412438446125
59.5,61.5,419.15957345158535
59.5,62.5,419.1811478545332
59.5,63.5,419.1944377614214
59.5,64.5,419.2007125197084
59.5,65.5,419.21131351644215
59.5,66.5,419.2292840661358
59.5,67.5,419.24363971310026
59.5,68.5,419.2589577984214
59.5,69.5,419.26348214267176
59.5,70.5,419.2770518104175
59.5,71.5,419.29791773401496
59.5,72.5,419.3114206671328
59.5,73.5,419.324376348033
59.5,74.5,419.3332010741156
59.5,75.5,419.3362109871053
59.5,76.5,419.3409051803882
59.5,77.5,419.3407884724897
59.5,78.5,419.33354178646783
59.5,79.5,419.3297467611527
59.5,80.5,419.3231957610659
59.5,81.5,419.3092327339114
59.5,82.5,419.3019637613154
59.5,83.5,419.290628256242
59.5,84.5,419.27889647760907
59.5,85.5,419.2734589729984
59.5,86.5,419.2796737843077
59.5,87.5,419.2949372694727
59.5,88.5,419.29604593133513
59.5,89.5,419.3260935216183
59.5,90.5,419.2991566543468
59.5,91.5,419.2685110248632
59.5,92.5,419.0918154449212
59.5,93.5,419.0807447761644
59.5,94.5,419.1050654690525
59.5,95.5,419.1766678840344
59.5,96.5,419.1650565778083
59.5,97.5,419.2372210589583
59.5,98.5,419.2754883949675
59.5,99.5,419.2868178231238
59.5,100.5,419.2913535735455
59.5,101.5,419.2902466500194
59.5,102.5,419.254121580666
59.5,103.5,419.2366015782981
59.5,104.5,419.1913196364597
59.5,105.5,419.1532425252784
59.5,106.5,419.1625073953873
59.5,107.5,419.2040179038728
59.5,108.5,419.2208084483876
59.5,109.5,419.204736307778
59.5,110.5,419.2615634678392
59.5,111.5,419.32763123222935
59.5,112.5,419.2509008771704
59.5,113.5,419.2302685900172
59.5,114.5,419.0789602668059
59.5,115.5,419.0904570385374
59.5,116.5,419.174955020472
59.5,117.5,419.222969768588
59.5,118.5,419.4033685321558
59.5,119.5,419.5126781482841
59.5,120.5,419.5490020343713
59.5,121.5,419.4975466206389
59.5,122.5,419.4252674309124
59.5,123.5,419.4193036055119
59.5,124.5,419.4563704941294
59.5,125.5,419.4594828662427
59.5,126.5,419.4633179890243
59.5,127.5,419.47013726767295
59.5,128.5,419.48768576917456
59.5,129.5,419.5346270289901
59.5,130.5,419.5606393920815
59.5,131.5,419.6366591623186
59.5,132.5,419.6450937309779
59.5,133.5,419.5926054622512
59.5,134.5,419.637765879139
59.5,135.5,419.5749081179819
59.5,136.5,419.5349827523268
59.5,137.5,419.3422678350747
59.5,138.5,419.2937399421735
59.5,139.5,419.2736198968677
59.5,140.5,419.2856047064768
59.5,141.5,419.4251375482109
59.5,142.5,419.42882943157406
59.5,143.5,419.5102654871373
59.5,144.5,419.50668677172354
59.5,145.5,419.3882951644094
59.5,146.5,419.3826329576711
59.5,147.5,419.3902265508362
59.5,148.5,419.4310447448802
59.5,149.5,419.4233946482617
59.5,150.5,419.3739356863682
59.5,151.5,419.35676838232473
59.5,152.5,419.3495749845316
59.5,153.5,419.330305581058
59.5,154.5,419.4467139324507
59.5,155.5,419.50086695931685
59.5,156.5,419.5140933867592
59.5,157.5,419.5341255890037
59.5,158.5,419.5407561815314
59.5,159.5,419.54127317488513
59.5,160.5,419.5365901247948
59.5,161.5,419.31720556911455
59.5,162.5,419.4495749027334
59.5,163.5,419.4608196683067
59.5,164.5,419.5473341807613
59.5,165.5,419.5494333792796
59.5,166.5,419.5354252867176
59.5,167.5,419.5457393118298
59.5,168.5,419.5429301940858
59.5,169.5,419.5311393423372
59.5,170.5,419.52337696588063
59.5,171.5,419.5181921226533
59.5,172.5,419.510693882189
59.5,173.5,419.5050124398487
59.5,174.5,419.49421168456695
59.5,175.5,419.4861591405712
59.5,176.5,419.47521086738857
59.5,177.5,419.4666175360544
59.5,178.5,419.4594445816769
59.5,179.5,419.4511271683866
60.5,-179.5,419.4199069005285
60.5,-178.5,419.4124615936238
60.5,-177.5,419.4048242318182
60.5,-176.5,419.3978179000503
60.5,-175.5,419.3929102743744
60.5,-174.5,419.38817758709257
60.5,-173.5,419.3828123829247
60.5,-172.5,419.378365184416
60.5,-171.5,419.3794195274893
60.5,-170.5,419.3803453857036
60.5,-169.5,419.3832561451667
60.5,-168.5,419.3844636875874
60.5,-167.5,419.3821201001214
60.5,-166.5,419.3841114012112
60.5,-165.5,419.37733829232064
60.5,-164.5,419.38291080474994
60.5,-163.5,419.4042508959079
60.5,-162.5,419.4145145760167
60.5,-161.5,419.4020304275672
60.5,-160.5,419.3212868450847
60.5,-159.5,419.3001523754162
60.5,-158.5,419.3196293380885
60.5,-157.5,419.4059724268727
60.5,-156.5,419.417431606808
60.5,-155.5,419.35835322998594
60.5,-154.5,419.24071539968656
60.5,-153.5,419.2477071032662
60.5,-152.5,419.3097813684334
60.5,-151.5,419.4738723642203
60.5,-150.5,419.455322432383
60.5,-149.5,419.3217875133131
60.5,-148.5,419.3195552352491
60.5,-147.5,419.4360675894095
60.5,-146.5,419.4319616973752
60.5,-145.5,419.42289960124623
60.5,-144.5,419.1272307461717
60.5,-143.5,419.0996902011662
60.5,-142.5,419.0428820237679
60.5,-141.5,418.55076905423726
60.5,-140.5,418.5494751879097
60.5,-139.5,418.8336587002789
60.5,-138.5,418.8400188526663
60.5,-137.5,419.02266778180143
60.5,-136.5,418.9987305715535
60.5,-135.5,419.049715121726
60.5,-134.5,419.0882341137559
60.5,-133.5,419.0698043125304
60.5,-132.5,419.0186568479545
60.5,-131.5,418.9118305529833
60.5,-130.5,418.8939236297596
60.5,-129.5,418.9880427860379
60.5,-128.5,418.9647185051536
60.5,-127.5,418.8423276051852
60.5,-126.5,418.8891273883264
60.5,-125.5,418.8456164042791
60.5,-124.5,418.963710703722
60.5,-123.5,419.1262465337692
60.5,-122.5,419.19190349439486
60.5,-121.5,419.26579110827737
60.5,-120.5,419.3201580991434
60.5,-119.5,419.4345118895401
60.5,-118.5,419.4651990342273
60.5,-117.5,419.54034022808816
60.5,-116.5,419.5378463202418
60.5,-115.5,419.549011049842
60.5,-114.5,419.47974695542194
60.5,-113.5,419.49010263101707
60.5,-112.5,419.5137660199321
60.5,-111.5,419.4525231371112
60.5,-110.5,419.3864953877448
60.5,-109.5,419.24443615011154
60.5,-108.5,419.1917737677119
60.5,-107.5,419.10682400503777
60.5,-106.5,419.0828929042624
60.5,-105.5,419.1031478935242
60.5,-104.5,419.0977478840351
60.5,-103.5,419.1039644476672
60.5,-102.5,419.12446095986894
60.5,-101.5,419.1283510554558
60.5,-100.5,419.14676057942313
60.5,-99.5,419.1691615588005
60.5,-98.5,419.179129676128
60.5,-97.5,419.21706549615897
60.5,-96.5,419.2252232493657
60.5,-95.5,419.266306338076
60.5,-94.5,419.2704925664402
60.5,-93.5,419.2804521657199
60.5,-92.5,419.2780941639369
60.5,-91.5,419.2724047448767
60.5,-90.5,419.2696729709781
60.5,-89.5,419.2631741142107
60.5,-88.5,419.26166182255446
60.5,-87.5,419.2553836624501
60.5,-86.5,419.25231966974894
60.5,-85.5,419.2457231951229
60.5,-84.5,419.24464779398295
60.5,-83.5,419.24195339357686
60.5,-82.5,419.2746614105296
60.5,-81.5,419.2458583878851
60.5,-80.5,419.249498184633
60.5,-79.5,419.2511973614101
60.5,-78.5,419.2536453914908
60.5,-77.5,419.23447638924
60.5,-76.5,419.2309363658586
60.5,-75.5,419.175899311276
60.5,-74.5,419.169595580618
60.5,-73.5,419.1600557109368
60.5,-72.5,419.1374193391968
60.5,-71.5,419.14826988053903
60.5,-70.5,419.2193683150171
60.5,-69.5,419.2751489705388
60.5,-68.5,419.2830002368215
60.5,-67.5,419.2947231596897
60.5,-66.5,419.2968061071628
60.5,-65.5,419.2965971799733
60.5,-64.5,419.2770058191512
60.5,-63.5,419.3010011199952
60.5,-62.5,419.2990049475301
60.5,-61.5,419.2935107215101
60.5,-60.5,419.2778216727869
60.5,-59.5,419.2683208736996
60.5,-58.5,419.2588314386997
60.5,-57.5,419.2508521153201
60.5,-56.5,419.2428592737007
60.5,-55.5,419.2299970599248
60.5,-54.5,419.21865389783954
60.5,-53.5,419.2061401984901
60.5,-52.5,419.2277921072695
60.5,-51.5,419.1883986422341
60.5,-50.5,419.177039318541
60.5,-49.5,419.1641252836931
60.5,-48.5,419.1471126558938
60.5,-47.5,419.109562386407
60.5,-46.5,419.0891723261647
60.5,-45.5,418.9650607507883
60.5,-44.5,418.9815311436499
60.5,-43.5,418.8905393094194
60.5,-42.5,419.1089981698712
60.5,-41.5,419.1666121967991
60.5,-40.5,419.1363244651415
60.5,-39.5,419.1387850780964
60.5,-38.5,419.14314893441394
60.5,-37.5,419.1485752562569
60.5,-36.5,419.1540964169038
60.5,-35.5,419.1610923852113
60.5,-34.5,419.16663901250416
60.5,-33.5,419.1734434681462
60.5,-32.5,419.17802202790966
60.5,-31.5,419.1823924425021
60.5,-30.5,419.1879019446686
60.5,-29.5,419.1915444312157
60.5,-28.5,419.1981319909611
60.5,-27.5,419.2022241988161
60.5,-26.5,419.2083929846498
60.5,-25.5,419.2111306922868
60.5,-24.5,419.2137010537539
60.5,-23.5,419.211834842298
60.5,-22.5,419.2162701657234
60.5,-21.5,419.22561191146445
60.5,-20.5,419.2334392938389
60.5,-19.5,419.2451371258802
60.5,-18.5,419.2514616826059
60.5,-17.5,419.2567574764925
60.5,-16.5,419.2616273682293
60.5,-15.5,419.26863823921633
60.5,-14.5,419.277428362433
60.5,-13.5,419.28705955520087
60.5,-12.5,419.2951963092206
60.5,-11.5,419.3065740663748
60.5,-10.5,419.3159268168513
60.5,-9.5,419.3237247481506
60.5,-8.5,419.33148418073625
60.5,-7.5,419.3365492096176
60.5,-6.5,419.3409020524047
60.5,-5.5,419.3477558518121
60.5,-4.5,419.3568264585505
60.5,-3.5,419.3715848738151
60.5,-2.5,419.3826464301686
60.5,-1.5,419.3880389831132
60.5,-0.5,419.4132432959471
60.5,0.5,419.4254473216878
60.5,1.5,419.43805158722046
60.5,2.5,419.465382029602
60.5,3.5,419.4748589258893
60.5,4.5,419.48119780962406
60.5,5.5,419.46871777617713
60.5,6.5,419.2774941045566
60.5,7.5,419.2126754543913
60.5,8.5,419.2144347225303
60.5,9.5,419.3310720393241
60.5,10.5,419.3621750268954
60.5,11.5,419.4376347784544
60.5,12.5,419.454764555608
60.5,13.5,419.4368254907782
60.5,14.5,419.4206163812747
60.5,15.5,419.4208690161706
60.5,16.5,419.4769939757299
60.5,17.5,419.5187303546876
60.5,18.5,419.5564853461825
60.5,19.5,419.5684604717408
60.5,20.5,419.5994663518952
60.5,21.5,419.61306779980816
60.5,22.5,419.612108096942
60.5,23.5,419.6198005248348
60.5,24.5,419.6318259531937
60.5,25.5,419.6333476429361
60.5,26.5,419.6239249378359
60.5,27.5,419.680282840961
60.5,28.5,419.6548221384583
60.5,29.5,419.6600261315853
60.5,30.5,419.6162747956616
60.5,31.5,419.6072104342554
60.5,32.5,419.5745155957552
60.5,33.5,419.5448594524444
60.5,34.5,419.4794010345048
60.5,35.5,419.46106413958927
60.5,36.5,419.4658367468169
60.5,37.5,419.4562682245192
60.5,38.5,419.4457495926503
60.5,39.5,419.4209960541782
60.5,40.5,419.3654112847452
60.5,41.5,419.3651501598372
60.5,42.5,419.3314436550921
60.5,43.5,419.3176518628465
60.5,44.5,419.3050489134191
60.5,45.5,419.290399560325
60.5,46.5,419.2871183876308
60.5,47.5,419.28134069415626
60.5,48.5,419.27706565809
60.5,49.5,419.2738507140879
60.5,50.5,419.2877964813968
60.5,51.5,419.2814428196972
60.5,52.5,419.2656021920485
60.5,53.5,419.2465394747004
60.5,54.5,419.231364968604
60.5,55.5,419.2271520621511
60.5,56.5,419.1697418219164
60.5,57.5,419.13234153803415
60.5,58.5,418.9948736360354
60.5,59.5,418.9929929926518
60.5,60.5,419.1229260613909
60.5,61.5,419.1706714247614
60.5,62.5,419.1817006054927
60.5,63.5,419.1865868935392
60.5,64.5,419.1973788101089
60.5,65.5,419.2054744576511
60.5,66.5,419.22522451599474
60.5,67.5,419.2416928468614
60.5,68.5,419.26344629171
60.5,69.5,419.2803668338565
60.5,70.5,419.29248982572494
60.5,71.5,419.3064790732301
60.5,72.5,419.3248552954864
60.5,73.5,419.3369102870571
60.5,74.5,419.3480071911494
60.5,75.5,419.3522824421217
60.5,76.5,419.3609033702276
60.5,77.5,419.3594947499157
60.5,78.5,419.3502470991593
60.5,79.5,419.3406897413034
60.5,80.5,419.3319872355164
60.5,81.5,419.3229719625024
60.5,82.5,419.3152773387674
60.5,83.5,419.3092013889979
60.5,84.5,419.2937905376764
60.5,85.5,419.28950505781177
60.5,86.5,419.2804589534576
60.5,87.5,419.2857304053797
60.5,88.5,419.3052437187602
60.5,89.5,419.3066662778548
60.5,90.5,419.2370189393695
60.5,91.5,419.1265606107964
60.5,92.5,419.12219202263816
60.5,93.5,419.1307696615296
60.5,94.5,419.1882052856297
60.5,95.5,419.2066481684272
60.5,96.5,419.2367020805838
60.5,97.5,419.24493029762925
60.5,98.5,419.2033154104637
60.5,99.5,419.2469813865591
60.5,100.5,419.1803702989652
60.5,101.5,419.2698863773026
60.5,102.5,419.2037838352112
60.5,103.5,419.2029095476318
60.5,104.5,419.1542596381323
60.5,105.5,419.1540193900525
60.5,106.5,419.1896447076317
60.5,107.5,419.2025556197616
60.5,108.5,419.1977427155828
60.5,109.5,419.2040721983384
60.5,110.5,419.1994715195984
60.5,111.5,419.2164722094264
60.5,112.5,419.2888446748689
60.5,113.5,419.2945985534026
60.5,114.5,419.3126645812396
60.5,115.5,419.35992858931456
60.5,116.5,419.2987899873267
60.5,117.5,419.4324903114369
60.5,118.5,419.4657727811856
60.5,119.5,419.4911079337761
60.5,120.5,419.5488351963307
60.5,121.5,419.5468610040761
60.5,122.5,419.4635425689583
60.5,123.5,419.4549053486531
60.5,124.5,419.4592377580751
60.5,125.5,419.46686164590784
60.5,126.5,419.420292408941
60.5,127.5,419.4438174810903
60.5,128.5,419.495936086034
60.5,129.5,419.5149242001343
60.5,130.5,419.5657204992588
60.5,131.5,419.5904751053064
60.5,132.5,419.6167549573687
60.5,133.5,419.7078124666384
60.5,134.5,419.7083833502063
60.5,135.5,419.6623979095075
60.5,136.5,419.56097015518174
60.5,137.5,419.2369779351127
60.5,138.5,419.1578186473309
60.5,139.5,419.1306675661508
60.5,140.5,419.0964129587537
60.5,141.5,419.0824011358437
60.5,142.5,419.1668409167445
60.5,143.5,419.0702620187171
60.5,144.5,419.0616998486939
60.5,145.5,419.15949834347634
60.5,146.5,419.05185060923344
60.5,147.5,419.0486347399194
60.5,148.5,419.15526325839295
60.5,149.5,419.144897167333
60.5,150.5,418.9562423103723
60.5,151.5,419.0738353987215
60.5,152.5,418.950674518596
60.5,153.5,419.08758900168857
60.5,154.5,419.1200483351532
60.5,155.5,419.2777222821171
60.5,156.5,419.4584443247282
60.5,157.5,419.4849551974436
60.5,158.5,419.50933851446695
60.5,159.5,419.5204980689142
60.5,160.5,419.4937304080682
60.5,161.5,419.4484726588099
60.5,162.5,419.5104434916993
60.5,163.5,419.44631571090383
60.5,164.5,419.4254789277724
60.5,165.5,419.4161091740484
60.5,166.5,419.38908305649295
60.5,167.5,419.38438372342233
60.5,168.5,419.40315800224016
60.5,169.5,419.3955476489042
60.5,170.5,419.33540168647954
60.5,171.5,419.46485125207806
60.5,172.5,419.43796193121256
60.5,173.5,419.475903284356
60.5,174.5,419.4783253124344
60.5,175.5,419.463120209694
60.5,176.5,419.4521469307331
60.5,177.5,419.4440681968668
60.5,178.5,419.4358908810958
60.5,179.5,419.4286001395158
61.5,-179.5,419.39814849632427
61.5,-178.5,419.3916783950211
61.5,-177.5,419.3813933494002
61.5,-176.5,419.3751373775259
61.5,-175.5,419.3716042589746
61.5,-174.5,419.3678342845928
61.5,-173.5,419.3652131353616
61.5,-172.5,419.3631478202115
61.5,-171.5,419.3616112101706
61.5,-170.5,419.3615779344499
61.5,-169.5,419.3624504355931
61.5,-168.5,419.3630833207993
61.5,-167.5,419.364770015493
61.5,-166.5,419.3628307841084
61.5,-165.5,419.367000367122
61.5,-164.5,419.362053619744
61.5,-163.5,419.3719680207093
61.5,-162.5,419.3812361057112
61.5,-161.5,419.3933913169119
61.5,-160.5,419.3973114416068
61.5,-159.5,419.3365737079158
61.5,-158.5,419.347112059899
61.5,-157.5,419.3600133855049
61.5,-156.5,419.41164297845074
61.5,-155.5,419.3957218351128
61.5,-154.5,419.1100921105387
61.5,-153.5,419.1051400020685
61.5,-152.5,419.0757445628535
61.5,-151.5,419.482148864305
61.5,-150.5,419.4843740529869
61.5,-149.5,419.19335046227593
61.5,-148.5,419.1652652159277
61.5,-147.5,418.94435773745766
61.5,-146.5,418.9378648510017
61.5,-145.5,419.0932881635928
61.5,-144.5,418.9529020681078
61.5,-143.5,418.92639889414176
61.5,-142.5,418.8447980747141
61.5,-141.5,418.70119561379255
61.5,-140.5,418.7091184581432
61.5,-139.5,419.0030921035607
61.5,-138.5,419.01297559234496
61.5,-137.5,419.0209122738953
61.5,-136.5,419.0301494766791
61.5,-135.5,419.0866737417646
61.5,-134.5,419.0125101734729
61.5,-133.5,418.9903424391863
61.5,-132.5,418.9118563199804
61.5,-131.5,418.8808611579976
61.5,-130.5,418.8422468615117
61.5,-129.5,418.8066345700773
61.5,-128.5,418.7793994442628
61.5,-127.5,418.7236907577184
61.5,-126.5,418.7224569405282
61.5,-125.5,418.8011825202029
61.5,-124.5,418.8274423018148
61.5,-123.5,419.0750042311765
61.5,-122.5,419.1863129073156
61.5,-121.5,419.23715462379744
61.5,-120.5,419.3215251617172
61.5,-119.5,419.3611436797949
61.5,-118.5,419.3985334373934
61.5,-117.5,419.43417558115146
61.5,-116.5,419.4753144321039
61.5,-115.5,419.5061818881597
61.5,-114.5,419.5031203751951
61.5,-113.5,419.4911096278576
61.5,-112.5,419.4656080850916
61.5,-111.5,419.3685946825655
61.5,-110.5,419.32820330688105
61.5,-109.5,419.2511246431516
61.5,-108.5,419.2177863803792
61.5,-107.5,419.17537122997845
61.5,-106.5,419.1581466956732
61.5,-105.5,419.1462154422942
61.5,-104.5,419.1394387614856
61.5,-103.5,419.1421342953846
61.5,-102.5,419.1422584622193
61.5,-101.5,419.1501204386712
61.5,-100.5,419.1534636428841
61.5,-99.5,419.19758070762407
61.5,-98.5,419.2060252563491
61.5,-97.5,419.2122066409304
61.5,-96.5,419.2483700793909
61.5,-95.5,419.2527344967221
61.5,-94.5,419.2824547013278
61.5,-93.5,419.2824336157865
61.5,-92.5,419.28529596567296
61.5,-91.5,419.2811622102199
61.5,-90.5,419.27886479395545
61.5,-89.5,419.2755039982345
61.5,-88.5,419.308337763342
61.5,-87.5,419.2675774614453
61.5,-86.5,419.2632811128174
61.5,-85.5,419.2567600409694
61.5,-84.5,419.2451351013649
61.5,-83.5,419.2401379544861
61.5,-82.5,419.23554230736994
61.5,-81.5,419.23601989984274
61.5,-80.5,419.2370361249567
61.5,-79.5,419.2409890572116
61.5,-78.5,419.23675144120847
61.5,-77.5,419.1726114815608
61.5,-76.5,419.164033427182
61.5,-75.5,419.1304431765947
61.5,-74.5,419.0951165375041
61.5,-73.5,419.0724366454158
61.5,-72.5,419.1592696357967
61.5,-71.5,419.1727696808409
61.5,-70.5,419.2211098188732
61.5,-69.5,419.2559788413547
61.5,-68.5,419.2598036157453
61.5,-67.5,419.2387298429654
61.5,-66.5,419.2424663854633
61.5,-65.5,419.3093767804843
61.5,-64.5,419.2639824307512
61.5,-63.5,419.270581107342
61.5,-62.5,419.2677190852679
61.5,-61.5,419.261331002003
61.5,-60.5,419.2515003409735
61.5,-59.5,419.24385406435226
61.5,-58.5,419.2345440172046
61.5,-57.5,419.2741217069854
61.5,-56.5,419.2234265081569
61.5,-55.5,419.21164160104905
61.5,-54.5,419.2029881077961
61.5,-53.5,419.1913238270399
61.5,-52.5,419.1829681711534
61.5,-51.5,419.178621655938
61.5,-50.5,419.1630934161037
61.5,-49.5,419.143946883694
61.5,-48.5,418.975436064605
61.5,-47.5,418.942045379254
61.5,-46.5,418.65760135723616
61.5,-45.5,418.6355554124975
61.5,-44.5,418.48019047042027
61.5,-43.5,418.9127398989094
61.5,-42.5,418.9505529436232
61.5,-41.5,419.1157372621568
61.5,-40.5,419.1270361636925
61.5,-39.5,419.12503142813057
61.5,-38.5,419.1273006394648
61.5,-37.5,419.13138966666577
61.5,-36.5,419.1355524244742
61.5,-35.5,419.1432917361095
61.5,-34.5,419.1496363826578
61.5,-33.5,419.1593125120454
61.5,-32.5,419.1645043846444
61.5,-31.5,419.16780154141446
61.5,-30.5,419.1718106400594
61.5,-29.5,419.17658728628703
61.5,-28.5,419.1812108930845
61.5,-27.5,419.1864561841628
61.5,-26.5,419.1914803705464
61.5,-25.5,419.1966995706091
61.5,-24.5,419.202349494731
61.5,-23.5,419.20605402095055
61.5,-22.5,419.2104502016888
61.5,-21.5,419.2176336357008
61.5,-20.5,419.229540324092
61.5,-19.5,419.2329899186856
61.5,-18.5,419.2377504728664
61.5,-17.5,419.24159499484256
61.5,-16.5,419.2490499579409
61.5,-15.5,419.2600549460122
61.5,-14.5,419.2711189999635
61.5,-13.5,419.2902923135373
61.5,-12.5,419.3021739596189
61.5,-11.5,419.3109067216128
61.5,-10.5,419.3178328577194
61.5,-9.5,419.3234975999858
61.5,-8.5,419.32711360009966
61.5,-7.5,419.3167741734183
61.5,-6.5,419.3228208591667
61.5,-5.5,419.345168998556
61.5,-4.5,419.35327952159935
61.5,-3.5,419.3604981852437
61.5,-2.5,419.3681837057724
61.5,-1.5,419.3789991799687
61.5,-0.5,419.3894905034705
61.5,0.5,419.3997969021356
61.5,1.5,419.41552924565326
61.5,2.5,419.4309863201724
61.5,3.5,419.4343052819655
61.5,4.5,419.41081132141306
61.5,5.5,419.3920435810788
61.5,6.5,419.2398109654068
61.5,7.5,419.2131188623937
61.5,8.5,419.0178652709628
61.5,9.5,419.1579891352915
61.5,10.5,419.1767955400501
61.5,11.5,419.2273847653733
61.5,12.5,419.2405160738418
61.5,13.5,419.2739271813899
61.5,14.5,419.355744741965
61.5,15.5,419.3570562924964
61.5,16.5,419.4172583551165
61.5,17.5,419.4372573767154
61.5,18.5,419.516825583495
61.5,19.5,419.5421617559831
61.5,20.5,419.5635524606951
61.5,21.5,419.5660279989197
61.5,22.5,419.5705049578335
61.5,23.5,419.538835070268
61.5,24.5,419.5372534802095
61.5,25.5,419.5281494830625
61.5,26.5,419.5277910992937
61.5,27.5,419.54144908088375
61.5,28.5,419.55401537632576
61.5,29.5,419.5477896600783
61.5,30.5,419.5374089237065
61.5,31.5,419.5284643662118
61.5,32.5,419.4961625444385
61.5,33.5,419.48907441980833
61.5,34.5,419.5012498580455
61.5,35.5,419.493686197903
61.5,36.5,419.4700353843588
61.5,37.5,419.45206188625735
61.5,38.5,419.4252796116516
61.5,39.5,419.4027826537098
61.5,40.5,419.345066730309
61.5,41.5,419.3312973843583
61.5,42.5,419.3420168506599
61.5,43.5,419.3299248501517
61.5,44.5,419.29976939329305
61.5,45.5,419.30944183869
61.5,46.5,419.3039951914264
61.5,47.5,419.28794966520087
61.5,48.5,419.2820543326357
61.5,49.5,419.2797122704399
61.5,50.5,419.27758779242265
61.5,51.5,419.2941175702554
61.5,52.5,419.26857548118335
61.5,53.5,419.2576988028856
61.5,54.5,419.2485972823705
61.5,55.5,419.2333143508765
61.5,56.5,419.1901200098574
61.5,57.5,419.15824614381177
61.5,58.5,419.0846563956438
61.5,59.5,419.09729654404015
61.5,60.5,419.1134384686621
61.5,61.5,419.1911632478134
61.5,62.5,419.2053677470012
61.5,63.5,419.19474271358274
61.5,64.5,419.21991748255
61.5,65.5,419.2307242404728
61.5,66.5,419.2429271655224
61.5,67.5,419.2542585118598
61.5,68.5,419.27475457111655
61.5,69.5,419.2906908517342
61.5,70.5,419.3103294281692
61.5,71.5,419.3225972575273
61.5,72.5,419.342762545627
61.5,73.5,419.390158726636
61.5,74.5,419.3781119510611
61.5,75.5,419.3817002920427
61.5,76.5,419.3908247799614
61.5,77.5,419.3851498516042
61.5,78.5,419.3720351058504
61.5,79.5,419.360144103113
61.5,80.5,419.3488268269848
61.5,81.5,419.3409139723069
61.5,82.5,419.3327570920785
61.5,83.5,419.3246337268974
61.5,84.5,419.31621734416177
61.5,85.5,419.2963684625644
61.5,86.5,419.2858793113488
61.5,87.5,419.2884443593448
61.5,88.5,419.2969473185095
61.5,89.5,419.2930167277655
61.5,90.5,419.2750092326632
61.5,91.5,419.2597356018076
61.5,92.5,419.20791211864304
61.5,93.5,419.1765801377897
61.5,94.5,419.1805621250549
61.5,95.5,419.1709007552888
61.5,96.5,419.18213995218935
61.5,97.5,419.2056194555228
61.5,98.5,419.21308422669176
61.5,99.5,419.1966373823104
61.5,100.5,419.1692951890661
61.5,101.5,419.1687754780208
61.5,102.5,419.1574241691648
61.5,103.5,419.151583318979
61.5,104.5,419.1393953442727
61.5,105.5,419.1494023791949
61.5,106.5,419.2047804663049
61.5,107.5,419.22238953714384
61.5,108.5,419.2690398487557
61.5,109.5,419.2650700927225
61.5,110.5,419.19694645881
61.5,111.5,419.2045339964378
61.5,112.5,419.2325781330052
61.5,113.5,419.2583799302601
61.5,114.5,419.3252816725468
61.5,115.5,419.3586146252268
61.5,116.5,419.42461256081583
61.5,117.5,419.4675658274804
61.5,118.5,419.4863620694368
61.5,119.5,419.514125295601
61.5,120.5,419.5174355686783
61.5,121.5,419.4452222099045
61.5,122.5,419.43971339968255
61.5,123.5,419.46232180171086
61.5,124.5,419.52309991876376
61.5,125.5,419.52532020842966
61.5,126.5,419.56234288533767
61.5,127.5,419.5735514738536
61.5,128.5,419.5857663028806
61.5,129.5,419.603747236326
61.5,130.5,419.6667713569162
61.5,131.5,419.6096666369174
61.5,132.5,419.6184528677184
61.5,133.5,419.6519586001321
61.5,134.5,419.6550942025242
61.5,135.5,419.5953915652911
61.5,136.5,419.1960997141573
61.5,137.5,419.1177825776752
61.5,138.5,418.9467236896092
61.5,139.5,418.89771549418
61.5,140.5,418.8368446107613
61.5,141.5,418.8187751656068
61.5,142.5,418.9083909453584
61.5,143.5,418.7764811301056
61.5,144.5,418.7714075593985
61.5,145.5,418.91407846034144
61.5,146.5,418.8758653238574
61.5,147.5,418.8749494419031
61.5,148.5,418.9205584184128
61.5,149.5,418.9271651369058
61.5,150.5,418.921908438138
61.5,151.5,418.9282811942396
61.5,152.5,419.0069347481394
61.5,153.5,418.99038723243535
61.5,154.5,419.01557079056505
61.5,155.5,419.052509972434
61.5,156.5,419.081271428243
61.5,157.5,419.27196154562847
61.5,158.5,419.4445951832192
61.5,159.5,419.4568159093459
61.5,160.5,419.3421131641141
61.5,161.5,419.3505230200721
61.5,162.5,419.42863311698505
61.5,163.5,419.43420989400994
61.5,164.5,419.4112350152518
61.5,165.5,419.3330195557749
61.5,166.5,419.3207639272942
61.5,167.5,419.3144039572524
61.5,168.5,419.3011403226001
61.5,169.5,419.2045303345146
61.5,170.5,419.1918467353352
61.5,171.5,419.1021359825685
61.5,172.5,419.34719365634896
61.5,173.5,419.3639759483106
61.5,174.5,419.4332459091924
61.5,175.5,419.43263618602697
61.5,176.5,419.429484168901
61.5,177.5,419.4230057111412
61.5,178.5,419.41150562623625
61.5,179.5,419.4063599570172
62.5,-179.5,419.3612281190718
62.5,-178.5,419.3675808837826
62.5,-177.5,419.3624089230596
62.5,-176.5,419.3572735626271
62.5,-175.5,419.3531075567699
62.5,-174.5,419.3502747465616
62.5,-173.5,419.34763104288135
62.5,-172.5,419.3460260478409
62.5,-171.5,419.3445359963197
62.5,-170.5,419.342592670063
62.5,-169.5,419.3420834745497
62.5,-168.5,419.3419233936165
62.5,-167.5,419.34265709569456
62.5,-166.5,419.3467891138016
62.5,-165.5,419.349244406352
62.5,-164.5,419.3547618760243
62.5,-163.5,419.332445297312
62.5,-162.5,419.33925764949504
62.5,-161.5,419.3482425535433
62.5,-160.5,419.37610153145255
62.5,-159.5,419.391862771961
62.5,-158.5,419.37570014554
62.5,-157.5,419.3817587249419
62.5,-156.5,419.3859599134164
62.5,-155.5,419.3833386105655
62.5,-154.5,419.410155876922
62.5,-153.5,419.1073051570663
62.5,-152.5,419.09788364593817
62.5,-151.5,419.34588541171183
62.5,-150.5,419.3492179436386
62.5,-149.5,419.12218412906265
62.5,-148.5,419.1102943371462
62.5,-147.5,419.0316073120381
62.5,-146.5,419.1066029313269
62.5,-145.5,419.0973705999
62.5,-144.5,418.90517796131616
62.5,-143.5,418.88944922416886
62.5,-142.5,419.0838790155059
62.5,-141.5,419.0877703052337
62.5,-140.5,419.07967414066377
62.5,-139.5,419.0373251171008
62.5,-138.5,419.0399704669814
62.5,-137.5,419.0471331729374
62.5,-136.5,419.05130506781575
62.5,-135.5,419.0847222791608
62.5,-134.5,419.06927643551455
62.5,-133.5,418.9383456101515
62.5,-132.5,418.9346924580498
62.5,-131.5,418.9025998791152
62.5,-130.5,418.770078638028
62.5,-129.5,418.7466887594883
62.5,-128.5,418.6829557708368
62.5,-127.5,418.6806303642592
62.5,-126.5,418.6860910438809
62.5,-125.5,418.8549607681534
62.5,-124.5,418.88563651287774
62.5,-123.5,419.1596677361841
62.5,-122.5,419.1888848041694
62.5,-121.5,419.2118091430711
62.5,-120.5,419.2343716239744
62.5,-119.5,419.1719046226524
62.5,-118.5,419.29979097798486
62.5,-117.5,419.3380807470491
62.5,-116.5,419.4256149894237
62.5,-115.5,419.4500167306118
62.5,-114.5,419.4689274382141
62.5,-113.5,419.4550587650528
62.5,-112.5,419.3801359970621
62.5,-111.5,419.35173644161057
62.5,-110.5,419.33158938380063
62.5,-109.5,419.3039839154016
62.5,-108.5,419.2103494963952
62.5,-107.5,419.1898294525132
62.5,-106.5,419.1727191282182
62.5,-105.5,419.1651413443465
62.5,-104.5,419.1721808524061
62.5,-103.5,419.17279198999046
62.5,-102.5,419.2051053981983
62.5,-101.5,419.2054786868691
62.5,-100.5,419.2034319454727
62.5,-99.5,419.205029923882
62.5,-98.5,419.22605424601903
62.5,-97.5,419.2297175952818
62.5,-96.5,419.2535967700475
62.5,-95.5,419.25612639356063
62.5,-94.5,419.2559141720404
62.5,-93.5,419.2743122035394
62.5,-92.5,419.2752819641443
62.5,-91.5,419.287178960376
62.5,-90.5,419.2869954965071
62.5,-89.5,419.28416539050426
62.5,-88.5,419.2844923516701
62.5,-87.5,419.28036484113846
62.5,-86.5,419.2724582249829
62.5,-85.5,419.2658118677565
62.5,-84.5,419.2511409646603
62.5,-83.5,419.2448168706137
62.5,-82.5,419.2384700410204
62.5,-81.5,419.240259581189
62.5,-80.5,419.2377526092316
62.5,-79.5,419.2322482702824
62.5,-78.5,419.2271005045092
62.5,-77.5,419.20174166777673
62.5,-76.5,419.1975907688403
62.5,-75.5,419.17392399843385
62.5,-74.5,419.2185968431489
62.5,-73.5,419.2203445886553
62.5,-72.5,419.2267873767914
62.5,-71.5,419.2311803276394
62.5,-70.5,419.1971615778172
62.5,-69.5,419.1923692506722
62.5,-68.5,419.1794564718954
62.5,-67.5,419.1467747505304
62.5,-66.5,419.1521636798908
62.5,-65.5,419.2298396100889
62.5,-64.5,419.23364383628666
62.5,-63.5,419.2402993005644
62.5,-62.5,419.2399892415538
62.5,-61.5,419.23091481922825
62.5,-60.5,419.2231606251208
62.5,-59.5,419.2162868643757
62.5,-58.5,419.207886209241
62.5,-57.5,419.2030684322248
62.5,-56.5,419.24669142081353
62.5,-55.5,419.1922542773343
62.5,-54.5,419.1844851088241
62.5,-53.5,419.1778248677719
62.5,-52.5,419.1679651339742
62.5,-51.5,419.152820881762
62.5,-50.5,419.1250478514461
62.5,-49.5,418.7071933166568
62.5,-48.5,418.6587969730636
62.5,-47.5,418.5237860195487
62.5,-46.5,418.2022422631272
62.5,-45.5,418.2003816262982
62.5,-44.5,418.3995076811543
62.5,-43.5,418.44276442119815
62.5,-42.5,419.05794475464114
62.5,-41.5,419.1238530407803
62.5,-40.5,419.1254957307028
62.5,-39.5,419.1305213304729
62.5,-38.5,419.1224986131815
62.5,-37.5,419.1228780657421
62.5,-36.5,419.1254409710008
62.5,-35.5,419.1289582796681
62.5,-34.5,419.1361916764082
62.5,-33.5,419.14090384710937
62.5,-32.5,419.14571840179127
62.5,-31.5,419.1491447977235
62.5,-30.5,419.1518129945962
62.5,-29.5,419.1558702675906
62.5,-28.5,419.1627635968766
62.5,-27.5,419.1668263208104
62.5,-26.5,419.1703121199989
62.5,-25.5,419.17547196861983
62.5,-24.5,419.18544410368486
62.5,-23.5,419.1938528193868
62.5,-22.5,419.19826908408817
62.5,-21.5,419.2053593811914
62.5,-20.5,419.2100923016801
62.5,-19.5,419.2147630481583
62.5,-18.5,419.21958815303566
62.5,-17.5,419.2253324531462
62.5,-16.5,419.2368011023248
62.5,-15.5,419.2479019882487
62.5,-14.5,419.26235937531777
62.5,-13.5,419.2767771790277
62.5,-12.5,419.29553949708327
62.5,-11.5,419.3059549322969
62.5,-10.5,419.31617974083264
62.5,-9.5,419.361156178012
62.5,-8.5,419.32344043379305
62.5,-7.5,419.2967043086777
62.5,-6.5,419.3017415836775
62.5,-5.5,419.34342554272695
62.5,-4.5,419.3496490637192
62.5,-3.5,419.3526157488201
62.5,-2.5,419.35576121274187
62.5,-1.5,419.3598131097173
62.5,-0.5,419.3643399080914
62.5,0.5,419.4164845926137
62.5,1.5,419.3846077386264
62.5,2.5,419.4338811055995
62.5,3.5,419.39819324453134
62.5,4.5,419.4029237817308
62.5,5.5,419.3916901196548
62.5,6.5,419.210692454876
62.5,7.5,419.18207409297673
62.5,8.5,419.0051825665598
62.5,9.5,418.99728457877006
62.5,10.5,419.1188700005066
62.5,11.5,419.11472564682174
62.5,12.5,419.1269471786688
62.5,13.5,419.1852147320468
62.5,14.5,419.2025124631912
62.5,15.5,419.305378351256
62.5,16.5,419.3223250250769
62.5,17.5,419.4053584422781
62.5,18.5,419.4767859513103
62.5,19.5,419.5002590604391
62.5,20.5,419.51631290040586
62.5,21.5,419.519565184379
62.5,22.5,419.50298726406135
62.5,23.5,419.4968595533588
62.5,24.5,419.4874799909416
62.5,25.5,419.4826778783385
62.5,26.5,419.4806873012706
62.5,27.5,419.4689654281717
62.5,28.5,419.4633891616077
62.5,29.5,419.4491976890937
62.5,30.5,419.4409861716379
62.5,31.5,419.43172479820703
62.5,32.5,419.4288419645536
62.5,33.5,419.4399029349455
62.5,34.5,419.440648391017
62.5,35.5,419.4370645204791
62.5,36.5,419.42787769342783
62.5,37.5,419.4077959889184
62.5,38.5,419.3962097785394
62.5,39.5,419.3643764619747
62.5,40.5,419.3522030368999
62.5,41.5,419.3530867601527
62.5,42.5,419.3468587596814
62.5,43.5,419.3455268012228
62.5,44.5,419.33569229246746
62.5,45.5,419.31152047617513
62.5,46.5,419.302851397136
62.5,47.5,419.287366149227
62.5,48.5,419.28334486515007
62.5,49.5,419.2782643864772
62.5,50.5,419.29173958038575
62.5,51.5,419.2867311487592
62.5,52.5,419.2681918882636
62.5,53.5,419.260541084281
62.5,54.5,419.2586938344015
62.5,55.5,419.26218905391886
62.5,56.5,419.2469104002684
62.5,57.5,419.1920555389703
62.5,58.5,419.1706303296356
62.5,59.5,419.1154427767458
62.5,60.5,419.1393032617524
62.5,61.5,419.2201679079862
62.5,62.5,419.2278702671948
62.5,63.5,419.2381318083732
62.5,64.5,419.2603185006086
62.5,65.5,419.27009289120326
62.5,66.5,419.2685540053312
62.5,67.5,419.27638296894526
62.5,68.5,419.3018211838236
62.5,69.5,419.3190975342216
62.5,70.5,419.3306396323808
62.5,71.5,419.3384087089674
62.5,72.5,419.3546213900157
62.5,73.5,419.376794744744
62.5,74.5,419.3978642736962
62.5,75.5,419.4080700620023
62.5,76.5,419.4055796334763
62.5,77.5,419.388525484442
62.5,78.5,419.38012729801824
62.5,79.5,419.3647676806885
62.5,80.5,419.3227123215833
62.5,81.5,419.3064700405829
62.5,82.5,419.28394458932655
62.5,83.5,419.2873568664408
62.5,84.5,419.2702629684011
62.5,85.5,419.2815350625884
62.5,86.5,419.2800216688038
62.5,87.5,419.2900827203848
62.5,88.5,419.2831089078508
62.5,89.5,419.2747843725569
62.5,90.5,419.2062441013684
62.5,91.5,419.1824385502924
62.5,92.5,419.0542430724536
62.5,93.5,419.0478318146504
62.5,94.5,419.07302479476726
62.5,95.5,419.0844289642018
62.5,96.5,419.08154693212975
62.5,97.5,419.1515935777946
62.5,98.5,419.16427118233537
62.5,99.5,419.16131259583847
62.5,100.5,419.1621187243761
62.5,101.5,419.1841176138436
62.5,102.5,419.1826430890855
62.5,103.5,419.1335295752767
62.5,104.5,419.13968037488274
62.5,105.5,419.18870815044346
62.5,106.5,419.2038970183348
62.5,107.5,419.2893271630137
62.5,108.5,419.2584019779222
62.5,109.5,419.2030190447908
62.5,110.5,419.2052285237421
62.5,111.5,419.2646279867725
62.5,112.5,419.28306579889255
62.5,113.5,419.2960469291025
62.5,114.5,419.3257987477709
62.5,115.5,419.4149309379069
62.5,116.5,419.4446969789015
62.5,117.5,419.4776467403126
62.5,118.5,419.4924448362332
62.5,119.5,419.472805545051
62.5,120.5,419.4761648835786
62.5,121.5,419.488997737122
62.5,122.5,419.492633375908
62.5,123.5,419.5080271289396
62.5,124.5,419.5407281825784
62.5,125.5,419.5546303517867
62.5,126.5,419.5597436275872
62.5,127.5,419.5934527245954
62.5,128.5,419.6071858335708
62.5,129.5,419.6701486324391
62.5,130.5,419.6772954555105
62.5,131.5,419.6079268606704
62.5,132.5,419.599879098621
62.5,133.5,419.61005310015287
62.5,134.5,419.6281437598488
62.5,135.5,419.58350948140026
62.5,136.5,419.3164347865849
62.5,137.5,419.2216830182106
62.5,138.5,418.8977038102372
62.5,139.5,418.8431537613408
62.5,140.5,418.6719232412274
62.5,141.5,418.839894361676
62.5,142.5,418.8445807544831
62.5,143.5,418.8097450807344
62.5,144.5,418.80543709867845
62.5,145.5,418.8536576269028
62.5,146.5,418.84602879772257
62.5,147.5,418.9375327505501
62.5,148.5,418.8955880055741
62.5,149.5,418.9094059652674
62.5,150.5,419.0523913752596
62.5,151.5,419.0767954688027
62.5,152.5,419.1851736262856
62.5,153.5,419.2010723269069
62.5,154.5,419.13083820819054
62.5,155.5,419.03006455384553
62.5,156.5,419.03401144776376
62.5,157.5,418.98629059196776
62.5,158.5,418.984932586509
62.5,159.5,419.1162554778343
62.5,160.5,419.1378173162914
62.5,161.5,419.3271912429311
62.5,162.5,419.3959986988871
62.5,163.5,419.4018052764867
62.5,164.5,419.36077906812704
62.5,165.5,419.3650207610603
62.5,166.5,419.3858963339501
62.5,167.5,419.3870469270609
62.5,168.5,419.2646236930566
62.5,169.5,419.092323921777
62.5,170.5,419.085069101793
62.5,171.5,419.15721000223374
62.5,172.5,419.1682842974342
62.5,173.5,419.2754699319347
62.5,174.5,419.2800919465769
62.5,175.5,419.3208179114493
62.5,176.5,419.3171487670956
62.5,177.5,419.3281920556436
62.5,178.5,419.32546754677577
62.5,179.5,419.3632546648241
63.5,-179.5,419.3507172164569
63.5,-178.5,419.3478296782192
63.5,-177.5,419.343678047937
63.5,-176.5,419.3400752789827
63.5,-175.5,419.3386859484139
63.5,-174.5,419.3348100037495
63.5,-173.5,419.3285300805077
63.5,-172.5,419.32821458866505
63.5,-171.5,419.322095146514
63.5,-170.5,419.3181622768355
63.5,-169.5,419.3200209143797
63.5,-168.5,419.32947526462834
63.5,-167.5,419.3340291877434
63.5,-166.5,419.34196089300735
63.5,-165.5,419.3492534783932
63.5,-164.5,419.3541999059454
63.5,-163.5,419.358396144232
63.5,-162.5,419.37569428886246
63.5,-161.5,419.2920840125229
63.5,-160.5,419.3195388149207
63.5,-159.5,419.3324115592531
63.5,-158.5,419.4050775720667
63.5,-157.5,419.4144186171776
63.5,-156.5,419.337250484085
63.5,-155.5,419.3312105291646
63.5,-154.5,419.3368956250642
63.5,-153.5,419.3806637226841
63.5,-152.5,419.3640153962455
63.5,-151.5,419.3321433350027
63.5,-150.5,419.3182303062943
63.5,-149.5,419.0463549791329
63.5,-148.5,419.0320280879422
63.5,-147.5,418.9682867374053
63.5,-146.5,418.9454408710389
63.5,-145.5,418.9393588522802
63.5,-144.5,418.9847313477537
63.5,-143.5,418.9836605605842
63.5,-142.5,419.1138712418884
63.5,-141.5,419.1105681301424
63.5,-140.5,419.06300802057496
63.5,-139.5,419.1138813878757
63.5,-138.5,419.1107571484967
63.5,-137.5,419.02209934959205
63.5,-136.5,419.0069907884712
63.5,-135.5,418.9999011095314
63.5,-134.5,418.98146479904034
63.5,-133.5,418.91609955422336
63.5,-132.5,418.8977592637143
63.5,-131.5,418.8238351734608
63.5,-130.5,418.7467122524061
63.5,-129.5,418.734954546072
63.5,-128.5,418.7374317641929
63.5,-127.5,418.7448388605819
63.5,-126.5,418.7952042040809
63.5,-125.5,419.0092138613248
63.5,-124.5,419.0822853239312
63.5,-123.5,419.1133002959479
63.5,-122.5,419.1608041765209
63.5,-121.5,419.1810029522664
63.5,-120.5,419.2122299011592
63.5,-119.5,419.2351099003689
63.5,-118.5,419.27894663998654
63.5,-117.5,419.29965909235904
63.5,-116.5,419.3414600603771
63.5,-115.5,419.37654746106455
63.5,-114.5,419.3241405983284
63.5,-113.5,419.295138673888
63.5,-112.5,419.2728219675737
63.5,-111.5,419.2500199209925
63.5,-110.5,419.23502012053854
63.5,-109.5,419.23042634911104
63.5,-108.5,419.214211205324
63.5,-107.5,419.19617043689055
63.5,-106.5,419.1883790577869
63.5,-105.5,419.1989213775868
63.5,-104.5,419.1989665593088
63.5,-103.5,419.212608725365
63.5,-102.5,419.2150918584375
63.5,-101.5,419.219321180536
63.5,-100.5,419.23333697454586
63.5,-99.5,419.2440241835688
63.5,-98.5,419.2566466030217
63.5,-97.5,419.25538712381
63.5,-96.5,419.2621079118244
63.5,-95.5,419.2605016916259
63.5,-94.5,419.2636413462184
63.5,-93.5,419.2633433742318
63.5,-92.5,419.26662461125215
63.5,-91.5,419.2671784326928
63.5,-90.5,419.2780099529845
63.5,-89.5,419.28690452336286
63.5,-88.5,419.2834044621189
63.5,-87.5,419.28080239367927
63.5,-86.5,419.269879547832
63.5,-85.5,419.2630290097885
63.5,-84.5,419.25352662865913
63.5,-83.5,419.2794138392559
63.5,-82.5,419.27553107023385
63.5,-81.5,419.23959016683415
63.5,-80.5,419.23651709036506
63.5,-79.5,419.2353893037771
63.5,-78.5,419.23179369834907
63.5,-77.5,419.2207434968845
63.5,-76.5,419.21812871013697
63.5,-75.5,419.22526428604544
63.5,-74.5,419.2246470031536
63.5,-73.5,419.2216568808796
63.5,-72.5,419.2017379423936
63.5,-71.5,419.19604093808016
63.5,-70.5,419.084353692565
63.5,-69.5,419.0772924851172
63.5,-68.5,419.0789781387711
63.5,-67.5,419.044140463017
63.5,-66.5,419.0494504871981
63.5,-65.5,419.1182770305553
63.5,-64.5,419.1296442873029
63.5,-63.5,419.217111615168
63.5,-62.5,419.2190668885256
63.5,-61.5,419.21122763608776
63.5,-60.5,419.2061403445623
63.5,-59.5,419.19618595581983
63.5,-58.5,419.1896128783992
63.5,-57.5,419.1859187090192
63.5,-56.5,419.18076219194006
63.5,-55.5,419.1751388478369
63.5,-54.5,419.1681431610105
63.5,-53.5,419.1613808615545
63.5,-52.5,419.1527000114377
63.5,-51.5,419.13738509557055
63.5,-50.5,418.9346993192584
63.5,-49.5,418.8958238377796
63.5,-48.5,418.4582758911022
63.5,-47.5,418.416048337872
63.5,-46.5,418.1728621714948
63.5,-45.5,418.1779318290804
63.5,-44.5,418.0965944959532
63.5,-43.5,418.55267592498086
63.5,-42.5,418.6335725784565
63.5,-41.5,419.062074647993
63.5,-40.5,419.0878854546892
63.5,-39.5,419.1268821621049
63.5,-38.5,419.15827304216594
63.5,-37.5,419.119782797927
63.5,-36.5,419.11903207155376
63.5,-35.5,419.1173848880896
63.5,-34.5,419.11964713912846
63.5,-33.5,419.1226754010567
63.5,-32.5,419.12573823658215
63.5,-31.5,419.1292650554087
63.5,-30.5,419.1325991475561
63.5,-29.5,419.1566184272472
63.5,-28.5,419.1414048734892
63.5,-27.5,419.14871940592377
63.5,-26.5,419.1578945297808
63.5,-25.5,419.16366585883895
63.5,-24.5,419.1720410555026
63.5,-23.5,419.1759601283265
63.5,-22.5,419.1775621120391
63.5,-21.5,419.1773135122342
63.5,-20.5,419.1565793464716
63.5,-19.5,419.1590074669079
63.5,-18.5,419.0862625291636
63.5,-17.5,419.192312819105
63.5,-16.5,419.18519223615846
63.5,-15.5,419.1980309220529
63.5,-14.5,419.2304612106303
63.5,-13.5,419.2445524757707
63.5,-12.5,419.2631638067126
63.5,-11.5,419.2761523590759
63.5,-10.5,419.2860466043912
63.5,-9.5,419.295341272542
63.5,-8.5,419.3015882185279
63.5,-7.5,419.3069743785171
63.5,-6.5,419.3130014726897
63.5,-5.5,419.3203986110848
63.5,-4.5,419.32590137337945
63.5,-3.5,419.33486508609263
63.5,-2.5,419.3364510118491
63.5,-1.5,419.3399900251104
63.5,-0.5,419.3418911234075
63.5,0.5,419.3473837432528
63.5,1.5,419.3538787693372
63.5,2.5,419.3607300521308
63.5,3.5,419.36967156154304
63.5,4.5,419.37735792741137
63.5,5.5,419.37773045692
63.5,6.5,419.3710248298511
63.5,7.5,419.3715842662616
63.5,8.5,419.325755333748
63.5,9.5,419.3159945536951
63.5,10.5,419.2837485289241
63.5,11.5,419.2667476387672
63.5,12.5,419.1060724775147
63.5,13.5,419.2433669084434
63.5,14.5,419.2565480121198
63.5,15.5,419.2660781134719
63.5,16.5,419.2745173300828
63.5,17.5,419.3339567006976
63.5,18.5,419.3105296512644
63.5,19.5,419.42659478025513
63.5,20.5,419.4503025084305
63.5,21.5,419.4734633855595
63.5,22.5,419.4782979613766
63.5,23.5,419.4590838411224
63.5,24.5,419.4538905812327
63.5,25.5,419.4328975857179
63.5,26.5,419.4250740190851
63.5,27.5,419.4195739013151
63.5,28.5,419.4133252485795
63.5,29.5,419.3837030997393
63.5,30.5,419.3457576812712
63.5,31.5,419.3388670070074
63.5,32.5,419.35004858177246
63.5,33.5,419.3556324368231
63.5,34.5,419.3848792797871
63.5,35.5,419.3869437950097
63.5,36.5,419.3778568142612
63.5,37.5,419.37700854090576
63.5,38.5,419.4017413224093
63.5,39.5,419.3974063622641
63.5,40.5,419.3946296851945
63.5,41.5,419.388928112696
63.5,42.5,419.3850483622279
63.5,43.5,419.3629922006169
63.5,44.5,419.3464954354712
63.5,45.5,419.33005249339226
63.5,46.5,419.3226544218548
63.5,47.5,419.3163346217076
63.5,48.5,419.3082901657321
63.5,49.5,419.3487829021718
63.5,50.5,419.2936162089469
63.5,51.5,419.2864679518418
63.5,52.5,419.2802497102423
63.5,53.5,419.2832420142716
63.5,54.5,419.2762414793557
63.5,55.5,419.27319734763626
63.5,56.5,419.2609414758876
63.5,57.5,419.2075321933468
63.5,58.5,419.2028504519108
63.5,59.5,419.1205495509303
63.5,60.5,419.22493470240414
63.5,61.5,419.2460138998132
63.5,62.5,419.26389960582736
63.5,63.5,419.27422601731774
63.5,64.5,419.2873286866146
63.5,65.5,419.293640476559
63.5,66.5,419.3003367090293
63.5,67.5,419.3056924844037
63.5,68.5,419.31391738516646
63.5,69.5,419.3312632738764
63.5,70.5,419.3403487967927
63.5,71.5,419.3435200200302
63.5,72.5,419.35518172312095
63.5,73.5,419.3672765345176
63.5,74.5,419.3843682428545
63.5,75.5,419.4541062712245
63.5,76.5,419.3961875493444
63.5,77.5,419.3784543130174
63.5,78.5,419.3578103229307
63.5,79.5,419.3423793490186
63.5,80.5,419.3017741236286
63.5,81.5,419.2865231307605
63.5,82.5,419.2888334507688
63.5,83.5,419.2794203828908
63.5,84.5,419.26756893344015
63.5,85.5,419.2901384087648
63.5,86.5,419.2898618580216
63.5,87.5,419.28098153818223
63.5,88.5,419.259690514545
63.5,89.5,419.20634301461246
63.5,90.5,419.1358543147333
63.5,91.5,419.0924177862576
63.5,92.5,419.0772645325312
63.5,93.5,419.0663667312772
63.5,94.5,419.0708385557826
63.5,95.5,419.1003717807424
63.5,96.5,419.1051399932063
63.5,97.5,419.1181242844769
63.5,98.5,419.1251174025381
63.5,99.5,419.1330913480375
63.5,100.5,419.1140227556531
63.5,101.5,419.12870549919273
63.5,102.5,419.1271843919204
63.5,103.5,419.13746301307935
63.5,104.5,419.2180917604054
63.5,105.5,419.23289614955314
63.5,106.5,419.2576030017733
63.5,107.5,419.2580558064518
63.5,108.5,419.20055718173046
63.5,109.5,419.1965563915416
63.5,110.5,419.1808201592812
63.5,111.5,419.1923059446098
63.5,112.5,419.2134815368117
63.5,113.5,419.236751831928
63.5,114.5,419.2781055412525
63.5,115.5,419.35066153745504
63.5,116.5,419.4055786742777
63.5,117.5,419.4327264100351
63.5,118.5,419.45214770840096
63.5,119.5,419.49873167018086
63.5,120.5,419.5175747811746
63.5,121.5,419.5281433114994
63.5,122.5,419.547727124596
63.5,123.5,419.56816047722543
63.5,124.5,419.5826199319032
63.5,125.5,419.648922394065
63.5,126.5,419.6000472786663
63.5,127.5,419.6264658394191
63.5,128.5,419.60814785349
63.5,129.5,419.6191291391282
63.5,130.5,419.6104427877603
63.5,131.5,419.567212201354
63.5,132.5,419.369131705001
63.5,133.5,419.3497027255956
63.5,134.5,419.4048952820386
63.5,135.5,419.3763376433771
63.5,136.5,419.1613124285403
63.5,137.5,419.1237640785636
63.5,138.5,418.8528827102815
63.5,139.5,418.8159296881855
63.5,140.5,418.76416286004405
63.5,141.5,418.9455264081677
63.5,142.5,418.9449614174645
63.5,143.5,418.924651967669
63.5,144.5,418.91654033372384
63.5,145.5,418.8812933108753
63.5,146.5,418.86518991630425
63.5,147.5,418.8436789286002
63.5,148.5,418.8969962985773
63.5,149.5,418.9237940326321
63.5,150.5,419.1074547980064
63.5,151.5,419.139673241677
63.5,152.5,419.1800099042456
63.5,153.5,419.1971604675473
63.5,154.5,419.1901839889
63.5,155.5,419.16798478471816
63.5,156.5,419.07071181108415
63.5,157.5,418.9999247540861
63.5,158.5,419.0008172153703
63.5,159.5,419.034139187398
63.5,160.5,419.0468303684002
63.5,161.5,419.17805608957184
63.5,162.5,419.1157611224068
63.5,163.5,419.1652529712607
63.5,164.5,419.1730000404477
63.5,165.5,419.2008964985995
63.5,166.5,419.2155292914498
63.5,167.5,419.3636096572503
63.5,168.5,419.37541550810175
63.5,169.5,419.3744208497487
63.5,170.5,419.3722164086121
63.5,171.5,419.3373684156074
63.5,172.5,419.2793560597978
63.5,173.5,419.2823739094659
63.5,174.5,419.2660084982427
63.5,175.5,419.2622964302315
63.5,176.5,419.2616132372685
63.5,177.5,419.256293153544
63.5,178.5,419.3118030882172
63.5,179.5,419.3102990414205
64.5,-179.5,419.3317691525745
64.5,-178.5,419.32697808127534
64.5,-177.5,419.3223770575463
64.5,-176.5,419.3165076408572
64.5,-175.5,419.2740206619801
64.5,-174.5,419.26995682679785
64.5,-173.5,419.26910662744456
64.5,-172.5,419.2700383532568
64.5,-171.5,419.3067926148288
64.5,-170.5,419.30941989400856
64.5,-169.5,419.3120724211385
64.5,-168.5,419.3175068191616
64.5,-167.5,419.3214630948487
64.5,-166.5,419.327255772618
64.5,-165.5,419.282156040012
64.5,-164.5,419.2887209933347
64.5,-163.5,419.3226626551404
64.5,-162.5,419.33164359637846
64.5,-161.5,419.32474434339
64.5,-160.5,419.3280476084097
64.5,-159.5,419.3081814817603
64.5,-158.5,419.32190766899953
64.5,-157.5,419.3915243219092
64.5,-156.5,419.4020424409466
64.5,-155.5,419.3963947107992
64.5,-154.5,419.3938966523094
64.5,-153.5,419.3423488104639
64.5,-152.5,419.3440656174904
64.5,-151.5,419.37747064304216
64.5,-150.5,419.401277318871
64.5,-149.5,419.393769055746
64.5,-148.5,419.3568353054877
64.5,-147.5,419.33647018343504
64.5,-146.5,419.1959383741344
64.5,-145.5,419.17598573370464
64.5,-144.5,418.9929657782555
64.5,-143.5,418.98149983978266
64.5,-142.5,418.97295456079456
64.5,-141.5,418.96854660221567
64.5,-140.5,418.9995387125692
64.5,-139.5,418.9894039144313
64.5,-138.5,418.92401535106
64.5,-137.5,418.91350039861015
64.5,-136.5,418.8231197907723
64.5,-135.5,418.8388903296803
64.5,-134.5,418.8267002987884
64.5,-133.5,418.73304519769016
64.5,-132.5,418.72777481367945
64.5,-131.5,418.7437667302144
64.5,-130.5,418.7435765523479
64.5,-129.5,418.750326886262
64.5,-128.5,418.74845859727606
64.5,-127.5,418.8956506998812
64.5,-126.5,418.9183245317479
64.5,-125.5,419.23310755369016
64.5,-124.5,419.2515300036049
64.5,-123.5,419.23025150688505
64.5,-122.5,419.2380651587607
64.5,-121.5,419.23706293763735
64.5,-120.5,419.2092640145975
64.5,-119.5,419.22191936288186
64.5,-118.5,419.28575262864456
64.5,-117.5,419.2913735471605
64.5,-116.5,419.2968622774579
64.5,-115.5,419.2545202061761
64.5,-114.5,419.2483666495088
64.5,-113.5,419.2249950082223
64.5,-112.5,419.2151202777024
64.5,-111.5,419.2042821939782
64.5,-110.5,419.1993594305914
64.5,-109.5,419.197528078344
64.5,-108.5,419.19590857206606
64.5,-107.5,419.1980572605229
64.5,-106.5,419.1980456224846
64.5,-105.5,419.1972664369836
64.5,-104.5,419.19730647154887
64.5,-103.5,419.1977820446326
64.5,-102.5,419.2009335630215
64.5,-101.5,419.2463808738552
64.5,-100.5,419.2503975647556
64.5,-99.5,419.2875571461403
64.5,-98.5,419.2866882190864
64.5,-97.5,419.28597429482113
64.5,-96.5,419.27824325877634
64.5,-95.5,419.2747199764193
64.5,-94.5,419.2757771946518
64.5,-93.5,419.24224226385707
64.5,-92.5,419.2370463291993
64.5,-91.5,419.2334890631606
64.5,-90.5,419.230227651252
64.5,-89.5,419.23050573073226
64.5,-88.5,419.22981981435936
64.5,-87.5,419.2724264959005
64.5,-86.5,419.2670379826948
64.5,-85.5,419.25549976598666
64.5,-84.5,419.2109903938163
64.5,-83.5,419.16202434765967
64.5,-82.5,419.1589971935354
64.5,-81.5,419.2274209297684
64.5,-80.5,419.2263362129669
64.5,-79.5,419.2322349659643
64.5,-78.5,419.198845898782
64.5,-77.5,419.1955711016249
64.5,-76.5,419.197925196952
64.5,-75.5,419.1960288339739
64.5,-74.5,419.2065147434328
64.5,-73.5,419.2024375876307
64.5,-72.5,419.1623148637566
64.5,-71.5,419.1562339815845
64.5,-70.5,419.13231957384295
64.5,-69.5,419.12488104497504
64.5,-68.5,419.0515584093216
64.5,-67.5,419.0488101389943
64.5,-66.5,419.0031658454778
64.5,-65.5,419.0088199756946
64.5,-64.5,419.185448538766
64.5,-63.5,419.2007760064146
64.5,-62.5,419.20190597465256
64.5,-61.5,419.1953092166119
64.5,-60.5,419.1919801188577
64.5,-59.5,419.1855948830716
64.5,-58.5,419.1823438569494
64.5,-57.5,419.1765599140713
64.5,-56.5,419.17265605924473
64.5,-55.5,419.1662678579911
64.5,-54.5,419.15999298847015
64.5,-53.5,419.15404852419465
64.5,-52.5,419.14293795552265
64.5,-51.5,419.0527707997029
64.5,-50.5,419.025911197582
64.5,-49.5,418.82882441980206
64.5,-48.5,418.3761554194016
64.5,-47.5,418.3437931520075
64.5,-46.5,418.1419107301135
64.5,-45.5,418.1379549696403
64.5,-44.5,418.1339641459696
64.5,-43.5,418.203830768849
64.5,-42.5,418.23644332816446
64.5,-41.5,418.8159642956008
64.5,-40.5,418.8570623521493
64.5,-39.5,419.1277617659713
64.5,-38.5,419.1404782319389
64.5,-37.5,419.1299237900843
64.5,-36.5,419.1299341417007
64.5,-35.5,419.1216138612615
64.5,-34.5,419.1207815096287
64.5,-33.5,419.1195135987351
64.5,-32.5,419.1207529669644
64.5,-31.5,419.1242632971037
64.5,-30.5,419.1273113837829
64.5,-29.5,419.13262517166254
64.5,-28.5,419.1366780539301
64.5,-27.5,419.1425239571472
64.5,-26.5,419.1464448491288
64.5,-25.5,419.166922155299
64.5,-24.5,419.1530166879771
64.5,-23.5,419.156382034461
64.5,-22.5,419.1394229426161
64.5,-21.5,419.0328476370877
64.5,-20.5,419.0273797217334
64.5,-19.5,418.9844172618913
64.5,-18.5,418.9846916461823
64.5,-17.5,418.8196655598461
64.5,-16.5,418.8277093444135
64.5,-15.5,419.13039467207847
64.5,-14.5,419.1476567359527
64.5,-13.5,419.1900748248837
64.5,-12.5,419.2046956199355
64.5,-11.5,419.2344693988841
64.5,-10.5,419.2453497341989
64.5,-9.5,419.2561030917149
64.5,-8.5,419.2630048659309
64.5,-7.5,419.2702162402977
64.5,-6.5,419.2767652618872
64.5,-5.5,419.2813925653666
64.5,-4.5,419.28393848327
64.5,-3.5,419.286576307121
64.5,-2.5,419.33670425490993
64.5,-1.5,419.2967307857925
64.5,-0.5,419.2985397597212
64.5,0.5,419.30503335061167
64.5,1.5,419.31512712618536
64.5,2.5,419.3214151948249
64.5,3.5,419.3261743143533
64.5,4.5,419.3325318163607
64.5,5.5,419.33891414206505
64.5,6.5,419.3448886035655
64.5,7.5,419.35247725340565
64.5,8.5,419.3779598599776
64.5,9.5,419.3724000175861
64.5,10.5,419.3099596665484
64.5,11.5,419.2888904584475
64.5,12.5,419.1641072588539
64.5,13.5,419.1394450095385
64.5,14.5,419.1438726877929
64.5,15.5,419.1448734058855
64.5,16.5,419.1764266587906
64.5,17.5,419.1854772749582
64.5,18.5,419.21641593212814
64.5,19.5,419.2385363305674
64.5,20.5,419.3483461877899
64.5,21.5,419.3791134950087
64.5,22.5,419.42229342942426
64.5,23.5,419.4210701432995
64.5,24.5,419.4168246925143
64.5,25.5,419.4024661756029
64.5,26.5,419.3920329946553
64.5,27.5,419.3815404148119
64.5,28.5,419.3769597564405
64.5,29.5,419.3681478289431
64.5,30.5,419.3299303679035
64.5,31.5,419.3265522334548
64.5,32.5,419.3147127115134
64.5,33.5,419.32170682971866
64.5,34.5,419.36675318879065
64.5,35.5,419.3775622648424
64.5,36.5,419.39576803685264
64.5,37.5,419.40344546234
64.5,38.5,419.4245201330244
64.5,39.5,419.42431640687215
64.5,40.5,419.4111914445764
64.5,41.5,419.4039198376668
64.5,42.5,419.3810838323076
64.5,43.5,419.3756085383727
64.5,44.5,419.3746146540464
64.5,45.5,419.3692142293261
64.5,46.5,419.364039297988
64.5,47.5,419.34195536100407
64.5,48.5,419.3327405504344
64.5,49.5,419.3051448773909
64.5,50.5,419.2914020781952
64.5,51.5,419.2854810481669
64.5,52.5,419.30787789892594
64.5,53.5,419.30374346991874
64.5,54.5,419.29116631081047
64.5,55.5,419.2827180556685
64.5,56.5,419.2767163295587
64.5,57.5,419.2528839666512
64.5,58.5,419.1139380632266
64.5,59.5,419.0971997649814
64.5,60.5,419.182155152949
64.5,61.5,419.2012356685777
64.5,62.5,419.263496959156
64.5,63.5,419.2767905573731
64.5,64.5,419.2842895000173
64.5,65.5,419.2934012735243
64.5,66.5,419.297491418827
64.5,67.5,419.30432086794895
64.5,68.5,419.3079315535131
64.5,69.5,419.3147746676199
64.5,70.5,419.32077572569113
64.5,71.5,419.3287128316572
64.5,72.5,419.3348288454696
64.5,73.5,419.3448221763646
64.5,74.5,419.3525738262734
64.5,75.5,419.36261929870943
64.5,76.5,419.3642159098799
64.5,77.5,419.35296614321663
64.5,78.5,419.3451621462124
64.5,79.5,419.3308046115336
64.5,80.5,419.3293486899362
64.5,81.5,419.3157587813757
64.5,82.5,419.2872685346099
64.5,83.5,419.278255277373
64.5,84.5,419.2746754815904
64.5,85.5,419.27703468895066
64.5,86.5,419.30654939182
64.5,87.5,419.2988559906301
64.5,88.5,419.2128330498445
64.5,89.5,419.1827157956281
64.5,90.5,419.085168158968
64.5,91.5,419.0772703883435
64.5,92.5,419.1231182327099
64.5,93.5,419.1269265483944
64.5,94.5,419.1512634355583
64.5,95.5,419.07448146398633
64.5,96.5,419.0660895940279
64.5,97.5,419.0214525480629
64.5,98.5,419.030554909514
64.5,99.5,419.0397116081896
64.5,100.5,419.1436554696292
64.5,101.5,419.127307784712
64.5,102.5,419.1072120187027
64.5,103.5,419.1078512042171
64.5,104.5,419.0751878503049
64.5,105.5,419.0816413235911
64.5,106.5,419.1062638451847
64.5,107.5,419.11519774714446
64.5,108.5,419.1459204681048
64.5,109.5,419.15671036257055
64.5,110.5,419.1713580573387
64.5,111.5,419.18405201026
64.5,112.5,419.19569604133966
64.5,113.5,419.21895638766784
64.5,114.5,419.2931463156893
64.5,115.5,419.32483754928575
64.5,116.5,419.3959568445676
64.5,117.5,419.418406754088
64.5,118.5,419.44106657495263
64.5,119.5,419.4634601903152
64.5,120.5,419.4829120068901
64.5,121.5,419.51159576933
64.5,122.5,419.5767288607012
64.5,123.5,419.5686109014477
64.5,124.5,419.6379874772088
64.5,125.5,419.6110305315048
64.5,126.5,419.3759886667791
64.5,127.5,419.3157263300181
64.5,128.5,419.1443148257553
64.5,129.5,419.12266645209326
64.5,130.5,418.9741877969382
64.5,131.5,418.9768567547826
64.5,132.5,418.9085385653784
64.5,133.5,418.90520820986217
64.5,134.5,418.975322170082
64.5,135.5,418.96884772740754
64.5,136.5,419.018457696696
64.5,137.5,418.91569132990577
64.5,138.5,418.8958562061394
64.5,139.5,418.9160845132677
64.5,140.5,418.9092483593867
64.5,141.5,418.933565424704
64.5,142.5,418.92719219592914
64.5,143.5,418.873012086064
64.5,144.5,418.8642259443811
64.5,145.5,418.8213087601852
64.5,146.5,418.8144053450413
64.5,147.5,418.86504370745376
64.5,148.5,418.8822286684209
64.5,149.5,419.03780049077625
64.5,150.5,419.0762068879092
64.5,151.5,419.3060929175418
64.5,152.5,419.2458869955062
64.5,153.5,419.2576523255088
64.5,154.5,419.2907121507303
64.5,155.5,419.2883781516952
64.5,156.5,419.2281161984029
64.5,157.5,419.21260193986416
64.5,158.5,419.02461381902015
64.5,159.5,419.0211898827096
64.5,160.5,419.14353807906895
64.5,161.5,419.1146917336157
64.5,162.5,419.0597248808149
64.5,163.5,419.0567061673815
64.5,164.5,419.06589498198207
64.5,165.5,419.0744455222705
64.5,166.5,419.1974720108047
64.5,167.5,419.2463261710933
64.5,168.5,419.26406714378606
64.5,169.5,419.3883284736626
64.5,170.5,419.3907234391186
64.5,171.5,419.3932968357368
64.5,172.5,419.32835622002506
64.5,173.5,419.31887929523685
64.5,174.5,419.34765043899057
64.5,175.5,419.341940049957
64.5,176.5,419.3474570436941
64.5,177.5,419.3377694957184
64.5,178.5,419.32081956765705
64.5,179.5,419.3133090511758
65.5,-179.5,419.279633639193
65.5,-178.5,419.2782034091821
65.5,-177.5,419.27283510468544
65.5,-176.5,419.2317913313569
65.5,-175.5,419.2278108214126
65.5,-174.5,419.2093031688701
65.5,-173.5,419.2107085110831
65.5,-172.5,419.2119960862001
65.5,-171.5,419.281214275621
65.5,-170.5,419.2860382402228
65.5,-169.5,419.3004043326034
65.5,-168.5,419.29429737574486
65.5,-167.5,419.2848405825693
65.5,-166.5,419.25053817737
65.5,-165.5,419.2445595331696
65.5,-164.5,419.2585758838107
65.5,-163.5,419.2483337241768
65.5,-162.5,419.25963797636746
65.5,-161.5,419.3199579938816
65.5,-160.5,419.3263989181356
65.5,-159.5,419.3191975154049
65.5,-158.5,419.3530386056292
65.5,-157.5,419.3588564835369
65.5,-156.5,419.36446567776153
65.5,-155.5,419.3076684863055
65.5,-154.5,419.2877768878455
65.5,-153.5,419.2827554764124
65.5,-152.5,419.2381491372637
65.5,-151.5,419.2340971629404
65.5,-150.5,419.2803832189447
65.5,-149.5,419.2751592439503
65.5,-148.5,419.2022057998429
65.5,-147.5,419.19533775321753
65.5,-146.5,419.10616474988274
65.5,-145.5,419.0905496796218
65.5,-144.5,419.21971848919753
65.5,-143.5,419.2105907863239
65.5,-142.5,419.1047645321887
65.5,-141.5,419.09132788765567
65.5,-140.5,418.955783246173
65.5,-139.5,418.9441511900994
65.5,-138.5,418.9377501246721
65.5,-137.5,418.9324441997033
65.5,-136.5,419.0096097428877
65.5,-135.5,419.00880201490014
65.5,-134.5,419.10917302894063
65.5,-133.5,419.11612356553786
65.5,-132.5,418.9128112654185
65.5,-131.5,419.0764628615774
65.5,-130.5,419.0840952927096
65.5,-129.5,419.0925044035591
65.5,-128.5,419.2597249900649
65.5,-127.5,419.2233560601308
65.5,-126.5,419.2391901879072
65.5,-125.5,419.23623435940857
65.5,-124.5,419.2428220922094
65.5,-123.5,419.2652396787198
65.5,-122.5,419.2753804273589
65.5,-121.5,419.2855638793263
65.5,-120.5,419.3277954148761
65.5,-119.5,419.3285761588505
65.5,-118.5,419.2582244804272
65.5,-117.5,419.23715955618746
65.5,-116.5,419.2304613229351
65.5,-115.5,419.2123476971546
65.5,-114.5,419.20436692778
65.5,-113.5,419.196283667696
65.5,-112.5,419.18025153273
65.5,-111.5,419.1755724512085
65.5,-110.5,419.1758938093181
65.5,-109.5,419.1777058684801
65.5,-108.5,419.2044495687381
65.5,-107.5,419.2079182501492
65.5,-106.5,419.2103609473451
65.5,-105.5,419.21073937191966
65.5,-104.5,419.2076884605077
65.5,-103.5,419.2084503968398
65.5,-102.5,419.2172499791654
65.5,-101.5,419.2208176471064
65.5,-100.5,419.2245131449835
65.5,-99.5,419.2669543923023
65.5,-98.5,419.26814515715216
65.5,-97.5,419.2661597044631
65.5,-96.5,419.2599233073744
65.5,-95.5,419.2493715722927
65.5,-94.5,419.20716004055873
65.5,-93.5,419.1993682525823
65.5,-92.5,419.1916345821852
65.5,-91.5,419.178384813184
65.5,-90.5,419.1742101079717
65.5,-89.5,419.1930797972254
65.5,-88.5,419.1930545944534
65.5,-87.5,419.21442833616896
65.5,-86.5,419.2578779357767
65.5,-85.5,419.25375069149226
65.5,-84.5,419.2496656514506
65.5,-83.5,419.22229589051096
65.5,-82.5,419.24313030692895
65.5,-81.5,419.2387698711133
65.5,-80.5,419.2333174444792
65.5,-79.5,419.22904669192
65.5,-78.5,419.2110398706819
65.5,-77.5,419.2073464908826
65.5,-76.5,419.21709905954526
65.5,-75.5,419.2141265174142
65.5,-74.5,419.1909556414933
65.5,-73.5,419.1866826257789
65.5,-72.5,419.1597794688709
65.5,-71.5,419.15529488509
65.5,-70.5,419.12754985578255
65.5,-69.5,419.122321641913
65.5,-68.5,419.1370227676585
65.5,-67.5,419.13309449062007
65.5,-66.5,419.16227043265394
65.5,-65.5,419.1617082221304
65.5,-64.5,419.0794694019314
65.5,-63.5,419.078368230156
65.5,-62.5,419.1203654186086
65.5,-61.5,419.12995224708953
65.5,-60.5,419.1801749511653
65.5,-59.5,419.1822771450104
65.5,-58.5,419.1802920176549
65.5,-57.5,419.1783274118304
65.5,-56.5,419.1693605130234
65.5,-55.5,419.15976586297495
65.5,-54.5,419.150589811968
65.5,-53.5,419.07083332642105
65.5,-52.5,419.0929085408354
65.5,-51.5,418.8952590422083
65.5,-50.5,418.8684093392959
65.5,-49.5,418.8414441991167
65.5,-48.5,418.5224413618319
65.5,-47.5,418.49513612593154
65.5,-46.5,418.2873884328471
65.5,-45.5,418.1757921819836
65.5,-44.5,418.1811124712713
65.5,-43.5,418.36239723192017
65.5,-42.5,418.3954450751461
65.5,-41.5,418.4283005420742
65.5,-40.5,418.8631061836564
65.5,-39.5,418.8911698552422
65.5,-38.5,419.0893487559848
65.5,-37.5,419.0999816893124
65.5,-36.5,419.12564558562497
65.5,-35.5,419.129011969179
65.5,-34.5,419.1271754696167
65.5,-33.5,419.1284200203693
65.5,-32.5,419.1262746554304
65.5,-31.5,419.1273296853164
65.5,-30.5,419.12796924925175
65.5,-29.5,419.13026123670255
65.5,-28.5,419.1325718631955
65.5,-27.5,419.1345726488632
65.5,-26.5,419.13705963167007
65.5,-25.5,419.13789641808256
65.5,-24.5,419.0944198528552
65.5,-23.5,419.0943822704231
65.5,-22.5,419.0841270215788
65.5,-21.5,419.0816742430849
65.5,-20.5,419.0792764383162
65.5,-19.5,419.0027586451352
65.5,-18.5,419.0023156556769
65.5,-17.5,418.9632765134572
65.5,-16.5,418.968409087841
65.5,-15.5,419.0609029935479
65.5,-14.5,419.1422337498513
65.5,-13.5,419.1549852737483
65.5,-12.5,419.1676500763594
65.5,-11.5,419.2057388876712
65.5,-10.5,419.21618865441246
65.5,-9.5,419.2234164964611
65.5,-8.5,419.2344987941929
65.5,-7.5,419.2401610392747
65.5,-6.5,419.2430412878927
65.5,-5.5,419.2459828091775
65.5,-4.5,419.24602743417466
65.5,-3.5,419.2467161646241
65.5,-2.5,419.2459103476546
65.5,-1.5,419.24936472808906
65.5,-0.5,419.254850020517
65.5,0.5,419.2619472450597
65.5,1.5,419.2751433744507
65.5,2.5,419.282702243582
65.5,3.5,419.32093865808497
65.5,4.5,419.300034038465
65.5,5.5,419.3085407358761
65.5,6.5,419.315384482546
65.5,7.5,419.32448642339335
65.5,8.5,419.3324437192215
65.5,9.5,419.341746577502
65.5,10.5,419.3379657219745
65.5,11.5,419.2963982294101
65.5,12.5,419.1080764392943
65.5,13.5,419.08400639857945
65.5,14.5,419.059781464755
65.5,15.5,419.0028110493749
65.5,16.5,419.092138139554
65.5,17.5,419.1045291469589
65.5,18.5,419.1433329580731
65.5,19.5,419.1716783814948
65.5,20.5,419.3051161464237
65.5,21.5,419.3362722278034
65.5,22.5,419.3672572703032
65.5,23.5,419.4029349946914
65.5,24.5,419.41119090129325
65.5,25.5,419.3936350043869
65.5,26.5,419.3279874976216
65.5,27.5,419.3145002708108
65.5,28.5,419.27386989325066
65.5,29.5,419.2728125106208
65.5,30.5,419.27167092850607
65.5,31.5,419.31997977864535
65.5,32.5,419.32794134232313
65.5,33.5,419.3579569376223
65.5,34.5,419.3674427998574
65.5,35.5,419.3908547614871
65.5,36.5,419.3961738120533
65.5,37.5,419.400645365348
65.5,38.5,419.4017258708674
65.5,39.5,419.3680074090345
65.5,40.5,419.3659692260308
65.5,41.5,419.354744926918
65.5,42.5,419.35430789908025
65.5,43.5,419.3537532345256
65.5,44.5,419.3814294165146
65.5,45.5,419.3805271354531
65.5,46.5,419.3640300377575
65.5,47.5,419.3508046183009
65.5,48.5,419.3420589512604
65.5,49.5,419.3259855710669
65.5,50.5,419.31997687792057
65.5,51.5,419.31422145404974
65.5,52.5,419.329619651677
65.5,53.5,419.324543990531
65.5,54.5,419.30958617374137
65.5,55.5,419.303809792441
65.5,56.5,419.3053517240477
65.5,57.5,419.27918820899725
65.5,58.5,419.2567948776594
65.5,59.5,419.2351654472173
65.5,60.5,419.0400079142568
65.5,61.5,419.14127170133145
65.5,62.5,419.1508430442153
65.5,63.5,419.27281491966767
65.5,64.5,419.2902129267978
65.5,65.5,419.30880402381575
65.5,66.5,419.3132499767685
65.5,67.5,419.31394992745726
65.5,68.5,419.3145467937618
65.5,69.5,419.31580970893566
65.5,70.5,419.3198519463565
65.5,71.5,419.32776102556267
65.5,72.5,419.3293780948172
65.5,73.5,419.3371006321995
65.5,74.5,419.3414975814445
65.5,75.5,419.3427368713008
65.5,76.5,419.345053660252
65.5,77.5,419.3460353133233
65.5,78.5,419.3405686806241
65.5,79.5,419.3292901034925
65.5,80.5,419.3190891519033
65.5,81.5,419.3124333781949
65.5,82.5,419.3024708223251
65.5,83.5,419.28315012238704
65.5,84.5,419.2802660364728
65.5,85.5,419.2810420712721
65.5,86.5,419.28219962852046
65.5,87.5,419.2857682187713
65.5,88.5,419.1787734707166
65.5,89.5,419.14877087593726
65.5,90.5,419.0557872137349
65.5,91.5,419.0491191066662
65.5,92.5,419.0653587200226
65.5,93.5,419.0571883883552
65.5,94.5,419.04909990139856
65.5,95.5,418.9881835830321
65.5,96.5,418.9820037108006
65.5,97.5,418.983568497144
65.5,98.5,419.01147295633865
65.5,99.5,419.0268911758956
65.5,100.5,419.0955163742884
65.5,101.5,419.1006598864996
65.5,102.5,419.1058364350658
65.5,103.5,419.02364723277447
65.5,104.5,419.0274874339728
65.5,105.5,419.0750729877895
65.5,106.5,419.08421494896936
65.5,107.5,419.0869369866355
65.5,108.5,419.0929343561748
65.5,109.5,419.0717495585428
65.5,110.5,419.08285123836055
65.5,111.5,419.1133799623095
65.5,112.5,419.1717771058349
65.5,113.5,419.1918626773704
65.5,114.5,419.219883793478
65.5,115.5,419.2478501604468
65.5,116.5,419.3358614694474
65.5,117.5,419.3632561854555
65.5,118.5,419.4079466052268
65.5,119.5,419.4220762461879
65.5,120.5,419.4467754070987
65.5,121.5,419.503378811476
65.5,122.5,419.5299104838278
65.5,123.5,419.5565163130711
65.5,124.5,419.5973874824512
65.5,125.5,419.57459456186007
65.5,126.5,419.3186981281225
65.5,127.5,419.2470392065953
65.5,128.5,418.9588743132149
65.5,129.5,418.9722226854513
65.5,130.5,418.9962726731513
65.5,131.5,419.0206399616485
65.5,132.5,419.1493413778372
65.5,133.5,419.1506450358826
65.5,134.5,419.1391644199669
65.5,135.5,419.11387598851735
65.5,136.5,419.0936532261288
65.5,137.5,418.9569213814379
65.5,138.5,418.9342144109714
65.5,139.5,418.7679413506002
65.5,140.5,418.7596470853495
65.5,141.5,418.8087635430535
65.5,142.5,418.8133904351794
65.5,143.5,419.010418388719
65.5,144.5,419.00954106759343
65.5,145.5,418.8441543452883
65.5,146.5,418.83975186701537
65.5,147.5,418.90771866459454
65.5,148.5,418.9295463923327
65.5,149.5,419.1529146784479
65.5,150.5,419.19191547301335
65.5,151.5,419.3359418828782
65.5,152.5,419.3414199780421
65.5,153.5,419.2248414783317
65.5,154.5,419.21862603507327
65.5,155.5,419.2869610549327
65.5,156.5,419.22088177946574
65.5,157.5,419.2155257293253
65.5,158.5,419.2104958461685
65.5,159.5,419.223283855366
65.5,160.5,419.17236389820295
65.5,161.5,419.1615903089125
65.5,162.5,419.0475051680779
65.5,163.5,419.0398393497058
65.5,164.5,418.9917085236556
65.5,165.5,418.9978454937372
65.5,166.5,419.0039679095333
65.5,167.5,419.1458496788582
65.5,168.5,419.15856093477765
65.5,169.5,419.2712636005359
65.5,170.5,419.3537331605812
65.5,171.5,419.3538792696455
65.5,172.5,419.3414451092431
65.5,173.5,419.3340630937658
65.5,174.5,419.3267644859988
65.5,175.5,419.3112795721936
65.5,176.5,419.30122485435976
65.5,177.5,419.2871974092577
65.5,178.5,419.2783861918933
65.5,179.5,419.2844300628225
66.5,-179.5,419.2140922146471
66.5,-178.5,419.21164016225856
66.5,-177.5,419.1542308401907
66.5,-176.5,419.1638671445329
66.5,-175.5,419.2191104619796
66.5,-174.5,419.2177806565383
66.5,-173.5,419.2350339391635
66.5,-172.5,419.24044639127936
66.5,-171.5,419.2672081485646
66.5,-170.5,419.27303761789983
66.5,-169.5,419.2980815774893
66.5,-168.5,419.302123566779
66.5,-167.5,419.3062726658688
66.5,-166.5,419.3115205705362
66.5,-165.5,419.3162050831682
66.5,-164.5,419.3112585623141
66.5,-163.5,419.3208927719882
66.5,-162.5,419.34746558066905
66.5,-161.5,419.3368614083745
66.5,-160.5,419.3521854678201
66.5,-159.5,419.3511853546651
66.5,-158.5,419.2952017388884
66.5,-157.5,419.2915381605084
66.5,-156.5,419.2284590397288
66.5,-155.5,419.3069851433854
66.5,-154.5,419.2594037702965
66.5,-153.5,419.2542863625301
66.5,-152.5,419.2557124468512
66.5,-151.5,419.2477682063176
66.5,-150.5,419.1192964577592
66.5,-149.5,419.1166859869382
66.5,-148.5,419.2733912561321
66.5,-147.5,419.28116981205534
66.5,-146.5,419.296149319712
66.5,-145.5,419.3036083471062
66.5,-144.5,419.3054785673653
66.5,-143.5,419.2970241958262
66.5,-142.5,419.188036591899
66.5,-141.5,419.174778389959
66.5,-140.5,419.00577012644055
66.5,-139.5,418.9975665025368
66.5,-138.5,419.1159320382387
66.5,-137.5,419.1153905543357
66.5,-136.5,419.0561818074032
66.5,-135.5,419.0622062968444
66.5,-134.5,419.2344596738525
66.5,-133.5,419.2493122980854
66.5,-132.5,419.2515984669869
66.5,-131.5,419.2854234035737
66.5,-130.5,419.30063271664415
66.5,-129.5,419.30245729112255
66.5,-128.5,419.2698615301006
66.5,-127.5,419.2632181710779
66.5,-126.5,419.23215389066286
66.5,-125.5,419.2229998870203
66.5,-124.5,419.26810125231634
66.5,-123.5,419.27739373113593
66.5,-122.5,419.3195503493088
66.5,-121.5,419.325965183624
66.5,-120.5,419.3219389622752
66.5,-119.5,419.31725844714674
66.5,-118.5,419.3124038468255
66.5,-117.5,419.2409250773058
66.5,-116.5,419.2346372847575
66.5,-115.5,419.2083929082078
66.5,-114.5,419.204467014895
66.5,-113.5,419.1863211284567
66.5,-112.5,419.1944942822447
66.5,-111.5,419.1701072194934
66.5,-110.5,419.2084118409662
66.5,-109.5,419.19956564797934
66.5,-108.5,419.20624664986485
66.5,-107.5,419.2323801761874
66.5,-106.5,419.23632103149214
66.5,-105.5,419.243768121215
66.5,-104.5,419.2412075119431
66.5,-103.5,419.2455792637219
66.5,-102.5,419.241830832623
66.5,-101.5,419.2573987292529
66.5,-100.5,419.2604556798755
66.5,-99.5,419.30802379202976
66.5,-98.5,419.3062279953598
66.5,-97.5,419.29918236458496
66.5,-96.5,419.288005375716
66.5,-95.5,419.2769060506808
66.5,-94.5,419.2041877349475
66.5,-93.5,419.1924006954587
66.5,-92.5,419.1809348444112
66.5,-91.5,419.1743405506894
66.5,-90.5,419.1343201550951
66.5,-89.5,419.1727701479219
66.5,-88.5,419.1538710842988
66.5,-87.5,419.1556781853316
66.5,-86.5,419.2388489264068
66.5,-85.5,419.2375735523484
66.5,-84.5,419.1929919552845
66.5,-83.5,419.22808481837
66.5,-82.5,419.22170806485167
66.5,-81.5,419.2174384726865
66.5,-80.5,419.2247889332285
66.5,-79.5,419.2211352471026
66.5,-78.5,419.2162982856656
66.5,-77.5,419.2128700531673
66.5,-76.5,419.2100726584123
66.5,-75.5,419.207156414415
66.5,-74.5,419.2034696564903
66.5,-73.5,419.20025844392177
66.5,-72.5,419.18430855317087
66.5,-71.5,419.17992093417314
66.5,-70.5,419.174082644761
66.5,-69.5,419.1621814479959
66.5,-68.5,419.1478905401481
66.5,-67.5,419.13272390874295
66.5,-66.5,418.8118624067519
66.5,-65.5,418.807158969974
66.5,-64.5,418.8717460004703
66.5,-63.5,418.87878602245
66.5,-62.5,419.0449598890153
66.5,-61.5,419.059716346619
66.5,-60.5,419.1692747164285
66.5,-59.5,419.1745544294653
66.5,-58.5,419.1756012308509
66.5,-57.5,419.17342166073416
66.5,-56.5,419.1668701878012
66.5,-55.5,419.1602413678656
66.5,-54.5,419.1313385620873
66.5,-53.5,419.09101117443794
66.5,-52.5,418.8522138115061
66.5,-51.5,418.8352256191641
66.5,-50.5,418.8173292791643
66.5,-49.5,418.7918918976012
66.5,-48.5,418.506715865874
66.5,-47.5,418.4849227685289
66.5,-46.5,418.463219876808
66.5,-45.5,418.2957022074201
66.5,-44.5,418.2866836776067
66.5,-43.5,418.2168317691665
66.5,-42.5,418.2223415134442
66.5,-41.5,418.37749073932014
66.5,-40.5,418.34797511446425
66.5,-39.5,418.6155836268441
66.5,-38.5,418.5075736267235
66.5,-37.5,418.8837699747242
66.5,-36.5,418.8968380378992
66.5,-35.5,419.0511713689969
66.5,-34.5,419.06374436469446
66.5,-33.5,419.04190309754114
66.5,-32.5,419.1312768914753
66.5,-31.5,419.1406634053562
66.5,-30.5,419.145870581264
66.5,-29.5,419.1357657611683
66.5,-28.5,419.15012006321774
66.5,-27.5,419.1361844188077
66.5,-26.5,419.13705512265045
66.5,-25.5,419.13853191992297
66.5,-24.5,419.1395180442602
66.5,-23.5,419.1405252748333
66.5,-22.5,419.1215193934841
66.5,-21.5,419.1220324597365
66.5,-20.5,419.12765585614096
66.5,-19.5,419.1277418718295
66.5,-18.5,419.1454047991113
66.5,-17.5,419.0908419950661
66.5,-16.5,419.1433307937253
66.5,-15.5,419.1483966865778
66.5,-14.5,419.1613963786765
66.5,-13.5,419.1690000502876
66.5,-12.5,419.1764811663609
66.5,-11.5,419.1842714092044
66.5,-10.5,419.1910895818947
66.5,-9.5,419.19736881597134
66.5,-8.5,419.2073727219276
66.5,-7.5,419.2128299684928
66.5,-6.5,419.2163468103541
66.5,-5.5,419.2188566774903
66.5,-4.5,419.2189695758671
66.5,-3.5,419.2188777395925
66.5,-2.5,419.2165710244975
66.5,-1.5,419.2171468919584
66.5,-0.5,419.2195668866461
66.5,0.5,419.2241808478789
66.5,1.5,419.2316359347379
66.5,2.5,419.2366636047353
66.5,3.5,419.2475295936016
66.5,4.5,419.2533380352522
66.5,5.5,419.2547962505722
66.5,6.5,419.2617610843785
66.5,7.5,419.2791700191044
66.5,8.5,419.2861741646348
66.5,9.5,419.2941003979696
66.5,10.5,419.292985211515
66.5,11.5,419.2751969054352
66.5,12.5,419.2622806849743
66.5,13.5,419.0839889072729
66.5,14.5,419.05782331389753
66.5,15.5,418.9328070355005
66.5,16.5,418.92590338099
66.5,17.5,419.0336186165684
66.5,18.5,418.9946333288663
66.5,19.5,419.11271671321305
66.5,20.5,419.1425769155516
66.5,21.5,419.2358970283983
66.5,22.5,419.2648529454744
66.5,23.5,419.3466611138487
66.5,24.5,419.35627105383287
66.5,25.5,419.3656338551036
66.5,26.5,419.3390720679377
66.5,27.5,419.3273693134233
66.5,28.5,419.2468009818812
66.5,29.5,419.2406577474516
66.5,30.5,419.2798952596471
66.5,31.5,419.27113881750233
66.5,32.5,419.32341135423394
66.5,33.5,419.33521406133696
66.5,34.5,419.36158195494414
66.5,35.5,419.36428310557983
66.5,36.5,419.34072916082334
66.5,37.5,419.3392156372344
66.5,38.5,419.29554715748776
66.5,39.5,419.3405982382974
66.5,40.5,419.3298535186816
66.5,41.5,419.3619746204086
66.5,42.5,419.38511021366025
66.5,43.5,419.3892680145705
66.5,44.5,419.37808708931937
66.5,45.5,419.3761179627077
66.5,46.5,419.3780557267149
66.5,47.5,419.369253869252
66.5,48.5,419.3605895725003
66.5,49.5,419.318658079818
66.5,50.5,419.3110349335616
66.5,51.5,419.3199616074471
66.5,52.5,419.3150642879018
66.5,53.5,419.3074944997224
66.5,54.5,419.3074018276976
66.5,55.5,419.3047362269013
66.5,56.5,419.3081411430857
66.5,57.5,419.34446044319736
66.5,58.5,419.337629153998
66.5,59.5,419.2952192112271
66.5,60.5,419.2798638684811
66.5,61.5,419.2631489013021
66.5,62.5,419.2558924704613
66.5,63.5,419.1764857225364
66.5,64.5,419.1910254186959
66.5,65.5,419.2464438422164
66.5,66.5,419.2591359474672
66.5,67.5,419.3494859040456
66.5,68.5,419.3513024865431
66.5,69.5,419.3444566938396
66.5,70.5,419.3464209681683
66.5,71.5,419.34840466243793
66.5,72.5,419.3455514521007
66.5,73.5,419.3301091863536
66.5,74.5,419.326526570874
66.5,75.5,419.32291385990527
66.5,76.5,419.321786619198
66.5,77.5,419.3123547418217
66.5,78.5,419.3083129976207
66.5,79.5,419.3092196029392
66.5,80.5,419.3016294424126
66.5,81.5,419.29603619449
66.5,82.5,419.2883938878604
66.5,83.5,419.2732740613021
66.5,84.5,419.2600198587701
66.5,85.5,419.2729209022313
66.5,86.5,419.272446319737
66.5,87.5,419.2524989098304
66.5,88.5,419.234449836366
66.5,89.5,419.179544189278
66.5,90.5,419.14547150358095
66.5,91.5,419.0806369149769
66.5,92.5,419.06387860427645
66.5,93.5,418.98382169339817
66.5,94.5,418.9736235742991
66.5,95.5,418.9384110134392
66.5,96.5,418.9373928674064
66.5,97.5,418.9368832834185
66.5,98.5,418.9449163572906
66.5,99.5,418.9599986324771
66.5,100.5,419.0301413901818
66.5,101.5,419.0488644618412
66.5,102.5,419.029910274088
66.5,103.5,419.0781619236171
66.5,104.5,419.08727809505314
66.5,105.5,419.0750029149695
66.5,106.5,419.069092199012
66.5,107.5,419.0739483484549
66.5,108.5,419.0418076436778
66.5,109.5,419.0493785259835
66.5,110.5,419.1624300726433
66.5,111.5,419.1221661546169
66.5,112.5,419.146378118232
66.5,113.5,419.1734243287934
66.5,114.5,419.188910973492
66.5,115.5,419.2110175756459
66.5,116.5,419.3068031160343
66.5,117.5,419.3317899409763
66.5,118.5,419.3834474347048
66.5,119.5,419.4057844098488
66.5,120.5,419.4282568182422
66.5,121.5,419.4693637825249
66.5,122.5,419.49750385259415
66.5,123.5,419.5766460667168
66.5,124.5,419.562434415292
66.5,125.5,419.3791291188333
66.5,126.5,419.2748630628502
66.5,127.5,418.9725333128352
66.5,128.5,418.9534691710069
66.5,129.5,419.03967205491614
66.5,130.5,419.0734515744279
66.5,131.5,419.3685729341037
66.5,132.5,419.32982821428686
66.5,133.5,419.3096304874898
66.5,134.5,419.3025013406004
66.5,135.5,419.2048695852592
66.5,136.5,419.1779172999465
66.5,137.5,419.12338919498814
66.5,138.5,419.08725173911887
66.5,139.5,418.8345186616594
66.5,140.5,418.8315037653029
66.5,141.5,419.2234566125519
66.5,142.5,419.2315970624174
66.5,143.5,419.0487534543824
66.5,144.5,419.0482318758237
66.5,145.5,419.2290064946873
66.5,146.5,419.24165274595146
66.5,147.5,419.3154912066627
66.5,148.5,419.3366014008137
66.5,149.5,419.40799399562246
66.5,150.5,419.4158972402933
66.5,151.5,419.40087481836895
66.5,152.5,419.3963871055712
66.5,153.5,419.3415010810364
66.5,154.5,419.33191826289686
66.5,155.5,419.2414378315276
66.5,156.5,419.3209357993804
66.5,157.5,419.3235569047857
66.5,158.5,419.32341244403983
66.5,159.5,419.2846757092357
66.5,160.5,419.2758756495898
66.5,161.5,419.2000497779385
66.5,162.5,419.31826664852144
66.5,163.5,419.1481511118121
66.5,164.5,419.1381633480147
66.5,165.5,419.1451213803815
66.5,166.5,419.1405268397365
66.5,167.5,419.0841228337534
66.5,168.5,419.0866279375202
66.5,169.5,419.0886987822674
66.5,170.5,419.166001008696
66.5,171.5,419.1714037155865
66.5,172.5,419.2270952933317
66.5,173.5,419.2222967851644
66.5,174.5,419.2272657753038
66.5,175.5,419.1740642932277
66.5,176.5,419.1983011100705
66.5,177.5,419.10869068782046
66.5,178.5,419.1661545259901
66.5,179.5,419.1621533410462
67.5,-179.5,419.1640450070095
67.5,-178.5,419.17366686723045
67.5,-177.5,419.2472623684162
67.5,-176.5,419.2499797477137
67.5,-175.5,419.25293461736703
67.5,-174.5,419.2769346054577
67.5,-173.5,419.2809573974327
67.5,-172.5,419.2890918791446
67.5,-171.5,419.2951450413326
67.5,-170.5,419.30125876839
67.5,-169.5,419.3078069715045
67.5,-168.5,419.3114237558476
67.5,-167.5,419.3119757267904
67.5,-166.5,419.3152413455224
67.5,-165.5,419.3061025578888
67.5,-164.5,419.3033603200553
67.5,-163.5,419.2684624678394
67.5,-162.5,419.26307536620266
67.5,-161.5,419.1878004020297
67.5,-160.5,419.1839852851666
67.5,-159.5,419.1798272323096
67.5,-158.5,419.2199139203863
67.5,-157.5,419.0607870471395
67.5,-156.5,419.04914330016254
67.5,-155.5,418.95839746766126
67.5,-154.5,418.9525711575716
67.5,-153.5,418.94638302991854
67.5,-152.5,419.0412614345536
67.5,-151.5,419.0342913460833
67.5,-150.5,418.93104385005614
67.5,-149.5,418.9238056971447
67.5,-148.5,418.97855179016017
67.5,-147.5,418.9871108969479
67.5,-146.5,419.0379705155118
67.5,-145.5,419.0355341649213
67.5,-144.5,419.1621187121322
67.5,-143.5,419.1632378616286
67.5,-142.5,419.0979002880805
67.5,-141.5,419.1026969489682
67.5,-140.5,419.10062859565886
67.5,-139.5,419.0963389605791
67.5,-138.5,419.0781373535104
67.5,-137.5,419.0786158737271
67.5,-136.5,419.0919047136409
67.5,-135.5,419.1028703359388
67.5,-134.5,419.2537794185748
67.5,-133.5,419.26561135796175
67.5,-132.5,419.27742035740016
67.5,-131.5,419.2516709146705
67.5,-130.5,419.25210876387496
67.5,-129.5,419.27084857207416
67.5,-128.5,419.2232311137301
67.5,-127.5,419.21861842675503
67.5,-126.5,419.2138491467743
67.5,-125.5,419.2067950245579
67.5,-124.5,419.2104869830354
67.5,-123.5,419.2235790180206
67.5,-122.5,419.2265700196794
67.5,-121.5,419.2431407163697
67.5,-120.5,419.24441811567135
67.5,-119.5,419.2126093089748
67.5,-118.5,419.2127284305154
67.5,-117.5,419.2532155247294
67.5,-116.5,419.25803987791846
67.5,-115.5,419.2629550566165
67.5,-114.5,419.3076129626057
67.5,-113.5,419.3099448215193
67.5,-112.5,419.3147592873969
67.5,-111.5,419.3154496048432
67.5,-110.5,419.3163337494999
67.5,-109.5,419.315642347476
67.5,-108.5,419.3168289039431
67.5,-107.5,419.2914784456759
67.5,-106.5,419.29000023795146
67.5,-105.5,419.2534438621184
67.5,-104.5,419.2547245202112
67.5,-103.5,419.2562567021339
67.5,-102.5,419.3412880385976
67.5,-101.5,419.2908220761277
67.5,-100.5,419.3150728840332
67.5,-99.5,419.3156116654317
67.5,-98.5,419.3162193418912
67.5,-97.5,419.3297365031633
67.5,-96.5,419.3232904731392
67.5,-95.5,419.291720107158
67.5,-94.5,419.2778593960809
67.5,-93.5,419.2445424061394
67.5,-92.5,419.2312337875729
67.5,-91.5,419.1831800983397
67.5,-90.5,419.1766620608448
67.5,-89.5,419.1720307221576
67.5,-88.5,419.1716653675397
67.5,-87.5,419.1715136476414
67.5,-86.5,419.2074512374059
67.5,-85.5,419.1363456685935
67.5,-84.5,419.1273513390534
67.5,-83.5,419.15297318472193
67.5,-82.5,419.1504358828133
67.5,-81.5,419.1479467578884
67.5,-80.5,419.2161242521122
67.5,-79.5,419.2141384972836
67.5,-78.5,419.2093047767996
67.5,-77.5,419.2054933708359
67.5,-76.5,419.1986218033616
67.5,-75.5,419.19544578164056
67.5,-74.5,419.1947317616019
67.5,-73.5,419.1904133512945
67.5,-72.5,419.1792605384365
67.5,-71.5,419.17278953884335
67.5,-70.5,419.1051248420411
67.5,-69.5,419.0927320138063
67.5,-68.5,418.9620403109414
67.5,-67.5,418.94466397333593
67.5,-66.5,418.79863128790953
67.5,-65.5,418.8042003822707
67.5,-64.5,418.9728675760583
67.5,-63.5,418.99001179834187
67.5,-62.5,419.1656011354616
67.5,-61.5,419.1722398157452
67.5,-60.5,419.179012546032
67.5,-59.5,419.1711474186608
67.5,-58.5,419.1702597046793
67.5,-57.5,419.1680814582717
67.5,-56.5,419.1652365035642
67.5,-55.5,419.1606647265858
67.5,-54.5,419.15626565207134
67.5,-53.5,419.0875309007952
67.5,-52.5,419.07849478709807
67.5,-51.5,419.0465057354209
67.5,-50.5,419.0219149106071
67.5,-49.5,418.753330354246
67.5,-48.5,418.7259938333221
67.5,-47.5,418.4576994404405
67.5,-46.5,418.4391433324827
67.5,-45.5,418.2748120304924
67.5,-44.5,418.267540667638
67.5,-43.5,418.26016008177936
67.5,-42.5,418.1863116741537
67.5,-41.5,418.1866098884144
67.5,-40.5,418.2106860346299
67.5,-39.5,418.2105508771513
67.5,-38.5,418.2101365415474
67.5,-37.5,418.0771979669511
67.5,-36.5,418.08547247941993
67.5,-35.5,418.42363270634974
67.5,-34.5,418.45962885650295
67.5,-33.5,419.06957418903545
67.5,-32.5,419.0904516712433
67.5,-31.5,419.1111265013625
67.5,-30.5,419.1420337112517
67.5,-29.5,419.1475216752498
67.5,-28.5,419.1450354053201
67.5,-27.5,419.1470538678335
67.5,-26.5,419.1490654342078
67.5,-25.5,419.1467362692848
67.5,-24.5,419.14706058393256
67.5,-23.5,419.1423838222352
67.5,-22.5,419.14186089260886
67.5,-21.5,419.15095038862586
67.5,-20.5,419.13752952092574
67.5,-19.5,419.1386309348779
67.5,-18.5,419.1402364943681
67.5,-17.5,419.1446696061048
67.5,-16.5,419.1481837969717
67.5,-15.5,419.1516762753951
67.5,-14.5,419.1564518508229
67.5,-13.5,419.1603637171684
67.5,-12.5,419.16437884527295
67.5,-11.5,419.1683519911072
67.5,-10.5,419.1734141605
67.5,-9.5,419.1784039223529
67.5,-8.5,419.18544833203407
67.5,-7.5,419.1906260000856
67.5,-6.5,419.1952824985132
67.5,-5.5,419.19753572319314
67.5,-4.5,419.1974310954696
67.5,-3.5,419.1977662929685
67.5,-2.5,419.19605742645774
67.5,-1.5,419.1955038297019
67.5,-0.5,419.1954070778835
67.5,0.5,419.196475123108
67.5,1.5,419.19661230862766
67.5,2.5,419.19929600264174
67.5,3.5,419.2041187415412
67.5,4.5,419.2085463841981
67.5,5.5,419.213660036677
67.5,6.5,419.2199891317442
67.5,7.5,419.2302499870175
67.5,8.5,419.2371589788462
67.5,9.5,419.2523213057093
67.5,10.5,419.25431034550695
67.5,11.5,419.2567794476216
67.5,12.5,419.2477945195865
67.5,13.5,419.2360454280336
67.5,14.5,419.1206353954242
67.5,15.5,418.8738206968098
67.5,16.5,418.8674126691494
67.5,17.5,418.86102973012737
67.5,18.5,418.9614422558293
67.5,19.5,418.9769569222468
67.5,20.5,419.0948284549361
67.5,21.5,419.1200426651542
67.5,22.5,419.22415277906686
67.5,23.5,419.2502771699839
67.5,24.5,419.3209706610306
67.5,25.5,419.3298629648853
67.5,26.5,419.32738877579567
67.5,27.5,419.3182011607535
67.5,28.5,419.3090831968908
67.5,29.5,419.235010155957
67.5,30.5,419.2361329245921
67.5,31.5,419.256832538128
67.5,32.5,419.2625570010313
67.5,33.5,419.2681929981357
67.5,34.5,419.2651143021368
67.5,35.5,419.2604251199283
67.5,36.5,419.2615795468161
67.5,37.5,419.2639316274603
67.5,38.5,419.26571836733
67.5,39.5,419.27555020352
67.5,40.5,419.28534222155
67.5,41.5,419.36475585909466
67.5,42.5,419.37229360946736
67.5,43.5,419.3672170948285
67.5,44.5,419.3670061307652
67.5,45.5,419.3667532079792
67.5,46.5,419.3775011144446
67.5,47.5,419.3731303442383
67.5,48.5,419.32255472732027
67.5,49.5,419.31343188232927
67.5,50.5,419.3211427795669
67.5,51.5,419.3137247357972
67.5,52.5,419.3065794130607
67.5,53.5,419.3014367685043
67.5,54.5,419.286279227624
67.5,55.5,419.2848008613767
67.5,56.5,419.2833375941166
67.5,57.5,419.2900207222853
67.5,58.5,419.28283998312776
67.5,59.5,419.2804422561916
67.5,60.5,419.26862820822265
67.5,61.5,419.2609228775604
67.5,62.5,419.2535961976221
67.5,63.5,419.21317702943
67.5,64.5,419.2103989214492
67.5,65.5,419.0982362404586
67.5,66.5,419.10278267679735
67.5,67.5,419.25473784227
67.5,68.5,419.2683340470397
67.5,69.5,419.3120230302583
67.5,70.5,419.3188618964796
67.5,71.5,419.3262056670176
67.5,72.5,419.32452229145207
67.5,73.5,419.3214657805741
67.5,74.5,419.3172444261421
67.5,75.5,419.2987645631419
67.5,76.5,419.2937566900043
67.5,77.5,419.2892193295575
67.5,78.5,419.2849773453696
67.5,79.5,419.2824563187783
67.5,80.5,419.2783564910486
67.5,81.5,419.2680632192169
67.5,82.5,419.26609096015056
67.5,83.5,419.2643878948451
67.5,84.5,419.26999798336834
67.5,85.5,419.2735662584618
67.5,86.5,419.2798808970771
67.5,87.5,419.1675421414027
67.5,88.5,419.14796354094415
67.5,89.5,419.128775506509
67.5,90.5,419.0613441019822
67.5,91.5,419.0370115944141
67.5,92.5,418.9527618151323
67.5,93.5,418.9388242518369
67.5,94.5,418.9738656107526
67.5,95.5,418.96868973631297
67.5,96.5,418.9229736367348
67.5,97.5,418.929863690783
67.5,98.5,418.9905827047119
67.5,99.5,419.018105194658
67.5,100.5,419.0458125196553
67.5,101.5,419.1988372084349
67.5,102.5,419.21505253688207
67.5,103.5,419.1399429434504
67.5,104.5,419.1435715893213
67.5,105.5,419.1471969642328
67.5,106.5,419.17254188238127
67.5,107.5,419.1811752836144
67.5,108.5,419.2010555239056
67.5,109.5,419.205220324101
67.5,110.5,419.1997819178353
67.5,111.5,419.2053359106766
67.5,112.5,419.211012928118
67.5,113.5,419.23071699360304
67.5,114.5,419.2459754875142
67.5,115.5,419.29512383013696
67.5,116.5,419.3136647829892
67.5,117.5,419.3322708127744
67.5,118.5,419.35167521779033
67.5,119.5,419.3684484287132
67.5,120.5,419.39646473005234
67.5,121.5,419.4222877676767
67.5,122.5,419.5097157330204
67.5,123.5,419.52599838809823
67.5,124.5,419.4941644571703
67.5,125.5,419.4511955060217
67.5,126.5,419.0525137546066
67.5,127.5,419.0173287328895
67.5,128.5,418.98248912500287
67.5,129.5,419.04506200313415
67.5,130.5,419.2566128759314
67.5,131.5,419.3004244549997
67.5,132.5,419.4055437777085
67.5,133.5,419.4117339900938
67.5,134.5,419.4179363412938
67.5,135.5,419.37969204128274
67.5,136.5,419.3553737669579
67.5,137.5,419.17218221865727
67.5,138.5,419.14208604255487
67.5,139.5,419.06435845198325
67.5,140.5,419.06688140310274
67.5,141.5,419.2835035946952
67.5,142.5,419.3003213914359
67.5,143.5,419.238242290458
67.5,144.5,419.2416427557551
67.5,145.5,419.4249526529469
67.5,146.5,419.4205908228957
67.5,147.5,419.3300611583627
67.5,148.5,419.3331042616544
67.5,149.5,419.3778619802848
67.5,150.5,419.3835046380816
67.5,151.5,419.4164245834402
67.5,152.5,419.4172699791603
67.5,153.5,419.4260446162874
67.5,154.5,419.421554862874
67.5,155.5,419.4175553744709
67.5,156.5,419.3845243377118
67.5,157.5,419.3769858685819
67.5,158.5,419.32469155122817
67.5,159.5,419.3007509221962
67.5,160.5,419.2964358112277
67.5,161.5,419.2920721005551
67.5,162.5,419.30855396960953
67.5,163.5,419.2952993728425
67.5,164.5,419.2345040845491
67.5,165.5,419.2169998316335
67.5,166.5,419.0721215067746
67.5,167.5,419.0777258377984
67.5,168.5,419.0738155815844
67.5,169.5,419.0773190166067
67.5,170.5,419.1357702109138
67.5,171.5,419.14125571140687
67.5,172.5,419.1403515406653
67.5,173.5,419.1565897195972
67.5,174.5,419.14194112463616
67.5,175.5,419.0255551610175
67.5,176.5,419.01444378169646
67.5,177.5,419.0033582108517
67.5,178.5,418.9884496514624
67.5,179.5,418.9937247722722
68.5,-179.5,419.1199369344476
68.5,-178.5,419.2759215395937
68.5,-177.5,419.2787250029711
68.5,-176.5,419.2818520756852
68.5,-175.5,419.2801297167496
68.5,-174.5,419.2799867975937
68.5,-173.5,419.2813590818409
68.5,-172.5,419.28614854658247
68.5,-171.5,419.294107183581
68.5,-170.5,419.30465153917066
68.5,-169.5,419.3128824829338
68.5,-168.5,419.3156152620584
68.5,-167.5,419.3183526575618
68.5,-166.5,419.293010054248
68.5,-165.5,419.2885924310574
68.5,-164.5,419.1867795148283
68.5,-163.5,419.178388834343
68.5,-162.5,419.1699650857621
68.5,-161.5,419.0867131457188
68.5,-160.5,419.08181309789336
68.5,-159.5,419.09026279095
68.5,-158.5,419.0905664666711
68.5,-157.5,419.08091164775885
68.5,-156.5,419.07869892797896
68.5,-155.5,418.9570474207272
68.5,-154.5,418.9517333234679
68.5,-153.5,419.1096522857054
68.5,-152.5,419.099922753242
68.5,-151.5,418.909947423185
68.5,-150.5,418.89572526256393
68.5,-149.5,418.88170469110486
68.5,-148.5,418.9350634301254
68.5,-147.5,418.7646389007269
68.5,-146.5,418.7647635698525
68.5,-145.5,418.7647787930477
68.5,-144.5,418.90947522525073
68.5,-143.5,418.91993087741696
68.5,-142.5,418.9468653285873
68.5,-141.5,418.9623242176573
68.5,-140.5,418.9776548571176
68.5,-139.5,419.03602997175926
68.5,-138.5,419.0836179359196
68.5,-137.5,419.0934705422976
68.5,-136.5,419.1034701065
68.5,-135.5,419.27137096473547
68.5,-134.5,419.2792146616647
68.5,-133.5,419.261412586445
68.5,-132.5,419.2637950906504
68.5,-131.5,419.23158265138017
68.5,-130.5,419.22476035794
68.5,-129.5,419.1699584275464
68.5,-128.5,419.1694591322715
68.5,-127.5,419.2227902421682
68.5,-126.5,419.1908362332841
68.5,-125.5,419.2009487818451
68.5,-124.5,419.2047242357777
68.5,-123.5,419.2084559510448
68.5,-122.5,419.2085306431333
68.5,-121.5,419.2080300021959
68.5,-120.5,419.16926549107546
68.5,-119.5,419.1743874078263
68.5,-118.5,419.1794815895336
68.5,-117.5,419.224440412033
68.5,-116.5,419.2926153889316
68.5,-115.5,419.2980805469755
68.5,-114.5,419.3049043151038
68.5,-113.5,419.3358775035568
68.5,-112.5,419.3370772321386
68.5,-111.5,419.3336194553956
68.5,-110.5,419.3352861316661
68.5,-109.5,419.3368088873649
68.5,-108.5,419.3404805084692
68.5,-107.5,419.3415550750907
68.5,-106.5,419.3273537253963
68.5,-105.5,419.3281081348951
68.5,-104.5,419.32904601210976
68.5,-103.5,419.3537273492653
68.5,-102.5,419.3553732954694
68.5,-101.5,419.3553269684266
68.5,-100.5,419.3544739376411
68.5,-99.5,419.3451126584722
68.5,-98.5,419.3444551181787
68.5,-97.5,419.337041373372
68.5,-96.5,419.3312859451572
68.5,-95.5,419.3255842473918
68.5,-94.5,419.3166674558004
68.5,-93.5,419.3063001506304
68.5,-92.5,419.2435527845161
68.5,-91.5,419.23676062884687
68.5,-90.5,419.2300882184224
68.5,-89.5,419.245232884097
68.5,-88.5,419.24345242417024
68.5,-87.5,419.26979156775263
68.5,-86.5,419.2617728928196
68.5,-85.5,419.1775451672806
68.5,-84.5,419.166206074177
68.5,-83.5,419.16690420074
68.5,-82.5,419.1645623927528
68.5,-81.5,419.2215339888854
68.5,-80.5,419.2198616812095
68.5,-79.5,419.2150456326534
68.5,-78.5,419.2105081042308
68.5,-77.5,419.2059088635849
68.5,-76.5,419.20110481003314
68.5,-75.5,419.23483023695314
68.5,-74.5,419.1873711505007
68.5,-73.5,419.1798854607348
68.5,-72.5,419.1284410110971
68.5,-71.5,419.1207954413169
68.5,-70.5,419.0994682251031
68.5,-69.5,419.0963297990021
68.5,-68.5,419.093197238156
68.5,-67.5,419.1196724060212
68.5,-66.5,419.1693323936423
68.5,-65.5,419.175637297556
68.5,-64.5,419.1822985649412
68.5,-63.5,419.1816792272584
68.5,-62.5,419.1810337933324
68.5,-61.5,419.1767092526296
68.5,-60.5,419.1752960109201
68.5,-59.5,419.215588045345
68.5,-58.5,419.1636059373087
68.5,-57.5,419.16021863943325
68.5,-56.5,419.1581469374791
68.5,-55.5,419.16023821092415
68.5,-54.5,419.157924983847
68.5,-53.5,419.1488214960604
68.5,-52.5,419.1377855607794
68.5,-51.5,419.1268348632563
68.5,-50.5,418.91404017184857
68.5,-49.5,418.88631049002095
68.5,-48.5,418.5713405196683
68.5,-47.5,418.5469365143501
68.5,-46.5,418.5223995653565
68.5,-45.5,418.38410919851583
68.5,-44.5,418.3166580793591
68.5,-43.5,418.2217294932934
68.5,-42.5,418.2143140889996
68.5,-41.5,418.1137541805596
68.5,-40.5,418.109796873775
68.5,-39.5,418.0570037653828
68.5,-38.5,418.0571932104063
68.5,-37.5,418.0572226992599
68.5,-36.5,418.0592025446985
68.5,-35.5,418.077745327133
68.5,-34.5,418.57398424090064
68.5,-33.5,418.603634068561
68.5,-32.5,418.63284935574745
68.5,-31.5,418.9267612231806
68.5,-30.5,418.94100153280914
68.5,-29.5,419.06194848362
68.5,-28.5,419.07089119678665
68.5,-27.5,418.833419713171
68.5,-26.5,419.1393921896116
68.5,-25.5,419.1445340166365
68.5,-24.5,419.15501855511593
68.5,-23.5,419.1653419022769
68.5,-22.5,419.1484752564547
68.5,-21.5,419.1469132341308
68.5,-20.5,419.13685505125727
68.5,-19.5,419.1364849197613
68.5,-18.5,419.13617810613385
68.5,-17.5,419.138736067639
68.5,-16.5,419.14143055988615
68.5,-15.5,419.1462970996128
68.5,-14.5,419.1488248403976
68.5,-13.5,419.1521160121696
68.5,-12.5,419.1551484747158
68.5,-11.5,419.1740433737713
68.5,-10.5,419.1625894139856
68.5,-9.5,419.1689605151816
68.5,-8.5,419.1720223354987
68.5,-7.5,419.17676925174334
68.5,-6.5,419.17799451386327
68.5,-5.5,419.1791768612167
68.5,-4.5,419.1762465498624
68.5,-3.5,419.1747684624884
68.5,-2.5,419.173189616767
68.5,-1.5,419.1714720789308
68.5,-0.5,419.1700514006637
68.5,0.5,419.170008336744
68.5,1.5,419.1732083249929
68.5,2.5,419.17555635225295
68.5,3.5,419.17775919327255
68.5,4.5,419.1813768921684
68.5,5.5,419.1866551671716
68.5,6.5,419.1924521793713
68.5,7.5,419.1981472470891
68.5,8.5,419.2063176361704
68.5,9.5,419.2127768363461
68.5,10.5,419.2233097937912
68.5,11.5,419.2262824337588
68.5,12.5,419.2257155568336
68.5,13.5,419.22018238271295
68.5,14.5,419.1618713973749
68.5,15.5,419.1480746436494
68.5,16.5,418.9882004046551
68.5,17.5,418.9792074504115
68.5,18.5,418.9528068787075
68.5,19.5,418.9612702649201
68.5,20.5,418.96978905354
68.5,21.5,419.0436643658149
68.5,22.5,419.0613513117909
68.5,23.5,419.1280944381385
68.5,24.5,419.14852452687313
68.5,25.5,419.1687815744268
68.5,26.5,419.2455758841965
68.5,27.5,419.2676240301055
68.5,28.5,419.24093203872366
68.5,29.5,419.2393429868108
68.5,30.5,419.231516975801
68.5,31.5,419.2366287216685
68.5,32.5,419.2756916424494
68.5,33.5,419.2760234147526
68.5,34.5,419.27631637710033
68.5,35.5,419.2675008760371
68.5,36.5,419.2702474845997
68.5,37.5,419.3062066461183
68.5,38.5,419.3139827688225
68.5,39.5,419.321838201947
68.5,40.5,419.3668703889403
68.5,41.5,419.3721575151512
68.5,42.5,419.3640576995784
68.5,43.5,419.3617259863887
68.5,44.5,419.3607954563792
68.5,45.5,419.3356256737174
68.5,46.5,419.3588367084771
68.5,47.5,419.35653624766
68.5,48.5,419.3541879115784
68.5,49.5,419.3462660624528
68.5,50.5,419.339713321902
68.5,51.5,419.3168534139318
68.5,52.5,419.3101174968248
68.5,53.5,419.3034524910337
68.5,54.5,419.2989257961909
68.5,55.5,419.29484001882975
68.5,56.5,419.29740623535935
68.5,57.5,419.29485315418617
68.5,58.5,419.2805685128405
68.5,59.5,419.2781034955871
68.5,60.5,419.2682822660379
68.5,61.5,419.2636008520215
68.5,62.5,419.23571827509
68.5,63.5,419.23134357780407
68.5,64.5,419.1620883569203
68.5,65.5,419.1636398580667
68.5,66.5,419.16552862816326
68.5,67.5,419.2852961226086
68.5,68.5,419.2848019344962
68.5,69.5,419.2899693093689
68.5,70.5,419.2952282864251
68.5,71.5,419.3021492314509
68.5,72.5,419.303223908655
68.5,73.5,419.3122985991127
68.5,74.5,419.3099108519302
68.5,75.5,419.3075849369434
68.5,76.5,419.2976362850819
68.5,77.5,419.285553537395
68.5,78.5,419.2816974322996
68.5,79.5,419.2780470154415
68.5,80.5,419.2702272861254
68.5,81.5,419.2715927640489
68.5,82.5,419.2616089938673
68.5,83.5,419.26408434397
68.5,84.5,419.27485513089016
68.5,85.5,419.2753561002618
68.5,86.5,419.2109998013472
68.5,87.5,419.2024768294376
68.5,88.5,419.2389708714837
68.5,89.5,419.2170160891732
68.5,90.5,419.059014793926
68.5,91.5,419.02604856386006
68.5,92.5,418.9931314230692
68.5,93.5,418.8596090078803
68.5,94.5,418.84654445796747
68.5,95.5,418.7743096378936
68.5,96.5,418.78196981701615
68.5,97.5,418.7898551660656
68.5,98.5,418.9015919811832
68.5,99.5,418.8995531834296
68.5,100.5,419.0329346098429
68.5,101.5,419.06927606711866
68.5,102.5,419.2197406956891
68.5,103.5,419.2382479851597
68.5,104.5,419.2534512490975
68.5,105.5,419.2593447433898
68.5,106.5,419.26526765373023
68.5,107.5,419.3013634248803
68.5,108.5,419.3041820803977
68.5,109.5,419.26249790797374
68.5,110.5,419.2647006159669
68.5,111.5,419.26678012365215
68.5,112.5,419.28269298839183
68.5,113.5,419.2933536527858
68.5,114.5,419.33158829992897
68.5,115.5,419.3464229824814
68.5,116.5,419.3665786500525
68.5,117.5,419.370243009668
68.5,118.5,419.3680582831631
68.5,119.5,419.3807742124076
68.5,120.5,419.3935873464242
68.5,121.5,419.4600845794443
68.5,122.5,419.4812161252742
68.5,123.5,419.5191726134869
68.5,124.5,419.499374480322
68.5,125.5,419.4799102386027
68.5,126.5,419.19808398342553
68.5,127.5,419.1458277811988
68.5,128.5,418.9242465320579
68.5,129.5,418.917731141334
68.5,130.5,419.1823141193885
68.5,131.5,419.2238013201687
68.5,132.5,419.3896826327373
68.5,133.5,419.4055869790248
68.5,134.5,419.4233871266996
68.5,135.5,419.4063047835417
68.5,136.5,419.189694085058
68.5,137.5,419.1658992065593
68.5,138.5,419.1423297459168
68.5,139.5,419.1865882557497
68.5,140.5,419.2773715807916
68.5,141.5,419.29669130890494
68.5,142.5,419.3159755340884
68.5,143.5,419.4523290015552
68.5,144.5,419.45976264723686
68.5,145.5,419.4291672231816
68.5,146.5,419.4188758641492
68.5,147.5,419.4086595246718
68.5,148.5,419.3932455580828
68.5,149.5,419.391888416358
68.5,150.5,419.39306467437626
68.5,151.5,419.3941771117014
68.5,152.5,419.37465683493207
68.5,153.5,419.3905434579938
68.5,154.5,419.3961131295076
68.5,155.5,419.3944884862109
68.5,156.5,419.3899109232318
68.5,157.5,419.3861208073817
68.5,158.5,419.38652469384
68.5,159.5,419.3816565042846
68.5,160.5,419.3896920872396
68.5,161.5,419.3800854529094
68.5,162.5,419.2925458524634
68.5,163.5,419.273606155356
68.5,164.5,419.2546744732608
68.5,165.5,419.1115432311813
68.5,166.5,419.1090172247667
68.5,167.5,419.2287303883616
68.5,168.5,419.24065455616346
68.5,169.5,419.2527364666482
68.5,170.5,419.2636280792154
68.5,171.5,419.3355128114813
68.5,172.5,419.2261545520209
68.5,173.5,419.2120434555264
68.5,174.5,419.0807767288845
68.5,175.5,419.0638476701275
68.5,176.5,418.9897023045852
68.5,177.5,418.9882328270081
68.5,178.5,418.986868287387
68.5,179.5,419.1084164737239
69.5,-179.5,419.3079350934784
69.5,-178.5,419.30806631558056
69.5,-177.5,419.29584392032
69.5,-176.5,419.2913032568553
69.5,-175.5,419.2827554812484
69.5,-174.5,419.2802899314447
69.5,-173.5,419.2779022472881
69.5,-172.5,419.2820199597217
69.5,-171.5,419.2844697244327
69.5,-170.5,419.2954814729338
69.5,-169.5,419.3014673553849
69.5,-168.5,419.3073950474346
69.5,-167.5,419.3187133530953
69.5,-166.5,419.3205219605048
69.5,-165.5,419.31742360089714
69.5,-164.5,419.3127428177391
69.5,-163.5,419.3147325341022
69.5,-162.5,419.3120305978965
69.5,-161.5,419.3093703516543
69.5,-160.5,419.23484015173824
69.5,-159.5,419.2351013484973
69.5,-158.5,419.2368913222091
69.5,-157.5,419.2409103942432
69.5,-156.5,419.2450409385404
69.5,-155.5,419.3033382753789
69.5,-154.5,419.2897555138522
69.5,-153.5,419.284058283664
69.5,-152.5,419.2785361554449
69.5,-151.5,419.24058586504646
69.5,-150.5,419.22475038650833
69.5,-149.5,419.21924705693976
69.5,-148.5,419.2024843708088
69.5,-147.5,419.1860835386519
69.5,-146.5,418.9248195350556
69.5,-145.5,418.9169114007049
69.5,-144.5,419.1044292529929
69.5,-143.5,419.1070006439082
69.5,-142.5,418.940620746937
69.5,-141.5,418.9540303372727
69.5,-140.5,419.2360454221972
69.5,-139.5,419.250390809193
69.5,-138.5,419.2648551766184
69.5,-137.5,419.2999750643853
69.5,-136.5,419.31153578777327
69.5,-135.5,419.31151502302686
69.5,-134.5,419.3119150128596
69.5,-133.5,419.3122733845855
69.5,-132.5,419.3023273546788
69.5,-131.5,419.223838572859
69.5,-130.5,419.214076236159
69.5,-129.5,419.2042486906532
69.5,-128.5,419.06093677747526
69.5,-127.5,419.0623275969763
69.5,-126.5,419.2833172962789
69.5,-125.5,419.2898550994519
69.5,-124.5,419.2965736522009
69.5,-123.5,419.23926653087466
69.5,-122.5,419.2403153604016
69.5,-121.5,419.18068663217207
69.5,-120.5,419.1817875399008
69.5,-119.5,419.30519988858464
69.5,-118.5,419.3088480048548
69.5,-117.5,419.31241302118536
69.5,-116.5,419.289822875289
69.5,-115.5,419.2870353067496
69.5,-114.5,419.240436897137
69.5,-113.5,419.2363332225634
69.5,-112.5,419.2794364655943
69.5,-111.5,419.2134162662522
69.5,-110.5,419.2147641476573
69.5,-109.5,419.2578823896077
69.5,-108.5,419.25425822937393
69.5,-107.5,419.2598443195225
69.5,-106.5,419.3136749110573
69.5,-105.5,419.29337247326566
69.5,-104.5,419.29697148311465
69.5,-103.5,419.3140273063624
69.5,-102.5,419.31723611089967
69.5,-101.5,419.3203425214925
69.5,-100.5,419.33411802460097
69.5,-99.5,419.33420182018494
69.5,-98.5,419.3305386370329
69.5,-97.5,419.3265011696981
69.5,-96.5,419.3224380370699
69.5,-95.5,419.3180712863042
69.5,-94.5,419.3106983899679
69.5,-93.5,419.2754375071203
69.5,-92.5,419.268942117324
69.5,-91.5,419.2940355275032
69.5,-90.5,419.2906864671528
69.5,-89.5,419.287384670296
69.5,-88.5,419.2825590645924
69.5,-87.5,419.2759621830018
69.5,-86.5,419.2435550069874
69.5,-85.5,419.23375243300205
69.5,-84.5,419.22392148858825
69.5,-83.5,419.206906563334
69.5,-82.5,419.2281447344948
69.5,-81.5,419.2253079304815
69.5,-80.5,419.2224110147667
69.5,-79.5,419.217760033841
69.5,-78.5,419.2115313711537
69.5,-77.5,419.187534722761
69.5,-76.5,419.17354144909
69.5,-75.5,419.1595581055917
69.5,-74.5,419.1034750542093
69.5,-73.5,419.09172876234027
69.5,-72.5,418.9357043789882
69.5,-71.5,418.9330573440876
69.5,-70.5,418.8926863081948
69.5,-69.5,418.8968779814899
69.5,-68.5,419.0609141354236
69.5,-67.5,419.0725932234784
69.5,-66.5,419.0843644625768
69.5,-65.5,419.1830249768463
69.5,-64.5,419.18730883324895
69.5,-63.5,419.18377975961016
69.5,-62.5,419.1814935671499
69.5,-61.5,419.17927393185823
69.5,-60.5,419.1713880939674
69.5,-59.5,419.164829507978
69.5,-58.5,419.1607283917504
69.5,-57.5,419.2023153923562
69.5,-56.5,419.1489461594382
69.5,-55.5,419.14404958628336
69.5,-54.5,418.9710761488428
69.5,-53.5,418.9661190979076
69.5,-52.5,418.9611683076938
69.5,-51.5,419.1224242235537
69.5,-50.5,419.1100434922637
69.5,-49.5,418.7936660428699
69.5,-48.5,418.76523471309
69.5,-47.5,418.4337805948388
69.5,-46.5,418.41299899218006
69.5,-45.5,418.3920775568085
69.5,-44.5,418.2140952890468
69.5,-43.5,418.1988889065447
69.5,-42.5,418.0666374279595
69.5,-41.5,418.06033426613874
69.5,-40.5,418.05388606674455
69.5,-39.5,417.9636141446756
69.5,-38.5,417.9625575000834
69.5,-37.5,417.9943934156877
69.5,-36.5,418.00006384352895
69.5,-35.5,418.00732477034114
69.5,-34.5,418.2493226880602
69.5,-33.5,418.1494910557131
69.5,-32.5,418.16206287563455
69.5,-31.5,418.2753159280812
69.5,-30.5,418.2941819270885
69.5,-29.5,418.3129366437374
69.5,-28.5,418.4730797511721
69.5,-27.5,418.495052419989
69.5,-26.5,418.80142652930834
69.5,-25.5,418.823464062972
69.5,-24.5,418.8454411266991
69.5,-23.5,419.1439144442448
69.5,-22.5,419.1584203598308
69.5,-21.5,419.1552708168061
69.5,-20.5,419.1543723379445
69.5,-19.5,419.1544077429925
69.5,-18.5,419.1535857315189
69.5,-17.5,419.1528935157776
69.5,-16.5,419.1513675352032
69.5,-15.5,419.1514737538754
69.5,-14.5,419.1507533720216
69.5,-13.5,419.1525846885202
69.5,-12.5,419.1544295380266
69.5,-11.5,419.1568343910712
69.5,-10.5,419.15805365750106
69.5,-9.5,419.15946784690266
69.5,-8.5,419.1608773276324
69.5,-7.5,419.16206709277856
69.5,-6.5,419.16234415842376
69.5,-5.5,419.1603378441762
69.5,-4.5,419.1597927806751
69.5,-3.5,419.1592263130764
69.5,-2.5,419.1585412148504
69.5,-1.5,419.1572120898049
69.5,-0.5,419.1555707649175
69.5,0.5,419.1557193905325
69.5,1.5,419.1595162903852
69.5,2.5,419.16162798520224
69.5,3.5,419.16340916936326
69.5,4.5,419.16710632688216
69.5,5.5,419.1707634977661
69.5,6.5,419.1774094721272
69.5,7.5,419.18202265249965
69.5,8.5,419.1874359702672
69.5,9.5,419.1939874620796
69.5,10.5,419.2004876171981
69.5,11.5,419.2131844797243
69.5,12.5,419.22501177027647
69.5,13.5,419.2246489638238
69.5,14.5,419.22431111380087
69.5,15.5,419.2261352096356
69.5,16.5,419.2200980966908
69.5,17.5,419.1733159301547
69.5,18.5,419.1653286088198
69.5,19.5,419.1576050517988
69.5,20.5,418.9777727475743
69.5,21.5,418.98100495343925
69.5,22.5,419.0483292529361
69.5,23.5,419.061255133796
69.5,24.5,419.1346275308588
69.5,25.5,419.150667562312
69.5,26.5,419.1666165709181
69.5,27.5,419.2272904616085
69.5,28.5,419.2378482701419
69.5,29.5,419.271526333769
69.5,30.5,419.28051133892046
69.5,31.5,419.28935108727126
69.5,32.5,419.3171732440669
69.5,33.5,419.3205320204958
69.5,34.5,419.2956532153929
69.5,35.5,419.34047512497307
69.5,36.5,419.34351342810834
69.5,37.5,419.3438719535624
69.5,38.5,419.351488869329
69.5,39.5,419.3534931900153
69.5,40.5,419.3547870930572
69.5,41.5,419.35286888862873
69.5,42.5,419.35076109266055
69.5,43.5,419.34197832752034
69.5,44.5,419.33850138746936
69.5,45.5,419.3385291603576
69.5,46.5,419.33579719788736
69.5,47.5,419.3329631172938
69.5,48.5,419.3239051532807
69.5,49.5,419.3200194953469
69.5,50.5,419.319781603333
69.5,51.5,419.3142267234291
69.5,52.5,419.3024238618912
69.5,53.5,419.3000225979074
69.5,54.5,419.2976143381769
69.5,55.5,419.29630256349367
69.5,56.5,419.2945110674478
69.5,57.5,419.291455455599
69.5,58.5,419.288028710237
69.5,59.5,419.28465886900665
69.5,60.5,419.2611270909782
69.5,61.5,419.23615798271
69.5,62.5,419.2390490874275
69.5,63.5,419.2421650239506
69.5,64.5,419.2749762415616
69.5,65.5,419.2810577514464
69.5,66.5,419.3008880421046
69.5,67.5,419.303147986894
69.5,68.5,419.30553725157085
69.5,69.5,419.3010669623099
69.5,70.5,419.30314314308265
69.5,71.5,419.3103441724027
69.5,72.5,419.3125118954989
69.5,73.5,419.3207691110256
69.5,74.5,419.3193688683921
69.5,75.5,419.3005585370552
69.5,76.5,419.2977560121566
69.5,77.5,419.295106201845
69.5,78.5,419.2882825763726
69.5,79.5,419.2866906008801
69.5,80.5,419.2840109510129
69.5,81.5,419.2876996745102
69.5,82.5,419.29178965728886
69.5,83.5,419.3130223897361
69.5,84.5,419.3193159790226
69.5,85.5,419.32905058154427
69.5,86.5,419.33932389691023
69.5,87.5,419.3984550044443
69.5,88.5,419.37874275051394
69.5,89.5,419.0782336511261
69.5,90.5,419.0309968970906
69.5,91.5,418.9840603857077
69.5,92.5,418.8347855969332
69.5,93.5,418.8097553717006
69.5,94.5,418.7557720007465
69.5,95.5,418.7563692981848
69.5,96.5,418.85100255469945
69.5,97.5,418.8684208723944
69.5,98.5,418.8864766954785
69.5,99.5,419.03354846785936
69.5,100.5,419.0596188873091
69.5,101.5,419.1911274758797
69.5,102.5,419.19967000085074
69.5,103.5,419.2080967773723
69.5,104.5,419.0943346109095
69.5,105.5,419.0838577469908
69.5,106.5,419.15723135734027
69.5,107.5,419.0642905867832
69.5,108.5,419.0693890441264
69.5,109.5,419.1805122370376
69.5,110.5,419.1682718565519
69.5,111.5,419.191029678525
69.5,112.5,419.2812295166257
69.5,113.5,419.30053028386914
69.5,114.5,419.3198750748938
69.5,115.5,419.3525948982029
69.5,116.5,419.3606973507789
69.5,117.5,419.3458186260044
69.5,118.5,419.3516149930492
69.5,119.5,419.357341628816
69.5,120.5,419.35280910444425
69.5,121.5,419.37079377186507
69.5,122.5,419.4843432036964
69.5,123.5,419.4884260954693
69.5,124.5,419.48776731032
69.5,125.5,419.4687457628265
69.5,126.5,419.4498404282728
69.5,127.5,419.1185174596546
69.5,128.5,419.09641201577375
69.5,129.5,419.1540157570595
69.5,130.5,419.18372589248906
69.5,131.5,419.21370921347614
69.5,132.5,419.4273740196183
69.5,133.5,419.4069497609645
69.5,134.5,419.39760499820073
69.5,135.5,419.3885846298586
69.5,136.5,419.284910900763
69.5,137.5,419.26363470831416
69.5,138.5,419.2331433580354
69.5,139.5,419.2296445071337
69.5,140.5,419.22678548856464
69.5,141.5,419.2867333301844
69.5,142.5,419.2971881495396
69.5,143.5,419.3634114374791
69.5,144.5,419.3659597958546
69.5,145.5,419.39634709322775
69.5,146.5,419.3904434333727
69.5,147.5,419.34661958756
69.5,148.5,419.3409310867589
69.5,149.5,419.33529807675467
69.5,150.5,419.366579679738
69.5,151.5,419.3652478540802
69.5,152.5,419.361252835964
69.5,153.5,419.3599113506972
69.5,154.5,419.3585655686725
69.5,155.5,419.3603256090884
69.5,156.5,419.3572366687886
69.5,157.5,419.3552678202941
69.5,158.5,419.3532278296999
69.5,159.5,419.3635602279982
69.5,160.5,419.35832453822815
69.5,161.5,419.34864812138926
69.5,162.5,419.34155752380514
69.5,163.5,419.3346008826557
69.5,164.5,419.2128942514532
69.5,165.5,419.2060759791009
69.5,166.5,419.3178057252841
69.5,167.5,419.3233981274881
69.5,168.5,419.35415242954207
69.5,169.5,419.3545696902534
69.5,170.5,419.3551704629502
69.5,171.5,419.24475875780615
69.5,172.5,419.23898677007975
69.5,173.5,419.2986821704027
69.5,174.5,419.29524686641537
69.5,175.5,419.2921025849711
69.5,176.5,419.304916485341
69.5,177.5,419.3010009599852
69.5,178.5,419.2140219139515
69.5,179.5,419.31078929506384
70.5,-179.5,419.2943007639439
70.5,-178.5,419.2912196234062
70.5,-177.5,419.2882486153864
70.5,-176.5,419.2835857129138
70.5,-175.5,419.2809325976341
70.5,-174.5,419.27643203381706
70.5,-173.5,419.2755806524729
70.5,-172.5,419.27474230012456
70.5,-171.5,419.2760174823068
70.5,-170.5,419.27976445675074
70.5,-169.5,419.2834567973881
70.5,-168.5,419.28974480150686
70.5,-167.5,419.30237113889694
70.5,-166.5,419.3096613893734
70.5,-165.5,419.31460664136864
70.5,-164.5,419.3220165814076
70.5,-163.5,419.3232063072621
70.5,-162.5,419.3243056168653
70.5,-161.5,419.32422915749146
70.5,-160.5,419.3243643301873
70.5,-159.5,419.32451151687496
70.5,-158.5,419.3176523219708
70.5,-157.5,419.320343944904
70.5,-156.5,419.3243778134104
70.5,-155.5,419.3256975578794
70.5,-154.5,419.3271512846098
70.5,-153.5,419.32512925970633
70.5,-152.5,419.3230532038532
70.5,-151.5,419.3285098744688
70.5,-150.5,419.3241448716328
70.5,-149.5,419.3099517197574
70.5,-148.5,419.3022226602619
70.5,-147.5,419.2947049056454
70.5,-146.5,419.2851576947118
70.5,-145.5,419.2788495994421
70.5,-144.5,419.2862928624135
70.5,-143.5,419.28649893426297
70.5,-142.5,419.2928211865048
70.5,-141.5,419.30028916740673
70.5,-140.5,419.2995512661069
70.5,-139.5,419.30348719179256
70.5,-138.5,419.3073168306884
70.5,-137.5,419.3086148212632
70.5,-136.5,419.3097257855006
70.5,-135.5,419.3104116917738
70.5,-134.5,419.3100638446215
70.5,-133.5,419.3098203588392
70.5,-132.5,419.308433223163
70.5,-131.5,419.3062730962431
70.5,-130.5,419.2900462351376
70.5,-129.5,419.284091926513
70.5,-128.5,419.28598983550825
70.5,-127.5,419.2883135786261
70.5,-126.5,419.2905983275606
70.5,-125.5,419.3030338645042
70.5,-124.5,419.302886625693
70.5,-123.5,419.3026292105816
70.5,-122.5,419.2977153702248
70.5,-121.5,419.2967362961715
70.5,-120.5,419.3061156130516
70.5,-119.5,419.3010649355299
70.5,-118.5,419.29567757807393
70.5,-117.5,419.29310728145344
70.5,-116.5,419.2903448699338
70.5,-115.5,419.2693127664365
70.5,-114.5,419.2651698049658
70.5,-113.5,419.2609503731509
70.5,-112.5,419.2368329198396
70.5,-111.5,419.2347211716159
70.5,-110.5,419.2048875433561
70.5,-109.5,419.2087569827817
70.5,-108.5,419.2125366030369
70.5,-107.5,419.25672506403015
70.5,-106.5,419.2621171757024
70.5,-105.5,419.2674424488257
70.5,-104.5,419.2836578431783
70.5,-103.5,419.33527248459535
70.5,-102.5,419.3142916228441
70.5,-101.5,419.3170132241896
70.5,-100.5,419.3198584013637
70.5,-99.5,419.327888266375
70.5,-98.5,419.32479107626
70.5,-97.5,419.3217441706375
70.5,-96.5,419.2934153817219
70.5,-95.5,419.2770073885063
70.5,-94.5,419.1871518483756
70.5,-93.5,419.1819371808996
70.5,-92.5,419.28069678364585
70.5,-91.5,419.2791371434605
70.5,-90.5,419.2774853884931
70.5,-89.5,419.2749584862902
70.5,-88.5,419.2700795694109
70.5,-87.5,419.2652534442138
70.5,-86.5,419.25304801533815
70.5,-85.5,419.2454327547249
70.5,-84.5,419.2114158714018
70.5,-83.5,419.2046583477065
70.5,-82.5,419.2098129904717
70.5,-81.5,419.2056150920034
70.5,-80.5,419.2013631212176
70.5,-79.5,419.180037908356
70.5,-78.5,419.1693352568567
70.5,-77.5,419.0506268190456
70.5,-76.5,419.0346457162168
70.5,-75.5,419.0185150020899
70.5,-74.5,418.9055624693714
70.5,-73.5,418.8966665299221
70.5,-72.5,418.9056096152994
70.5,-71.5,418.9121727811712
70.5,-70.5,418.9804139297427
70.5,-69.5,418.99095377985054
70.5,-68.5,419.17382666934697
70.5,-67.5,419.17817424606005
70.5,-66.5,419.1827320865984
70.5,-65.5,419.1862596888334
70.5,-64.5,419.1842946847746
70.5,-63.5,419.1817096087058
70.5,-62.5,419.17868072349455
70.5,-61.5,419.1758907535398
70.5,-60.5,419.1710649416615
70.5,-59.5,419.1679973204692
70.5,-58.5,419.1628092316009
70.5,-57.5,419.1583967158613
70.5,-56.5,419.1303272189499
70.5,-55.5,419.12333838689017
70.5,-54.5,419.116407048816
70.5,-53.5,419.0003066264947
70.5,-52.5,418.9869273364388
70.5,-51.5,418.9735053886425
70.5,-50.5,418.7733196674339
70.5,-49.5,418.7462677706065
70.5,-48.5,418.5206957524272
70.5,-47.5,418.3375122125178
70.5,-46.5,418.2618319719441
70.5,-45.5,418.2473144621624
70.5,-44.5,418.2324823863784
70.5,-43.5,418.08632147704935
70.5,-42.5,418.0788810282351
70.5,-41.5,418.0712886547872
70.5,-40.5,417.963895171656
70.5,-39.5,417.9590484943619
70.5,-38.5,417.8937563317487
70.5,-37.5,417.89465981436047
70.5,-36.5,417.895482460093
70.5,-35.5,417.9492565005934
70.5,-34.5,417.9595112415145
70.5,-33.5,417.9697047438999
70.5,-32.5,418.1186412198528
70.5,-31.5,418.14138919951125
70.5,-30.5,418.66771676771725
70.5,-29.5,418.694540996244
70.5,-28.5,418.72139432375184
70.5,-27.5,418.8711127681024
70.5,-26.5,418.8921989874717
70.5,-25.5,418.9134217491125
70.5,-24.5,419.1249635579075
70.5,-23.5,419.0250052763368
70.5,-22.5,419.12544479580265
70.5,-21.5,419.1308526618128
70.5,-20.5,419.17824622825606
70.5,-19.5,419.1774723440932
70.5,-18.5,419.17676609704233
70.5,-17.5,419.16963907661386
70.5,-16.5,419.1680087154619
70.5,-15.5,419.1664602688749
70.5,-14.5,419.1608091582699
70.5,-13.5,419.1606294009717
70.5,-12.5,419.1613103928093
70.5,-11.5,419.1603962694287
70.5,-10.5,419.15714590666175
70.5,-9.5,419.15687298425786
70.5,-8.5,419.15662469939247
70.5,-7.5,419.1545539894195
70.5,-6.5,419.1545975789644
70.5,-5.5,419.1580828941261
70.5,-4.5,419.1584871826072
70.5,-3.5,419.1588602656893
70.5,-2.5,419.1552797150543
70.5,-1.5,419.1548040164576
70.5,-0.5,419.1577174098589
70.5,0.5,419.15820168888064
70.5,1.5,419.1583684744577
70.5,2.5,419.16037430262566
70.5,3.5,419.164663798596
70.5,4.5,419.1680901679116
70.5,5.5,419.17149944946254
70.5,6.5,419.1751045774761
70.5,7.5,419.1797267989766
70.5,8.5,419.1824246764679
70.5,9.5,419.1892328805752
70.5,10.5,419.19599785599866
70.5,11.5,419.2116985390679
70.5,12.5,419.220070982338
70.5,13.5,419.2336231408841
70.5,14.5,419.2371739633439
70.5,15.5,419.2461787269084
70.5,16.5,419.24570447116326
70.5,17.5,419.24527823864656
70.5,18.5,419.24244030300775
70.5,19.5,419.2393288329306
70.5,20.5,419.23632484232326
70.5,21.5,419.2246930007323
70.5,22.5,419.2233318455192
70.5,23.5,419.1196594598068
70.5,24.5,419.2159859096476
70.5,25.5,419.1698588841639
70.5,26.5,419.1784358925706
70.5,27.5,419.18692246862287
70.5,28.5,419.203750303443
70.5,29.5,419.21349560256016
70.5,30.5,419.2231278380573
70.5,31.5,419.3084292105103
70.5,32.5,419.31637818847344
70.5,33.5,419.3211672170158
70.5,34.5,419.32272949813006
70.5,35.5,419.3241542084361
70.5,36.5,419.3246841670813
70.5,37.5,419.3261416371774
70.5,38.5,419.3273995417366
70.5,39.5,419.32853147594346
70.5,40.5,419.3283201332497
70.5,41.5,419.3282079445762
70.5,42.5,419.32633311028144
70.5,43.5,419.3243330276418
70.5,44.5,419.32211110704606
70.5,45.5,419.3194258513158
70.5,46.5,419.3166459019076
70.5,47.5,419.34051067426174
70.5,48.5,419.3099493646956
70.5,49.5,419.3067562345551
70.5,50.5,419.3033970350489
70.5,51.5,419.2974823001833
70.5,52.5,419.2945212748545
70.5,53.5,419.29154018602514
70.5,54.5,419.29168204437735
70.5,55.5,419.2924301530967
70.5,56.5,419.29319657402345
70.5,57.5,419.2903119741365
70.5,58.5,419.28848536531257
70.5,59.5,419.28897091586015
70.5,60.5,419.2918542288948
70.5,61.5,419.300741614445
70.5,62.5,419.3054967533568
70.5,63.5,419.3104570291723
70.5,64.5,419.3191158189216
70.5,65.5,419.3230941268843
70.5,66.5,419.3131005510187
70.5,67.5,419.3150209463639
70.5,68.5,419.3170366717004
70.5,69.5,419.31320160200187
70.5,70.5,419.3160651445209
70.5,71.5,419.330558052962
70.5,72.5,419.3334791871158
70.5,73.5,419.3346373402492
70.5,74.5,419.33419288171433
70.5,75.5,419.3253293565992
70.5,76.5,419.3249315775456
70.5,77.5,419.3247040481905
70.5,78.5,419.3338052892911
70.5,79.5,419.337484908159
70.5,80.5,419.346051480136
70.5,81.5,419.3492250462942
70.5,82.5,419.35275120145576
70.5,83.5,419.3449975693034
70.5,84.5,419.3449784523897
70.5,85.5,419.3407587872116
70.5,86.5,419.34831077143406
70.5,87.5,419.3582198802726
70.5,88.5,419.3353776094564
70.5,89.5,419.31279260640775
70.5,90.5,419.22755249737577
70.5,91.5,419.2079180829947
70.5,92.5,419.18919327516335
70.5,93.5,419.2299865372769
70.5,94.5,419.2307773933693
70.5,95.5,419.09773431861805
70.5,96.5,419.3021385007924
70.5,97.5,419.1649835628941
70.5,98.5,419.1724586914408
70.5,99.5,419.1807745059732
70.5,100.5,419.1776257712596
70.5,101.5,419.1840015296938
70.5,102.5,419.1906645480457
70.5,103.5,419.2306251641061
70.5,104.5,419.2226681881455
70.5,105.5,419.14795774995554
70.5,106.5,419.1379205174544
70.5,107.5,419.1279771668965
70.5,108.5,419.0828841060738
70.5,109.5,419.0958080109471
70.5,110.5,419.1087376516232
70.5,111.5,419.2603417594146
70.5,112.5,419.2841031367228
70.5,113.5,419.3798666811134
70.5,114.5,419.3490277923707
70.5,115.5,419.358176665396
70.5,116.5,419.3372399556575
70.5,117.5,419.3396095472935
70.5,118.5,419.3418414757981
70.5,119.5,419.3576588105213
70.5,120.5,419.3372692355085
70.5,121.5,419.3613647360589
70.5,122.5,419.3655647609795
70.5,123.5,419.3856725549135
70.5,124.5,419.38549558754335
70.5,125.5,419.3854282296225
70.5,126.5,419.3410065584212
70.5,127.5,419.3250064538994
70.5,128.5,419.309204936388
70.5,129.5,419.1848090269677
70.5,130.5,419.1992801533655
70.5,131.5,419.4366265525856
70.5,132.5,419.4501301779599
70.5,133.5,419.3889457344418
70.5,134.5,419.38635904653626
70.5,135.5,419.383706313722
70.5,136.5,419.4514441742248
70.5,137.5,419.4503436393355
70.5,138.5,419.4304312026587
70.5,139.5,419.425123052641
70.5,140.5,419.42031558191314
70.5,141.5,419.38558050410126
70.5,142.5,419.3859902579672
70.5,143.5,419.414166872782
70.5,144.5,419.41003985695687
70.5,145.5,419.4050174118615
70.5,146.5,419.3982928232846
70.5,147.5,419.355015529776
70.5,148.5,419.35026783404817
70.5,149.5,419.3452744898628
70.5,150.5,419.3716420408014
70.5,151.5,419.3697623359632
70.5,152.5,419.3577195466002
70.5,153.5,419.3544858764972
70.5,154.5,419.35147220222257
70.5,155.5,419.3478073029051
70.5,156.5,419.3428265247252
70.5,157.5,419.331838683528
70.5,158.5,419.3294952666519
70.5,159.5,419.3487268384114
70.5,160.5,419.3458931582702
70.5,161.5,419.3429664886908
70.5,162.5,419.3420523267241
70.5,163.5,419.3386620440236
70.5,164.5,419.3350369211091
70.5,165.5,419.3277388754692
70.5,166.5,419.3248613605476
70.5,167.5,419.32645205081184
70.5,168.5,419.3202613984984
70.5,169.5,419.3196385617947
70.5,170.5,419.3185245095159
70.5,171.5,419.31726296359074
70.5,172.5,419.329094369293
70.5,173.5,419.3290959133381
70.5,174.5,419.3289413660178
70.5,175.5,419.32453988696847
70.5,176.5,419.3210173846491
70.5,177.5,419.3106159410143
70.5,178.5,419.3053405719016
70.5,179.5,419.300197467434
71.5,-179.5,419.2172202559645
71.5,-178.5,419.2760369990228
71.5,-177.5,419.2690724338663
71.5,-176.5,419.2684463868981
71.5,-175.5,419.2768082532112
71.5,-174.5,419.2740570459992
71.5,-173.5,419.27231225766616
71.5,-172.5,419.2709090146044
71.5,-171.5,419.2694889350132
71.5,-170.5,419.2690014395176
71.5,-169.5,419.2709902713678
71.5,-168.5,419.27287891361215
71.5,-167.5,419.28404816749486
71.5,-166.5,419.2890570527622
71.5,-165.5,419.2939019885506
71.5,-164.5,419.3027949952932
71.5,-163.5,419.3052901361272
71.5,-162.5,419.304841640988
71.5,-161.5,419.3101634356711
71.5,-160.5,419.3087846570039
71.5,-159.5,419.3107205196721
71.5,-158.5,419.3125627693586
71.5,-157.5,419.3164567452505
71.5,-156.5,419.3188133242617
71.5,-155.5,419.3210791829094
71.5,-154.5,419.3279808446599
71.5,-153.5,419.3284150194341
71.5,-152.5,419.3268506421638
71.5,-151.5,419.3252458207386
71.5,-150.5,419.3403336783052
71.5,-149.5,419.31795266592576
71.5,-148.5,419.3140522283912
71.5,-147.5,419.3121241895894
71.5,-146.5,419.3101144897285
71.5,-145.5,419.3081913120464
71.5,-144.5,419.3071543537262
71.5,-143.5,419.30715763966623
71.5,-142.5,419.30834763898815
71.5,-141.5,419.30857505099
71.5,-140.5,419.3086990789006
71.5,-139.5,419.3073107983138
71.5,-138.5,419.307801115978
71.5,-137.5,419.30596166506217
71.5,-136.5,419.3067171851524
71.5,-135.5,419.3073352703935
71.5,-134.5,419.309060446694
71.5,-133.5,419.3094544291472
71.5,-132.5,419.30918168437626
71.5,-131.5,419.30810144418615
71.5,-130.5,419.3069529329781
71.5,-129.5,419.30516743467183
71.5,-128.5,419.3023470331765
71.5,-127.5,419.2995344787295
71.5,-126.5,419.33391122271854
71.5,-125.5,419.2826112517304
71.5,-124.5,419.2416425047478
71.5,-123.5,419.236799460444
71.5,-122.5,419.2114559220335
71.5,-121.5,419.2110417330795
71.5,-120.5,419.2103829781542
71.5,-119.5,419.24337669821006
71.5,-118.5,419.24143478578543
71.5,-117.5,419.2392931275163
71.5,-116.5,419.198919632116
71.5,-115.5,419.1961659979021
71.5,-114.5,419.1931979970769
71.5,-113.5,419.2041637810528
71.5,-112.5,419.1829551409342
71.5,-111.5,419.1687317618831
71.5,-110.5,419.1710044228447
71.5,-109.5,419.2202936010368
71.5,-108.5,419.23005798996473
71.5,-107.5,419.23635878889024
71.5,-106.5,419.2633927836812
71.5,-105.5,419.2722396719386
71.5,-104.5,419.2770234203522
71.5,-103.5,419.29930366203615
71.5,-102.5,419.3047335518802
71.5,-101.5,419.3080293308879
71.5,-100.5,419.3083829224537
71.5,-99.5,419.3087978552133
71.5,-98.5,419.2986976185375
71.5,-97.5,419.29242745828367
71.5,-96.5,419.2860537765967
71.5,-95.5,419.2049962219908
71.5,-94.5,419.1999409436765
71.5,-93.5,419.19479703415567
71.5,-92.5,419.26995927627615
71.5,-91.5,419.2682739371433
71.5,-90.5,419.2453192850823
71.5,-89.5,419.2512265092711
71.5,-88.5,419.188214423937
71.5,-87.5,419.1831435397712
71.5,-86.5,419.1781293083942
71.5,-85.5,419.2000850485422
71.5,-84.5,419.1933711366112
71.5,-83.5,419.1865267086084
71.5,-82.5,419.1231670586717
71.5,-81.5,419.1177301300886
71.5,-80.5,419.1307501882181
71.5,-79.5,419.1226550600828
71.5,-78.5,419.1144965608751
71.5,-77.5,418.9916731188075
71.5,-76.5,418.98304940462725
71.5,-75.5,419.0595515878475
71.5,-74.5,419.0650220901076
71.5,-73.5,419.0706249822134
71.5,-72.5,419.0681901247963
71.5,-71.5,419.0762468094141
71.5,-70.5,419.2000890788512
71.5,-69.5,419.2000809928804
71.5,-68.5,419.20017897935935
71.5,-67.5,419.1947824535528
71.5,-66.5,419.1933283613348
71.5,-65.5,419.1896789940531
71.5,-64.5,419.18712666992445
71.5,-63.5,419.1846193747548
71.5,-62.5,419.1806647908753
71.5,-61.5,419.177411448968
71.5,-60.5,419.1733871522049
71.5,-59.5,419.1698738431994
71.5,-58.5,419.1665263988504
71.5,-57.5,419.16054824657016
71.5,-56.5,419.1511009880382
71.5,-55.5,419.1417256302232
71.5,-54.5,419.1128157312223
71.5,-53.5,418.93125269738727
71.5,-52.5,418.90882063116646
71.5,-51.5,418.8858443805802
71.5,-50.5,418.447383455854
71.5,-49.5,418.4254055590121
71.5,-48.5,418.4030916648987
71.5,-47.5,418.1664969843733
71.5,-46.5,418.1557483662583
71.5,-45.5,418.1447117064841
71.5,-44.5,418.01134111541097
71.5,-43.5,418.0066742533679
71.5,-42.5,418.0018665465975
71.5,-41.5,417.976183146308
71.5,-40.5,417.9058883029998
71.5,-39.5,417.8845926812756
71.5,-38.5,417.88194614490953
71.5,-37.5,417.8551118876897
71.5,-36.5,417.8852019047519
71.5,-35.5,417.89064972477377
71.5,-34.5,417.9541717803793
71.5,-33.5,418.0211701711995
71.5,-32.5,418.0386913431757
71.5,-31.5,418.1814465387323
71.5,-30.5,418.349637839151
71.5,-29.5,418.6989380879413
71.5,-28.5,418.7251601870893
71.5,-27.5,418.751281059096
71.5,-26.5,418.774848182537
71.5,-25.5,418.7958247503312
71.5,-24.5,418.816753204278
71.5,-23.5,419.0923350208499
71.5,-22.5,419.1049379683355
71.5,-21.5,419.1175349874192
71.5,-20.5,419.2014789447839
71.5,-19.5,419.2033218740132
71.5,-18.5,419.20212283962303
71.5,-17.5,419.1935657566305
71.5,-16.5,419.1898646734346
71.5,-15.5,419.1856254210819
71.5,-14.5,419.1814447788645
71.5,-13.5,419.1734056439522
71.5,-12.5,419.1702026171573
71.5,-11.5,419.16702992361127
71.5,-10.5,419.1606226573946
71.5,-9.5,419.15948346506167
71.5,-8.5,419.1584566013683
71.5,-7.5,419.1583011683927
71.5,-6.5,419.158148755749
71.5,-5.5,419.1591663663846
71.5,-4.5,419.1598231091205
71.5,-3.5,419.1602798700677
71.5,-2.5,419.1850940459589
71.5,-1.5,419.1632339526317
71.5,-0.5,419.16509943259433
71.5,0.5,419.1671897541909
71.5,1.5,419.1731025759175
71.5,2.5,419.1761197421881
71.5,3.5,419.1792040371932
71.5,4.5,419.1787296923559
71.5,5.5,419.1816481121677
71.5,6.5,419.18603457594753
71.5,7.5,419.1906486931262
71.5,8.5,419.1953423920022
71.5,9.5,419.2001268289628
71.5,10.5,419.20740627559616
71.5,11.5,419.2214508523862
71.5,12.5,419.22844802144766
71.5,13.5,419.2354565339335
71.5,14.5,419.2404710129765
71.5,15.5,419.2431682955509
71.5,16.5,419.24591744368615
71.5,17.5,419.2525746023399
71.5,18.5,419.2503836498305
71.5,19.5,419.2547221873159
71.5,20.5,419.255230127744
71.5,21.5,419.2574870606804
71.5,22.5,419.2563423791677
71.5,23.5,419.255178677552
71.5,24.5,419.2509812224865
71.5,25.5,419.2525084448994
71.5,26.5,419.2540046556659
71.5,27.5,419.26444349877
71.5,28.5,419.2686593596588
71.5,29.5,419.2728005352346
71.5,30.5,419.2784102215708
71.5,31.5,419.2827458876625
71.5,32.5,419.2909383072369
71.5,33.5,419.29387825720136
71.5,34.5,419.2915804064527
71.5,35.5,419.2962929077551
71.5,36.5,419.2972585732972
71.5,37.5,419.29478523624704
71.5,38.5,419.2983416636015
71.5,39.5,419.29894350519953
71.5,40.5,419.2974265025599
71.5,41.5,419.3010157584052
71.5,42.5,419.3011111954935
71.5,43.5,419.3031407019573
71.5,44.5,419.3050746120656
71.5,45.5,419.3048523549856
71.5,46.5,419.3056465464167
71.5,47.5,419.3064147471788
71.5,48.5,419.30717521558256
71.5,49.5,419.3049755392821
71.5,50.5,419.3027581632011
71.5,51.5,419.2826581154025
71.5,52.5,419.2772464335224
71.5,53.5,419.1992564638256
71.5,54.5,419.2455858383953
71.5,55.5,419.2871952889123
71.5,56.5,419.2915420041485
71.5,57.5,419.2959065635815
71.5,58.5,419.2949559241233
71.5,59.5,419.2982451678374
71.5,60.5,419.301576161886
71.5,61.5,419.30952798583496
71.5,62.5,419.3149518992774
71.5,63.5,419.3233691476596
71.5,64.5,419.3283488119568
71.5,65.5,419.3333179142449
71.5,66.5,419.3333040551791
71.5,67.5,419.335849349907
71.5,68.5,419.3280142780896
71.5,69.5,419.330971697642
71.5,70.5,419.33394292950857
71.5,71.5,419.3476583216264
71.5,72.5,419.3512600193615
71.5,73.5,419.3560231329872
71.5,74.5,419.3577570959902
71.5,75.5,419.35948224595774
71.5,76.5,419.3559133538136
71.5,77.5,419.356688422472
71.5,78.5,419.3530309388912
71.5,79.5,419.3552382739985
71.5,80.5,419.3574978387141
71.5,81.5,419.3746631991608
71.5,82.5,419.3764300954039
71.5,83.5,419.35931523016177
71.5,84.5,419.35713296953867
71.5,85.5,419.3550184440018
71.5,86.5,419.3501401823832
71.5,87.5,419.35022867801086
71.5,88.5,419.35019211986736
71.5,89.5,419.3655961838307
71.5,90.5,419.351133718031
71.5,91.5,419.357582691454
71.5,92.5,419.3536750985919
71.5,93.5,419.3461571928034
71.5,94.5,419.34571529591096
71.5,95.5,419.345391104531
71.5,96.5,419.34610413598153
71.5,97.5,419.34368693004114
71.5,98.5,419.34126015744175
71.5,99.5,419.3275746386474
71.5,100.5,419.3240358265605
71.5,101.5,419.3204526137036
71.5,102.5,419.2581221771525
71.5,103.5,419.2864226900693
71.5,104.5,419.2232590547358
71.5,105.5,419.21351011398986
71.5,106.5,419.2176262107598
71.5,107.5,419.1776489322489
71.5,108.5,419.1774952231335
71.5,109.5,419.23408848019335
71.5,110.5,419.2251706818043
71.5,111.5,419.2410239137861
71.5,112.5,419.2934201873632
71.5,113.5,419.3046837186533
71.5,114.5,419.3689478251347
71.5,115.5,419.3417823317995
71.5,116.5,419.3481163488438
71.5,117.5,419.3502006932658
71.5,118.5,419.35246637398274
71.5,119.5,419.3548002084244
71.5,120.5,419.3526138488339
71.5,121.5,419.3504052663888
71.5,122.5,419.34829776744425
71.5,123.5,419.2849949292682
71.5,124.5,419.28497844737416
71.5,125.5,419.30843882084014
71.5,126.5,419.3142117402367
71.5,127.5,419.3591119303521
71.5,128.5,419.3674678569813
71.5,129.5,419.3760630776858
71.5,130.5,419.4233307235966
71.5,131.5,419.4311902935923
71.5,132.5,419.4389709368862
71.5,133.5,419.43042941786814
71.5,134.5,419.4302112545338
71.5,135.5,419.429704539415
71.5,136.5,419.4268446482951
71.5,137.5,419.4240752381859
71.5,138.5,419.4234176867362
71.5,139.5,419.41896281381327
71.5,140.5,419.3900713245538
71.5,141.5,419.3848737073935
71.5,142.5,419.3795627426734
71.5,143.5,419.3792900339216
71.5,144.5,419.3719765329022
71.5,145.5,419.3639920815546
71.5,146.5,419.3607217967998
71.5,147.5,419.35742922072336
71.5,148.5,419.3523736200593
71.5,149.5,419.3503126711461
71.5,150.5,419.3672135720168
71.5,151.5,419.3656114887777
71.5,152.5,419.3639807407629
71.5,153.5,419.36151361330064
71.5,154.5,419.3574818313357
71.5,155.5,419.3478649169144
71.5,156.5,419.3428951984658
71.5,157.5,419.3377105187011
71.5,158.5,419.33369524569946
71.5,159.5,419.3289174824838
71.5,160.5,419.3241412003846
71.5,161.5,419.320286796837
71.5,162.5,419.3156037819748
71.5,163.5,419.313070560058
71.5,164.5,419.30960533268
71.5,165.5,419.302930946662
71.5,166.5,419.3000095162317
71.5,167.5,419.296839920512
71.5,168.5,419.292544149275
71.5,169.5,419.2909600150618
71.5,170.5,419.28946303899824
71.5,171.5,419.29000387564855
71.5,172.5,419.2869914911938
71.5,173.5,419.2879524213615
71.5,174.5,419.2936453480372
71.5,175.5,419.2885024925953
71.5,176.5,419.2898476202799
71.5,177.5,419.2857789219877
71.5,178.5,419.2803989116112
71.5,179.5,419.2193495382153
72.5,-179.5,419.2615135013854
72.5,-178.5,419.2616255609044
72.5,-177.5,419.2662899082522
72.5,-176.5,419.2670569326514
72.5,-175.5,419.2677904490535
72.5,-174.5,419.2666752659521
72.5,-173.5,419.2656582649181
72.5,-172.5,419.2645679947655
72.5,-171.5,419.26271423973895
72.5,-170.5,419.2623838105266
72.5,-169.5,419.26197323635455
72.5,-168.5,419.26531561520864
72.5,-167.5,419.2684581363606
72.5,-166.5,419.2739081430212
72.5,-165.5,419.2794897625154
72.5,-164.5,419.28292513605953
72.5,-163.5,419.28636764017017
72.5,-162.5,419.28870500485743
72.5,-161.5,419.2909759983552
72.5,-160.5,419.2923951539855
72.5,-159.5,419.29428688629497
72.5,-158.5,419.2960805937559
72.5,-157.5,419.3020438533687
72.5,-156.5,419.3048379021442
72.5,-155.5,419.3088406711509
72.5,-154.5,419.3105540680362
72.5,-153.5,419.31210168472745
72.5,-152.5,419.31358345718303
72.5,-151.5,419.3132321601824
72.5,-150.5,419.3127163640703
72.5,-149.5,419.3134825388021
72.5,-148.5,419.31176368136727
72.5,-147.5,419.3087926635648
72.5,-146.5,419.307484719984
72.5,-145.5,419.3061382385128
72.5,-144.5,419.3061605549135
72.5,-143.5,419.3055993197571
72.5,-142.5,419.3023385873207
72.5,-141.5,419.3013585617907
72.5,-140.5,419.3004144051697
72.5,-139.5,419.29709705772615
72.5,-138.5,419.29676109034455
72.5,-137.5,419.2953665823092
72.5,-136.5,419.2954954793203
72.5,-135.5,419.2957264481177
72.5,-134.5,419.2953366132459
72.5,-133.5,419.2950952876832
72.5,-132.5,419.29485730458015
72.5,-131.5,419.2953275702147
72.5,-130.5,419.2943949397391
72.5,-129.5,419.2960946266437
72.5,-128.5,419.2926182631608
72.5,-127.5,419.28900430181545
72.5,-126.5,419.27183983508553
72.5,-125.5,419.2629267755644
72.5,-124.5,419.254083813534
72.5,-123.5,419.1445396381213
72.5,-122.5,419.1387066795496
72.5,-121.5,419.1078400101011
72.5,-120.5,419.1849179690732
72.5,-119.5,419.1852704102593
72.5,-118.5,419.1879987217503
72.5,-117.5,419.1860873368436
72.5,-116.5,419.1840404711479
72.5,-115.5,419.1673123285605
72.5,-114.5,419.1678666951578
72.5,-113.5,419.16859072759627
72.5,-112.5,419.2224740812935
72.5,-111.5,419.2262522998916
72.5,-110.5,419.2299483307443
72.5,-109.5,419.2298083257805
72.5,-108.5,419.2334240113875
72.5,-107.5,419.237103827428
72.5,-106.5,419.2407217125294
72.5,-105.5,419.2654712408318
72.5,-104.5,419.2687766083346
72.5,-103.5,419.2719626945595
72.5,-102.5,419.2798177691087
72.5,-101.5,419.2807179715849
72.5,-100.5,419.2815709844815
72.5,-99.5,419.2673073489048
72.5,-98.5,419.26426086721
72.5,-97.5,419.2611518619871
72.5,-96.5,419.2441588523165
72.5,-95.5,419.2394689330498
72.5,-94.5,419.20060922934897
72.5,-93.5,419.2545808645061
72.5,-92.5,419.25250212821527
72.5,-91.5,419.2483699707558
72.5,-90.5,419.2438432110324
72.5,-89.5,419.2392559971222
72.5,-88.5,419.1653013612036
72.5,-87.5,419.1602057656923
72.5,-86.5,419.1550967999489
72.5,-85.5,419.19863636542925
72.5,-84.5,419.1930236340191
72.5,-83.5,419.06274560943706
72.5,-82.5,419.0576324127591
72.5,-81.5,419.05236883350574
72.5,-80.5,419.14563455185146
72.5,-79.5,419.1416503082525
72.5,-78.5,419.1375630970276
72.5,-77.5,418.9797389945542
72.5,-76.5,418.9789034376985
72.5,-75.5,419.1609044595351
72.5,-74.5,419.1675691393552
72.5,-73.5,419.1741643288021
72.5,-72.5,419.2146990481267
72.5,-71.5,419.21696983334857
72.5,-70.5,419.2048158347109
72.5,-69.5,419.2013174544293
72.5,-68.5,419.1978032594744
72.5,-67.5,419.192741815665
72.5,-66.5,419.1898311599263
72.5,-65.5,419.1864391601526
72.5,-64.5,419.18424679906025
72.5,-63.5,419.1820277340157
72.5,-62.5,419.1798503423996
72.5,-61.5,419.1770199561989
72.5,-60.5,419.1741847364032
72.5,-59.5,419.16932244395
72.5,-58.5,419.1642678858601
72.5,-57.5,419.14498136116566
72.5,-56.5,419.1281773889717
72.5,-55.5,419.1112964407481
72.5,-54.5,418.7557304015958
72.5,-53.5,418.7259777763129
72.5,-52.5,418.6960820696041
72.5,-51.5,418.4716368399799
72.5,-50.5,418.44758508697134
72.5,-49.5,418.2796492923945
72.5,-48.5,418.18320253117867
72.5,-47.5,418.1704046253348
72.5,-46.5,418.0275080370615
72.5,-45.5,418.0228124871783
72.5,-44.5,418.0179508921229
72.5,-43.5,417.92528029873694
72.5,-42.5,417.92337365583927
72.5,-41.5,417.9213639455973
72.5,-40.5,417.849135419723
72.5,-39.5,417.8487638176
72.5,-38.5,417.8484101868274
72.5,-37.5,417.85146740767766
72.5,-36.5,417.8562445803469
72.5,-35.5,417.8609536960685
72.5,-34.5,417.8656771339523
72.5,-33.5,417.9690218793512
72.5,-32.5,417.9852328533868
72.5,-31.5,418.0013872128658
72.5,-30.5,418.2740411037797
72.5,-29.5,418.3019130803094
72.5,-28.5,418.3297082739497
72.5,-27.5,418.6816288653213
72.5,-26.5,418.7070027688612
72.5,-25.5,418.73236793921154
72.5,-24.5,419.011281894404
72.5,-23.5,419.0308225838624
72.5,-22.5,419.17649496735805
72.5,-21.5,419.20528476232215
72.5,-20.5,419.2116123149052
72.5,-19.5,419.21234090372633
72.5,-18.5,419.2126219261556
72.5,-17.5,419.2128340535392
72.5,-16.5,419.2028677000762
72.5,-15.5,419.1989161950688
72.5,-14.5,419.1949961904534
72.5,-13.5,419.1957121869684
72.5,-12.5,419.18081939197606
72.5,-11.5,419.1734288747864
72.5,-10.5,419.170253936163
72.5,-9.5,419.1671344317699
72.5,-8.5,419.16487440004937
72.5,-7.5,419.1643538241887
72.5,-6.5,419.16388422076346
72.5,-5.5,419.1644478028159
72.5,-4.5,419.1650171486582
72.5,-3.5,419.1647055668837
72.5,-2.5,419.1664749337464
72.5,-1.5,419.1682572818253
72.5,-0.5,419.1725095398616
72.5,0.5,419.1757552925512
72.5,1.5,419.182174499484
72.5,2.5,419.1862894165069
72.5,3.5,419.1904206669486
72.5,4.5,419.1949045247274
72.5,5.5,419.1980159806368
72.5,6.5,419.2018868200002
72.5,7.5,419.2056257117581
72.5,8.5,419.20942338550753
72.5,9.5,419.2299498099337
72.5,10.5,419.21876704761286
72.5,11.5,419.2231148877505
72.5,12.5,419.2349380564814
72.5,13.5,419.2399224695782
72.5,14.5,419.2427718285572
72.5,15.5,419.2438825632316
72.5,16.5,419.2450020590214
72.5,17.5,419.24760038886376
72.5,18.5,419.2468385637919
72.5,19.5,419.2460698350866
72.5,20.5,419.2452435058239
72.5,21.5,419.24458003446176
72.5,22.5,419.242429321106
72.5,23.5,419.2396151682864
72.5,24.5,419.2396368410912
72.5,25.5,419.2453493542751
72.5,26.5,419.2484552251621
72.5,27.5,419.251531769124
72.5,28.5,419.25849714824346
72.5,29.5,419.2600627213384
72.5,30.5,419.2615530172971
72.5,31.5,419.2633098016863
72.5,32.5,419.2632067491599
72.5,33.5,419.2629877175496
72.5,34.5,419.2632110632828
72.5,35.5,419.2637403225897
72.5,36.5,419.2641794250743
72.5,37.5,419.2644840853496
72.5,38.5,419.2662862233
72.5,39.5,419.2671414286007
72.5,40.5,419.2678744713722
72.5,41.5,419.2709620200089
72.5,42.5,419.27360824377024
72.5,43.5,419.2761365259736
72.5,44.5,419.2836750282274
72.5,45.5,419.28694578272217
72.5,46.5,419.2901539593453
72.5,47.5,419.2968889794811
72.5,48.5,419.29718986569753
72.5,49.5,419.2973049085044
72.5,50.5,419.2896292853467
72.5,51.5,419.2839891651545
72.5,52.5,419.2204060273653
72.5,53.5,419.2172887662136
72.5,54.5,419.2140763355448
72.5,55.5,419.2613514229723
72.5,56.5,419.2675621250567
72.5,57.5,419.2737422517088
72.5,58.5,419.3011503635328
72.5,59.5,419.3046796923936
72.5,60.5,419.31107905805646
72.5,61.5,419.31356269360646
72.5,62.5,419.3159754318726
72.5,63.5,419.3181431101896
72.5,64.5,419.3220557297936
72.5,65.5,419.32590967395305
72.5,66.5,419.33439218044407
72.5,67.5,419.33743596090255
72.5,68.5,419.3283308809687
72.5,69.5,419.3311428054375
72.5,70.5,419.3339069642556
72.5,71.5,419.3361973746005
72.5,72.5,419.3394750459916
72.5,73.5,419.3553248003226
72.5,74.5,419.35741870071433
72.5,75.5,419.3594519790557
72.5,76.5,419.3545819972989
72.5,77.5,419.35501157648986
72.5,78.5,419.3567803431397
72.5,79.5,419.35462707818346
72.5,80.5,419.3524446096914
72.5,81.5,419.28944080852006
72.5,82.5,419.28668327296
72.5,83.5,419.2839155376049
72.5,84.5,419.3290290335933
72.5,85.5,419.3289144196914
72.5,86.5,419.3218805059644
72.5,87.5,419.3217449605232
72.5,88.5,419.3215009782476
72.5,89.5,419.3276027377638
72.5,90.5,419.32502693005847
72.5,91.5,419.3223470161632
72.5,92.5,419.3155376870434
72.5,93.5,419.312860956977
72.5,94.5,419.30487995011015
72.5,95.5,419.3030613978733
72.5,96.5,419.30227139943065
72.5,97.5,419.30330884783774
72.5,98.5,419.3042958357611
72.5,99.5,419.3051833135774
72.5,100.5,419.3134805732064
72.5,101.5,419.3136112441828
72.5,102.5,419.3137006527309
72.5,103.5,419.31504241150833
72.5,104.5,419.3122002046096
72.5,105.5,419.3093227742176
72.5,106.5,419.2846869311666
72.5,107.5,419.28629402561694
72.5,108.5,419.28795465388697
72.5,109.5,419.2896693610104
72.5,110.5,419.3117931239922
72.5,111.5,419.3176651820464
72.5,112.5,419.3235463829274
72.5,113.5,419.3322596092119
72.5,114.5,419.33646647956726
72.5,115.5,419.340704186712
72.5,116.5,419.34713312447406
72.5,117.5,419.3498949785337
72.5,118.5,419.3526402401943
72.5,119.5,419.3493116647855
72.5,120.5,419.3495293471552
72.5,121.5,419.3509052580685
72.5,122.5,419.33482556462593
72.5,123.5,419.3329881218857
72.5,124.5,419.35575010756753
72.5,125.5,419.3583989443613
72.5,126.5,419.3611717641173
72.5,127.5,419.3790717087016
72.5,128.5,419.3834640625221
72.5,129.5,419.38797315111344
72.5,130.5,419.395501037381
72.5,131.5,419.3987876027191
72.5,132.5,419.395815766985
72.5,133.5,419.39477111726745
72.5,134.5,419.3935611919497
72.5,135.5,419.3898487623644
72.5,136.5,419.3859619092431
72.5,137.5,419.3818602740721
72.5,138.5,419.3743982909404
72.5,139.5,419.3695873356461
72.5,140.5,419.3473315647529
72.5,141.5,419.34429403888623
72.5,142.5,419.34125794799417
72.5,143.5,419.341413115366
72.5,144.5,419.3384326288603
72.5,145.5,419.34565431814
72.5,146.5,419.3440378812068
72.5,147.5,419.3424816567064
72.5,148.5,419.3381223827096
72.5,149.5,419.3380199553311
72.5,150.5,419.34408754563015
72.5,151.5,419.3435414276079
72.5,152.5,419.3429254654562
72.5,153.5,419.3429676128793
72.5,154.5,419.3410144425927
72.5,155.5,419.3388675859944
72.5,156.5,419.3331554135735
72.5,157.5,419.32848725926607
72.5,158.5,419.32042667183566
72.5,159.5,419.3155016264748
72.5,160.5,419.3104399009839
72.5,161.5,419.3044037830254
72.5,162.5,419.30061412482
72.5,163.5,419.2966787817106
72.5,164.5,419.29330512576206
72.5,165.5,419.2899453584943
72.5,166.5,419.286213233038
72.5,167.5,419.2820852423183
72.5,168.5,419.2794245595171
72.5,169.5,419.2768287265419
72.5,170.5,419.27464585901566
72.5,171.5,419.2724911945574
72.5,172.5,419.2680052769709
72.5,173.5,419.2661877598208
72.5,174.5,419.26436265394216
72.5,175.5,419.2643835967756
72.5,176.5,419.263409895678
72.5,177.5,419.262463419778
72.5,178.5,419.2614235940126
72.5,179.5,419.2614283108214
73.5,-179.5,419.24400239967576
73.5,-178.5,419.2445818240512
73.5,-177.5,419.2451300667041
73.5,-176.5,419.25014430073713
73.5,-175.5,419.25073120311913
73.5,-174.5,419.2512113214845
73.5,-173.5,419.2508884945706
73.5,-172.5,419.2525993684224
73.5,-171.5,419.25225249761326
73.5,-170.5,419.2522205806056
73.5,-169.5,419.25267389446407
73.5,-168.5,419.25365412307264
73.5,-167.5,419.2548643176134
73.5,-166.5,419.257065173571
73.5,-165.5,419.2592172328162
73.5,-164.5,419.2674084506849
73.5,-163.5,419.2825467880093
73.5,-162.5,419.27381467095387
73.5,-161.5,419.2779499901623
73.5,-160.5,419.279784318043
73.5,-159.5,419.2815650505809
73.5,-158.5,419.2836147179905
73.5,-157.5,419.2853265078242
73.5,-156.5,419.2878538938003
73.5,-155.5,419.28933350186514
73.5,-154.5,419.2906843012764
73.5,-153.5,419.2928944681077
73.5,-152.5,419.2931310533498
73.5,-151.5,419.2932124540167
73.5,-150.5,419.2918662071684
73.5,-149.5,419.2914946797391
73.5,-148.5,419.29090629390026
73.5,-147.5,419.2909802717133
73.5,-146.5,419.2903994765233
73.5,-145.5,419.289815071451
73.5,-144.5,419.29033693224216
73.5,-143.5,419.2906087445012
73.5,-142.5,419.2905917047997
73.5,-141.5,419.28970902657153
73.5,-140.5,419.28866596076256
73.5,-139.5,419.28525001931024
73.5,-138.5,419.2839530380666
73.5,-137.5,419.2825698837023
73.5,-136.5,419.2804733938565
73.5,-135.5,419.28009013227614
73.5,-134.5,419.2795566342162
73.5,-133.5,419.2800334349584
73.5,-132.5,419.2798975857
73.5,-131.5,419.279538051322
73.5,-130.5,419.2806474235489
73.5,-129.5,419.2802409876697
73.5,-128.5,419.2826511145407
73.5,-127.5,419.2792327793321
73.5,-126.5,419.275757722614
73.5,-125.5,419.25465285896775
73.5,-124.5,419.2475371969194
73.5,-123.5,419.2403961667875
73.5,-122.5,419.1660827501727
73.5,-121.5,419.16401110111167
73.5,-120.5,419.1618098221643
73.5,-119.5,419.2087336978683
73.5,-118.5,419.22134003119817
73.5,-117.5,419.2220970323915
73.5,-116.5,419.2236702869168
73.5,-115.5,419.2237616954425
73.5,-114.5,419.2483045356103
73.5,-113.5,419.2403040874572
73.5,-112.5,419.2421737002314
73.5,-111.5,419.2440334349588
73.5,-110.5,419.25148323845326
73.5,-109.5,419.2524981240694
73.5,-108.5,419.25338238111306
73.5,-107.5,419.2334124470157
73.5,-106.5,419.235100328109
73.5,-105.5,419.2366854799323
73.5,-104.5,419.2583034176761
73.5,-103.5,419.2597074179711
73.5,-102.5,419.2611727135054
73.5,-101.5,419.2606369026038
73.5,-100.5,419.2425426464852
73.5,-99.5,419.2410248524733
73.5,-98.5,419.2352960144372
73.5,-97.5,419.2327778715895
73.5,-96.5,419.2319451988377
73.5,-95.5,419.1968664898949
73.5,-94.5,419.19342500227896
73.5,-93.5,419.1899744175617
73.5,-92.5,419.1702556443467
73.5,-91.5,419.1672425043448
73.5,-90.5,419.164121230017
73.5,-89.5,419.165904288269
73.5,-88.5,419.1612038315056
73.5,-87.5,419.1564448955201
73.5,-86.5,419.1653640166122
73.5,-85.5,419.1607708630991
73.5,-84.5,419.1034072660314
73.5,-83.5,419.0997584864906
73.5,-82.5,419.0961388955374
73.5,-81.5,419.0188583223619
73.5,-80.5,419.0179025544685
73.5,-79.5,419.0168607968431
73.5,-78.5,419.136285070556
73.5,-77.5,419.1384570982539
73.5,-76.5,419.1407985485447
73.5,-75.5,419.2045826166053
73.5,-74.5,419.20667603437727
73.5,-73.5,419.2086951838574
73.5,-72.5,419.19778318019
73.5,-71.5,419.1943412844576
73.5,-70.5,419.1896851247088
73.5,-69.5,419.1864821092661
73.5,-68.5,419.18318160354255
73.5,-67.5,419.23353168174407
73.5,-66.5,419.177090471584
73.5,-65.5,419.1752453409568
73.5,-64.5,419.1740615961558
73.5,-63.5,419.1726732802932
73.5,-62.5,419.17113611386856
73.5,-61.5,419.1706468887714
73.5,-60.5,419.1676738651035
73.5,-59.5,419.1648768275495
73.5,-58.5,419.1611074419383
73.5,-57.5,419.14579730040464
73.5,-56.5,419.0343637708012
73.5,-55.5,419.00885793771647
73.5,-54.5,419.0220524440252
73.5,-53.5,418.49743293742216
73.5,-52.5,418.4711174690838
73.5,-51.5,418.4446548969091
73.5,-50.5,418.1904138287463
73.5,-49.5,418.1787698967999
73.5,-48.5,418.1669925732325
73.5,-47.5,418.0670014506996
73.5,-46.5,418.0193572244311
73.5,-45.5,418.0165909026576
73.5,-44.5,417.95509198262846
73.5,-43.5,417.95384024158807
73.5,-42.5,417.9291449519084
73.5,-41.5,417.8887115598267
73.5,-40.5,417.8892054444136
73.5,-39.5,417.8897212358264
73.5,-38.5,417.866951665468
73.5,-37.5,417.86853117346647
73.5,-36.5,417.8701724282064
73.5,-35.5,417.8815038189055
73.5,-34.5,417.8898500128692
73.5,-33.5,417.89818720805
73.5,-32.5,418.0644067473156
73.5,-31.5,418.0874845779213
73.5,-30.5,418.11054692459686
73.5,-29.5,418.3489793207679
73.5,-28.5,418.6296012342999
73.5,-27.5,418.6577479267981
73.5,-26.5,418.7563103590494
73.5,-25.5,418.7792586647451
73.5,-24.5,418.9782495156608
73.5,-23.5,419.02472584245857
73.5,-22.5,419.0408145542498
73.5,-21.5,419.05672190280217
73.5,-20.5,419.197456301602
73.5,-19.5,419.2025094750257
73.5,-18.5,419.20750779969546
73.5,-17.5,419.21270323754993
73.5,-16.5,419.2109513257834
73.5,-15.5,419.2092476059437
73.5,-14.5,419.2028914941739
73.5,-13.5,419.19990574074745
73.5,-12.5,419.1884767764781
73.5,-11.5,419.1854864252454
73.5,-10.5,419.18263553719584
73.5,-9.5,419.1768488777685
73.5,-8.5,419.175959683914
73.5,-7.5,419.1751495258677
73.5,-6.5,419.17746235333567
73.5,-5.5,419.1786964037826
73.5,-4.5,419.1800058379071
73.5,-3.5,419.17968462934334
73.5,-2.5,419.1817191206784
73.5,-1.5,419.1838943796011
73.5,-0.5,419.18787824192987
73.5,0.5,419.19041565079294
73.5,1.5,419.1935287236217
73.5,2.5,419.19716284600935
73.5,3.5,419.2008832802824
73.5,4.5,419.2080261950395
73.5,5.5,419.2112200668958
73.5,6.5,419.2144918443528
73.5,7.5,419.2157002096727
73.5,8.5,419.2180749447367
73.5,9.5,419.2204137621896
73.5,10.5,419.219202001858
73.5,11.5,419.2218383524045
73.5,12.5,419.22442922562703
73.5,13.5,419.2330482577324
73.5,14.5,419.2359326688612
73.5,15.5,419.2401702503369
73.5,16.5,419.2413073815101
73.5,17.5,419.2424094558818
73.5,18.5,419.2435161771487
73.5,19.5,419.24234024767935
73.5,20.5,419.241163286165
73.5,21.5,419.2385468299508
73.5,22.5,419.2376693774131
73.5,23.5,419.23680123014896
73.5,24.5,419.2370187456882
73.5,25.5,419.2415111286536
73.5,26.5,419.2420407939326
73.5,27.5,419.2453629598828
73.5,28.5,419.2469544447504
73.5,29.5,419.24564734892544
73.5,30.5,419.2508888827109
73.5,31.5,419.2506881557063
73.5,32.5,419.2503863907799
73.5,33.5,419.2464358138962
73.5,34.5,419.2456812966915
73.5,35.5,419.2448137736407
73.5,36.5,419.2432451488151
73.5,37.5,419.24317172591503
73.5,38.5,419.2430249198844
73.5,39.5,419.2395756776726
73.5,40.5,419.24100404179353
73.5,41.5,419.2423432601927
73.5,42.5,419.2441021249289
73.5,43.5,419.2503258296369
73.5,44.5,419.2539907853133
73.5,45.5,419.25978558514095
73.5,46.5,419.2624316837437
73.5,47.5,419.2684843827623
73.5,48.5,419.2690365969824
73.5,49.5,419.26937336813927
73.5,50.5,419.2695398795192
73.5,51.5,419.2971493903491
73.5,52.5,419.2624849554385
73.5,53.5,419.25804668968107
73.5,54.5,419.13146750953
73.5,55.5,419.13395095623935
73.5,56.5,419.1363031052363
73.5,57.5,419.21531352321387
73.5,58.5,419.2223962806342
73.5,59.5,419.2885111328168
73.5,60.5,419.292682854838
73.5,61.5,419.2966968544995
73.5,62.5,419.2967973626028
73.5,63.5,419.2992532603611
73.5,64.5,419.30159152352576
73.5,65.5,419.3030241313806
73.5,66.5,419.3063593044026
73.5,67.5,419.3096193207767
73.5,68.5,419.3150101879753
73.5,69.5,419.3181172319529
73.5,70.5,419.3211513119775
73.5,71.5,419.3257259217189
73.5,72.5,419.3294136586752
73.5,73.5,419.3380052857365
73.5,74.5,419.3407537949132
73.5,75.5,419.3434208874827
73.5,76.5,419.3454653774181
73.5,77.5,419.3457629561774
73.5,78.5,419.3460018128389
73.5,79.5,419.32793649092594
73.5,80.5,419.3242033363774
73.5,81.5,419.3204685812171
73.5,82.5,419.30084045849287
73.5,83.5,419.2992596558764
73.5,84.5,419.29771494745273
73.5,85.5,419.32065382777125
73.5,86.5,419.3173501537925
73.5,87.5,419.2970716410092
73.5,88.5,419.29430955208505
73.5,89.5,419.2914891119845
73.5,90.5,419.273693685694
73.5,91.5,419.2680570595659
73.5,92.5,419.2622802037721
73.5,93.5,419.2208203420432
73.5,94.5,419.2311153424168
73.5,95.5,419.2207804690302
73.5,96.5,419.2699136986211
73.5,97.5,419.2588306030518
73.5,98.5,419.2635242830893
73.5,99.5,419.2708099220274
73.5,100.5,419.2722482733619
73.5,101.5,419.2802331344487
73.5,102.5,419.27404015940857
73.5,103.5,419.2747663658744
73.5,104.5,419.2753748366927
73.5,105.5,419.2975143984048
73.5,106.5,419.299166304016
73.5,107.5,419.30075138034687
73.5,108.5,419.3103421597999
73.5,109.5,419.3129336683781
73.5,110.5,419.3154091318131
73.5,111.5,419.3095730854491
73.5,112.5,419.3112787723045
73.5,113.5,419.3128760074515
73.5,114.5,419.32001792822206
73.5,115.5,419.3057392936122
73.5,116.5,419.30759464110446
73.5,117.5,419.3271144846975
73.5,118.5,419.330297855035
73.5,119.5,419.33259427852255
73.5,120.5,419.3503784702103
73.5,121.5,419.3548517344673
73.5,122.5,419.35927090294086
73.5,123.5,419.3912238065234
73.5,124.5,419.3628144822217
73.5,125.5,419.3642467713288
73.5,126.5,419.36070637955424
73.5,127.5,419.36135892936807
73.5,128.5,419.36202173413335
73.5,129.5,419.3600914190922
73.5,130.5,419.359282150901
73.5,131.5,419.36115564439865
73.5,132.5,419.35977212789726
73.5,133.5,419.3846772518895
73.5,134.5,419.3571922442791
73.5,135.5,419.3536188319853
73.5,136.5,419.3499354382151
73.5,137.5,419.3408467974261
73.5,138.5,419.3368321872096
73.5,139.5,419.3328060286185
73.5,140.5,419.3219106786245
73.5,141.5,419.3199499593207
73.5,142.5,419.3180403705798
73.5,143.5,419.3242239495815
73.5,144.5,419.3223380231808
73.5,145.5,419.32238433392206
73.5,146.5,419.32067703898457
73.5,147.5,419.318844985158
73.5,148.5,419.3144029997386
73.5,149.5,419.3142741326491
73.5,150.5,419.3142296041132
73.5,151.5,419.3184754234025
73.5,152.5,419.318941137068
73.5,153.5,419.3193206237002
73.5,154.5,419.31937448411406
73.5,155.5,419.3178212936743
73.5,156.5,419.3162369183665
73.5,157.5,419.30921410195737
73.5,158.5,419.3050757790645
73.5,159.5,419.2986641826427
73.5,160.5,419.29399168117175
73.5,161.5,419.2891885603503
73.5,162.5,419.280499464564
73.5,163.5,419.27735596293286
73.5,164.5,419.2742595759127
73.5,165.5,419.2726918752341
73.5,166.5,419.2718970778838
73.5,167.5,419.2711620137961
73.5,168.5,419.2714638327445
73.5,169.5,419.2709094178132
73.5,170.5,419.2689657215713
73.5,171.5,419.2649722145225
73.5,172.5,419.2618938051219
73.5,173.5,419.2578993063252
73.5,174.5,419.2532904476273
73.5,175.5,419.25120842933416
73.5,176.5,419.249145715199
73.5,177.5,419.24615393579376
73.5,178.5,419.24501654755375
73.5,179.5,419.2439152431522
74.5,-179.5,419.23118821767054
74.5,-178.5,419.2299797635015
74.5,-177.5,419.228745204232
74.5,-176.5,419.23030029475547
74.5,-175.5,419.23103116493655
74.5,-174.5,419.2316862751117
74.5,-173.5,419.23232304763405
74.5,-172.5,419.2364275149695
74.5,-171.5,419.23740871375225
74.5,-170.5,419.2383498798436
74.5,-169.5,419.23923560016544
74.5,-168.5,419.2407953839331
74.5,-167.5,419.2422046806184
74.5,-166.5,419.24361757584353
74.5,-165.5,419.2472229398446
74.5,-164.5,419.2499531754037
74.5,-163.5,419.2526577505236
74.5,-162.5,419.25640994358935
74.5,-161.5,419.258936523018
74.5,-160.5,419.2635781215547
74.5,-159.5,419.2655177243765
74.5,-158.5,419.2673506345235
74.5,-157.5,419.26910103179
74.5,-156.5,419.2712277561279
74.5,-155.5,419.2724917712636
74.5,-154.5,419.27370435748094
74.5,-153.5,419.27477188191153
74.5,-152.5,419.2955550692799
74.5,-151.5,419.27562910948734
74.5,-150.5,419.2755358503615
74.5,-149.5,419.2754123948749
74.5,-148.5,419.27514666015816
74.5,-147.5,419.27441575877526
74.5,-146.5,419.2742572984777
74.5,-145.5,419.2756414733648
74.5,-144.5,419.27601669115927
74.5,-143.5,419.276378112611
74.5,-142.5,419.2765661420127
74.5,-141.5,419.2751007449548
74.5,-140.5,419.2740930532314
74.5,-139.5,419.2705283688772
74.5,-138.5,419.26936360375566
74.5,-137.5,419.26799929328223
74.5,-136.5,419.2666603746678
74.5,-135.5,419.2654933235138
74.5,-134.5,419.26485032580416
74.5,-133.5,419.26547140262727
74.5,-132.5,419.2655635071857
74.5,-131.5,419.26561771156406
74.5,-130.5,419.2676823415001
74.5,-129.5,419.26781562277216
74.5,-128.5,419.2679454412444
74.5,-127.5,419.2680782871726
74.5,-126.5,419.267539393386
74.5,-125.5,419.26582477994623
74.5,-124.5,419.23748469848096
74.5,-123.5,419.233661448266
74.5,-122.5,419.2298586851001
74.5,-121.5,419.24158116248327
74.5,-120.5,419.2405814246272
74.5,-119.5,419.2394963773156
74.5,-118.5,419.2385603105108
74.5,-117.5,419.25001432980207
74.5,-116.5,419.2487266338032
74.5,-115.5,419.247334996832
74.5,-114.5,419.22756231707655
74.5,-113.5,419.2269469189992
74.5,-112.5,419.2261284926865
74.5,-111.5,419.2253402755749
74.5,-110.5,419.2296626080524
74.5,-109.5,419.2297594490647
74.5,-108.5,419.229642083542
74.5,-107.5,419.2423567731105
74.5,-106.5,419.241625119221
74.5,-105.5,419.240816346035
74.5,-104.5,419.2421920872145
74.5,-103.5,419.2414647736061
74.5,-102.5,419.2853272693067
74.5,-101.5,419.284775714913
74.5,-100.5,419.2404724714325
74.5,-99.5,419.2393717159518
74.5,-98.5,419.2381934066151
74.5,-97.5,419.23670238136094
74.5,-96.5,419.2346484130372
74.5,-95.5,419.2324949553867
74.5,-94.5,419.2303782874896
74.5,-93.5,419.21104154308193
74.5,-92.5,419.2077016829887
74.5,-91.5,419.2042610563389
74.5,-90.5,419.1413821789371
74.5,-89.5,419.13490878935903
74.5,-88.5,419.0863319356218
74.5,-87.5,419.0792494942897
74.5,-86.5,419.0720501507544
74.5,-85.5,419.0646625590031
74.5,-84.5,419.1315681056005
74.5,-83.5,419.1301759252521
74.5,-82.5,419.1286482763507
74.5,-81.5,418.9759387825557
74.5,-80.5,418.9814056893016
74.5,-79.5,419.1952736822211
74.5,-78.5,419.1978718331442
74.5,-77.5,419.20044935871977
74.5,-76.5,419.2028583970816
74.5,-75.5,419.1955559230682
74.5,-74.5,419.1934286982876
74.5,-73.5,419.1825191812738
74.5,-72.5,419.1789983377397
74.5,-71.5,419.2336534798998
74.5,-70.5,419.1715608756279
74.5,-69.5,419.1689731562868
74.5,-68.5,419.1665010081528
74.5,-67.5,419.1636167230676
74.5,-66.5,419.1631354424802
74.5,-65.5,419.1626140892698
74.5,-64.5,419.1621259452776
74.5,-63.5,419.16566955611535
74.5,-62.5,419.1646813795528
74.5,-61.5,419.1662688427207
74.5,-60.5,419.16099959686
74.5,-59.5,419.15584412223103
74.5,-58.5,419.093819866812
74.5,-57.5,419.0708892624595
74.5,-56.5,419.0479521660353
74.5,-55.5,419.0248996787032
74.5,-54.5,418.5310477550922
74.5,-53.5,418.54119274700713
74.5,-52.5,418.3187896004727
74.5,-51.5,418.3006530946765
74.5,-50.5,418.2824224991624
74.5,-49.5,418.0982458874519
74.5,-48.5,418.0921128069904
74.5,-47.5,418.08583659445526
74.5,-46.5,418.0795490827255
74.5,-45.5,417.9662793215506
74.5,-44.5,417.9668619442398
74.5,-43.5,417.9673680558216
74.5,-42.5,417.9278299381779
74.5,-41.5,417.9327204619812
74.5,-40.5,417.9375848754869
74.5,-39.5,417.9424901522386
74.5,-38.5,417.9824014742318
74.5,-37.5,417.9875970088157
74.5,-36.5,417.9928345478762
74.5,-35.5,418.02104252919946
74.5,-34.5,418.0274219802125
74.5,-33.5,418.033876009052
74.5,-32.5,418.10085159637663
74.5,-31.5,418.114662763112
74.5,-30.5,418.1285220000385
74.5,-29.5,418.14227518180303
74.5,-28.5,418.4158147844021
74.5,-27.5,418.4358129315802
74.5,-26.5,418.4557402266471
74.5,-25.5,418.7299117793668
74.5,-24.5,418.7503237125138
74.5,-23.5,418.7705624408308
74.5,-22.5,418.7906499974338
74.5,-21.5,419.082009362651
74.5,-20.5,419.0958527088521
74.5,-19.5,419.1096208597877
74.5,-18.5,419.2091747588676
74.5,-17.5,419.2180155310076
74.5,-16.5,419.2194729703302
74.5,-15.5,419.2195932551328
74.5,-14.5,419.21979492623007
74.5,-13.5,419.2199919695362
74.5,-12.5,419.2103005562968
74.5,-11.5,419.2083904055245
74.5,-10.5,419.2065916754091
74.5,-9.5,419.2052715900511
74.5,-8.5,419.2045438292487
74.5,-7.5,419.2000830583311
74.5,-6.5,419.2012194543824
74.5,-5.5,419.2024291453192
74.5,-4.5,419.20372634778784
74.5,-3.5,419.205807962596
74.5,-2.5,419.2079843431192
74.5,-1.5,419.20960347603256
74.5,-0.5,419.2109359156778
74.5,0.5,419.2123039488728
74.5,1.5,419.2138021425207
74.5,2.5,419.2126293009212
74.5,3.5,419.2159399192559
74.5,4.5,419.2237931649676
74.5,5.5,419.226045658129
74.5,6.5,419.2283092446588
74.5,7.5,419.23062362631305
74.5,8.5,419.2295386691076
74.5,9.5,419.2307037960437
74.5,10.5,419.2303907953839
74.5,11.5,419.2321656822639
74.5,12.5,419.2339716699571
74.5,13.5,419.2385135437574
74.5,14.5,419.2399313000584
74.5,15.5,419.2414023467582
74.5,16.5,419.2428437165384
74.5,17.5,419.24162994746825
74.5,18.5,419.24190533718553
74.5,19.5,419.24345413727264
74.5,20.5,419.2430208952357
74.5,21.5,419.24256185011967
74.5,22.5,419.2435403081879
74.5,23.5,419.242665703989
74.5,24.5,419.241835482624
74.5,25.5,419.2410207325075
74.5,26.5,419.2399132179925
74.5,27.5,419.2392971577951
74.5,28.5,419.238727452786
74.5,29.5,419.2377201288804
74.5,30.5,419.23652899487945
74.5,31.5,419.2353553446515
74.5,32.5,419.2458481581644
74.5,33.5,419.231282503224
74.5,34.5,419.2304403007834
74.5,35.5,419.2295475175573
74.5,36.5,419.2272936913211
74.5,37.5,419.2275785257612
74.5,38.5,419.2278557102572
74.5,39.5,419.227134938021
74.5,40.5,419.2286579296464
74.5,41.5,419.23011800681775
74.5,42.5,419.2315315421817
74.5,43.5,419.2347314075469
74.5,44.5,419.2366816614045
74.5,45.5,419.2385936552991
74.5,46.5,419.268336657408
74.5,47.5,419.2416611406029
74.5,48.5,419.2423157499945
74.5,49.5,419.2429253663048
74.5,50.5,419.2457537723613
74.5,51.5,419.243926183369
74.5,52.5,419.2419913755784
74.5,53.5,419.2347628987342
74.5,54.5,419.2289403550751
74.5,55.5,419.0988493536613
74.5,56.5,419.09789423848144
74.5,57.5,419.09676878028864
74.5,58.5,419.0954863985858
74.5,59.5,419.2329414225564
74.5,60.5,419.2410672498221
74.5,61.5,419.2489639815572
74.5,62.5,419.2661749394266
74.5,63.5,419.2752150459961
74.5,64.5,419.2791730890858
74.5,65.5,419.2836292518164
74.5,66.5,419.28796139086967
74.5,67.5,419.2922272713077
74.5,68.5,419.2925702451004
74.5,69.5,419.2956527542513
74.5,70.5,419.29980409392215
74.5,71.5,419.30285606867625
74.5,72.5,419.3057913782472
74.5,73.5,419.30861721009256
74.5,74.5,419.3148716877034
74.5,75.5,419.3177159514673
74.5,76.5,419.320519427157
74.5,77.5,419.3225328768906
74.5,78.5,419.3244582971234
74.5,79.5,419.3262734254226
74.5,80.5,419.3249825566861
74.5,81.5,419.3267841557405
74.5,82.5,419.3291624402591
74.5,83.5,419.3282905232211
74.5,84.5,419.32743598362697
74.5,85.5,419.3116971451364
74.5,86.5,419.304744265604
74.5,87.5,419.29777200559016
74.5,88.5,419.290834465119
74.5,89.5,419.2386760949406
74.5,90.5,419.2292973102683
74.5,91.5,419.1936266294157
74.5,92.5,419.1877612659196
74.5,93.5,419.18181162861646
74.5,94.5,419.15703259224296
74.5,95.5,419.16008786103697
74.5,96.5,419.1631183452968
74.5,97.5,419.1661245222665
74.5,98.5,419.2136415818799
74.5,99.5,419.2166232455795
74.5,100.5,419.219585794863
74.5,101.5,419.2278037300548
74.5,102.5,419.2251948050576
74.5,103.5,419.2224732027285
74.5,104.5,419.2196763268595
74.5,105.5,419.224956513161
74.5,106.5,419.2224592976017
74.5,107.5,419.2197199319737
74.5,108.5,419.2306896916773
74.5,109.5,419.23486239406645
74.5,110.5,419.2387270660331
74.5,111.5,419.2788838542164
74.5,112.5,419.2853037366586
74.5,113.5,419.2915640440023
74.5,114.5,419.2976096293676
74.5,115.5,419.3009363105597
74.5,116.5,419.3032787489117
74.5,117.5,419.3055557879501
74.5,118.5,419.3081569714335
74.5,119.5,419.31168076213686
74.5,120.5,419.315096148631
74.5,121.5,419.3184468473619
74.5,122.5,419.3313248534175
74.5,123.5,419.3339167032924
74.5,124.5,419.33643208112073
74.5,125.5,419.3337389253647
74.5,126.5,419.3348582601375
74.5,127.5,419.334816563336
74.5,128.5,419.3343342348125
74.5,129.5,419.3337716769109
74.5,130.5,419.3331218605812
74.5,131.5,419.3328152466409
74.5,132.5,419.3317338576464
74.5,133.5,419.3306060759623
74.5,134.5,419.3289827992087
74.5,135.5,419.3279624531506
74.5,136.5,419.3250792175904
74.5,137.5,419.3224107245483
74.5,138.5,419.3197314365039
74.5,139.5,419.31699755703306
74.5,140.5,419.3120576758189
74.5,141.5,419.30961943927554
74.5,142.5,419.3103738502134
74.5,143.5,419.3074719291235
74.5,144.5,419.3045952707496
74.5,145.5,419.3016387916837
74.5,146.5,419.29763658078906
74.5,147.5,419.29510724560686
74.5,148.5,419.2855399349978
74.5,149.5,419.284804773838
74.5,150.5,419.28394019036864
74.5,151.5,419.2831181739452
74.5,152.5,419.285184411591
74.5,153.5,419.2856040211512
74.5,154.5,419.2898428486806
74.5,155.5,419.2887553254787
74.5,156.5,419.2876882325672
74.5,157.5,419.28446244598223
74.5,158.5,419.28141819585375
74.5,159.5,419.278316486628
74.5,160.5,419.27520392383536
74.5,161.5,419.26656936856085
74.5,162.5,419.2643829336178
74.5,163.5,419.2629765266336
74.5,164.5,419.2621451037779
74.5,165.5,419.2613552705864
74.5,166.5,419.2663109926164
74.5,167.5,419.2665418800557
74.5,168.5,419.2668133763609
74.5,169.5,419.26710202605176
74.5,170.5,419.2676889327496
74.5,171.5,419.2652940302559
74.5,172.5,419.2629270643357
74.5,173.5,419.2567915627759
74.5,174.5,419.2526102440111
74.5,175.5,419.2484714813446
74.5,176.5,419.2443175591361
74.5,177.5,419.2409682422567
74.5,178.5,419.2376256011782
74.5,179.5,419.23429408986544
75.5,-179.5,419.2242726131562
75.5,-178.5,419.22142661075617
75.5,-177.5,419.2204381986129
75.5,-176.5,419.2197508628842
75.5,-175.5,419.21903631844594
75.5,-174.5,419.2195573525331
75.5,-173.5,419.2204092860597
75.5,-172.5,419.2212404280932
75.5,-171.5,419.2219781543594
75.5,-170.5,419.2234983738625
75.5,-169.5,419.2273297447383
75.5,-168.5,419.2288910112733
75.5,-167.5,419.23199546494936
75.5,-166.5,419.2343269231904
75.5,-165.5,419.23656391739377
75.5,-164.5,419.2404086680049
75.5,-163.5,419.242519627626
75.5,-162.5,419.2445366392776
75.5,-161.5,419.247805852958
75.5,-160.5,419.2495260852405
75.5,-159.5,419.2511165474418
75.5,-158.5,419.2526370759269
75.5,-157.5,419.2547598832279
75.5,-156.5,419.25578499939553
75.5,-155.5,419.25700269885897
75.5,-154.5,419.2581294453821
75.5,-153.5,419.2589135942257
75.5,-152.5,419.2594869569189
75.5,-151.5,419.2598346118606
75.5,-150.5,419.2598890975404
75.5,-149.5,419.25974910238585
75.5,-148.5,419.25933961042034
75.5,-147.5,419.284472645029
75.5,-146.5,419.2604999830977
75.5,-145.5,419.2620174509162
75.5,-144.5,419.28933833724
75.5,-143.5,419.2626594795484
75.5,-142.5,419.2629065331606
75.5,-141.5,419.2618697938136
75.5,-140.5,419.2611798154684
75.5,-139.5,419.2604870295849
75.5,-138.5,419.25713499875286
75.5,-137.5,419.2558477745312
75.5,-136.5,419.25439310305296
75.5,-135.5,419.2511527315614
75.5,-134.5,419.2505242651056
75.5,-133.5,419.24978209158405
75.5,-132.5,419.2511407016087
75.5,-131.5,419.2515283036741
75.5,-130.5,419.2519870097898
75.5,-129.5,419.25802394759546
75.5,-128.5,419.25844203934537
75.5,-127.5,419.2588317905132
75.5,-126.5,419.2591064601375
75.5,-125.5,419.2589046431443
75.5,-124.5,419.2583072105684
75.5,-123.5,419.2576995728213
75.5,-122.5,419.2514017916902
75.5,-121.5,419.2501066584761
75.5,-120.5,419.24877044364735
75.5,-119.5,419.2528614548381
75.5,-118.5,419.2502435248713
75.5,-117.5,419.23265494724
75.5,-116.5,419.1828363160003
75.5,-115.5,419.1801137759982
75.5,-114.5,419.17733664315256
75.5,-113.5,419.1744693917824
75.5,-112.5,419.1813947546764
75.5,-111.5,419.18161503949096
75.5,-110.5,419.18168848981657
75.5,-109.5,419.21073337195566
75.5,-108.5,419.2101991984855
75.5,-107.5,419.2095949304728
75.5,-106.5,419.20904986095934
75.5,-105.5,419.2241854070296
75.5,-104.5,419.2222804063665
75.5,-103.5,419.22031741535017
75.5,-102.5,419.2074787741697
75.5,-101.5,419.20543896382
75.5,-100.5,419.2034347190777
75.5,-99.5,419.201290095792
75.5,-98.5,419.1686228848503
75.5,-97.5,419.187868750704
75.5,-96.5,419.1869339822312
75.5,-95.5,419.1990275473585
75.5,-94.5,419.1976061901941
75.5,-93.5,419.1961127647294
75.5,-92.5,419.1588593068028
75.5,-91.5,419.15437926542313
75.5,-90.5,419.14991171011576
75.5,-89.5,419.1180356148391
75.5,-88.5,419.10951835881775
75.5,-87.5,419.10093090780526
75.5,-86.5,419.0925634282834
75.5,-85.5,419.1153379563432
75.5,-84.5,418.8931708486698
75.5,-83.5,418.88874752936897
75.5,-82.5,418.898556741672
75.5,-81.5,418.9016652097361
75.5,-80.5,418.9048929573647
75.5,-79.5,419.1575036185111
75.5,-78.5,419.1630346626477
75.5,-77.5,419.1684782855758
75.5,-76.5,419.1709111355042
75.5,-75.5,419.1687331183726
75.5,-74.5,419.16644982393126
75.5,-73.5,419.160273659348
75.5,-72.5,419.157275499352
75.5,-71.5,419.1541246809311
75.5,-70.5,419.1508944362273
75.5,-69.5,419.14429611778814
75.5,-68.5,419.1416257686297
75.5,-67.5,419.1388153619549
75.5,-66.5,419.1461683051037
75.5,-65.5,419.1458803739228
75.5,-64.5,419.14539176422073
75.5,-63.5,419.1513560119048
75.5,-62.5,419.147494520623
75.5,-61.5,419.1434117755242
75.5,-60.5,419.1367235462795
75.5,-59.5,419.1254748199505
75.5,-58.5,418.9358201664873
75.5,-57.5,418.7354359479617
75.5,-56.5,418.7106840890108
75.5,-55.5,418.68566270010007
75.5,-54.5,418.6604593562335
75.5,-53.5,418.3032983873658
75.5,-52.5,418.28778540007767
75.5,-51.5,418.2721428365354
75.5,-50.5,418.09265709963074
75.5,-49.5,418.08786851285583
75.5,-48.5,418.0830836933865
75.5,-47.5,418.02092569760055
75.5,-46.5,418.0189330013513
75.5,-45.5,417.9824252935818
75.5,-44.5,417.9443261281627
75.5,-43.5,417.9484361864719
75.5,-42.5,417.9525284743789
75.5,-41.5,417.95660354641126
75.5,-40.5,417.9924384532872
75.5,-39.5,417.999335516413
75.5,-38.5,418.00632636203926
75.5,-37.5,418.0624058973205
75.5,-36.5,418.0683070713337
75.5,-35.5,418.0742515413149
75.5,-34.5,418.0802989268328
75.5,-33.5,418.1160428254189
75.5,-32.5,418.1231695742389
75.5,-31.5,418.1303558073688
75.5,-30.5,418.2103018451327
75.5,-29.5,418.2236266310734
75.5,-28.5,418.2369451500398
75.5,-27.5,418.2503420004223
75.5,-26.5,418.4569516890672
75.5,-25.5,418.47614260831546
75.5,-24.5,418.4960992306499
75.5,-23.5,418.8218649869644
75.5,-22.5,418.8455276414569
75.5,-21.5,418.8693153525701
75.5,-20.5,419.15363989228894
75.5,-19.5,419.1666883419538
75.5,-18.5,419.1797849292348
75.5,-17.5,419.22935378207234
75.5,-16.5,419.2322801328893
75.5,-15.5,419.2351959323362
75.5,-14.5,419.2381716404413
75.5,-13.5,419.2360168202876
75.5,-12.5,419.23372162487846
75.5,-11.5,419.2331007026769
75.5,-10.5,419.23033119664586
75.5,-9.5,419.2295378220016
75.5,-8.5,419.2287723820231
75.5,-7.5,419.2233786753209
75.5,-6.5,419.223860091538
75.5,-5.5,419.2244306074016
75.5,-4.5,419.225900098565
75.5,-3.5,419.2269702866175
75.5,-2.5,419.2280925199997
75.5,-1.5,419.2272802368861
75.5,-0.5,419.2289256296888
75.5,0.5,419.2306207182015
75.5,1.5,419.2323711896629
75.5,2.5,419.2345952935685
75.5,3.5,419.23657718998953
75.5,4.5,419.2385393364488
75.5,5.5,419.2381158137789
75.5,6.5,419.23978726467647
75.5,7.5,419.24143321473343
75.5,8.5,419.24492591840686
75.5,9.5,419.2455632067054
75.5,10.5,419.246211964658
75.5,11.5,419.2429945819635
75.5,12.5,419.2436566188793
75.5,13.5,419.2468642072415
75.5,14.5,419.2437180416478
75.5,15.5,419.2440232561082
75.5,16.5,419.2443312455768
75.5,17.5,419.24467609653095
75.5,18.5,419.24673036773424
75.5,19.5,419.2476347652688
75.5,20.5,419.2485415735661
75.5,21.5,419.25123076244085
75.5,22.5,419.25128855573416
75.5,23.5,419.2513547508031
75.5,24.5,419.2495582097303
75.5,25.5,419.249006510141
75.5,26.5,419.2477852862749
75.5,27.5,419.24711509327113
75.5,28.5,419.2463731457401
75.5,29.5,419.24563703389015
75.5,30.5,419.244973086659
75.5,31.5,419.2415734696904
75.5,32.5,419.2408832988634
75.5,33.5,419.2401976976343
75.5,34.5,419.23834316072015
75.5,35.5,419.2379424231992
75.5,36.5,419.23758600871497
75.5,37.5,419.2372454489593
75.5,38.5,419.2357050772601
75.5,39.5,419.2357295373346
75.5,40.5,419.23577955243695
75.5,41.5,419.2335682100252
75.5,42.5,419.2341237784008
75.5,43.5,419.23472637982167
75.5,44.5,419.2352978585362
75.5,45.5,419.2361769247739
75.5,46.5,419.2338074949938
75.5,47.5,419.2343482363786
75.5,48.5,419.23581099571066
75.5,49.5,419.2354433337232
75.5,50.5,419.2350803528985
75.5,51.5,419.23676370644375
75.5,52.5,419.2337991586871
75.5,53.5,419.2308042689022
75.5,54.5,419.2008793896643
75.5,55.5,419.1945027554439
75.5,56.5,419.1881337802197
75.5,57.5,419.18176849728457
75.5,58.5,419.1387602193601
75.5,59.5,419.05820101262174
75.5,60.5,419.0614102393704
75.5,61.5,419.0895669016144
75.5,62.5,419.0963357027052
75.5,63.5,419.1029915054288
75.5,64.5,419.24144549516507
75.5,65.5,419.249853460054
75.5,66.5,419.25811844870026
75.5,67.5,419.2644406264845
75.5,68.5,419.27186311139417
75.5,69.5,419.2792375171952
75.5,70.5,419.2844217928628
75.5,71.5,419.2877135781647
75.5,72.5,419.2909543937282
75.5,73.5,419.2940888991434
75.5,74.5,419.2969101910243
75.5,75.5,419.29952307164695
75.5,76.5,419.3020748093937
75.5,77.5,419.30281112943874
75.5,78.5,419.305166382124
75.5,79.5,419.3074949949044
75.5,80.5,419.3121694259849
75.5,81.5,419.3136062310411
75.5,82.5,419.314966225382
75.5,83.5,419.31885660755256
75.5,84.5,419.3179466128908
75.5,85.5,419.3159022490108
75.5,86.5,419.3123942136253
75.5,87.5,419.30665094745177
75.5,88.5,419.3008340909124
75.5,89.5,419.2951082287221
75.5,90.5,419.2636367086362
75.5,91.5,419.2572525653183
75.5,92.5,419.25091935232825
75.5,93.5,419.2200000243586
75.5,94.5,419.21918245520624
75.5,95.5,419.2184392843759
75.5,96.5,419.22730345667145
75.5,97.5,419.2306136704037
75.5,98.5,419.2545162567668
75.5,99.5,419.241688382616
75.5,100.5,419.2385898824768
75.5,101.5,419.2355058622345
75.5,102.5,419.23243905439233
75.5,103.5,419.1739237408317
75.5,104.5,419.1634402127253
75.5,105.5,419.15285938729096
75.5,106.5,419.0421776027694
75.5,107.5,419.04005806187456
75.5,108.5,419.0378459526376
75.5,109.5,419.0355597795353
75.5,110.5,419.0937549793492
75.5,111.5,419.1038954432905
75.5,112.5,419.1139495961764
75.5,113.5,419.25787354844607
75.5,114.5,419.2655429711117
75.5,115.5,419.2731606176336
75.5,116.5,419.28071927738415
75.5,117.5,419.27791391999017
75.5,118.5,419.2828402451896
75.5,119.5,419.28436932590193
75.5,120.5,419.2817833288028
75.5,121.5,419.2833259888207
75.5,122.5,419.2848087264061
75.5,123.5,419.29747960699416
75.5,124.5,419.3001007017874
75.5,125.5,419.30264678290007
75.5,126.5,419.3062061479826
75.5,127.5,419.3066796076748
75.5,128.5,419.30708780878126
75.5,129.5,419.3074350537892
75.5,130.5,419.3043635685664
75.5,131.5,419.310595793958
75.5,132.5,419.3105739897458
75.5,133.5,419.3506245466799
75.5,134.5,419.3104487833781
75.5,135.5,419.3109419017602
75.5,136.5,419.3347938004322
75.5,137.5,419.296371185999
75.5,138.5,419.294619318564
75.5,139.5,419.3004655200952
75.5,140.5,419.2974435593003
75.5,141.5,419.2944020660226
75.5,142.5,419.2875777437324
75.5,143.5,419.2837037260607
75.5,144.5,419.2798258281092
75.5,145.5,419.2759238300718
75.5,146.5,419.2733012334223
75.5,147.5,419.2687339377358
75.5,148.5,419.2641104462931
75.5,149.5,419.2592480915374
75.5,150.5,419.2574754795518
75.5,151.5,419.25574139104685
75.5,152.5,419.2578843716831
75.5,153.5,419.258259693469
75.5,154.5,419.2586202777746
75.5,155.5,419.26418754928005
75.5,156.5,419.2641040868811
75.5,157.5,419.2616941998785
75.5,158.5,419.264704883155
75.5,159.5,419.2632180701933
75.5,160.5,419.2617685831406
75.5,161.5,419.26035525742
75.5,162.5,419.2579073214951
75.5,163.5,419.2576894715405
75.5,164.5,419.25751584969487
75.5,165.5,419.2614257010075
75.5,166.5,419.2620461513866
75.5,167.5,419.2626300627665
75.5,168.5,419.26572301742567
75.5,169.5,419.2656844452932
75.5,170.5,419.2650216092969
75.5,171.5,419.2640209185254
75.5,172.5,419.2604430064518
75.5,173.5,419.2568365423658
75.5,174.5,419.2532071061636
75.5,175.5,419.2449404736531
75.5,176.5,419.2404633841293
75.5,177.5,419.2359804115159
75.5,178.5,419.22990360699015
75.5,179.5,419.2270824771367
76.5,-179.5,419.2175450005007
76.5,-178.5,419.2151789622805
76.5,-177.5,419.2135424907255
76.5,-176.5,419.21263693045296
76.5,-175.5,419.2117107053522
76.5,-174.5,419.21070836439225
76.5,-173.5,419.2118642994269
76.5,-172.5,419.2128827222493
76.5,-171.5,419.2138437399408
76.5,-170.5,419.2147430349788
76.5,-169.5,419.21861627569314
76.5,-168.5,419.2204519569022
76.5,-167.5,419.2222903916406
76.5,-166.5,419.2240467525461
76.5,-165.5,419.2276402862112
76.5,-164.5,419.24967075537967
76.5,-163.5,419.2310507960732
76.5,-162.5,419.232628340975
76.5,-161.5,419.2340012263126
76.5,-160.5,419.2352899931384
76.5,-159.5,419.2365701349405
76.5,-158.5,419.23760535948537
76.5,-157.5,419.2384231849637
76.5,-156.5,419.2392486516431
76.5,-155.5,419.2407998801988
76.5,-154.5,419.2413569131605
76.5,-153.5,419.2418642736759
76.5,-152.5,419.2422584870213
76.5,-151.5,419.242386771108
76.5,-150.5,419.2430132619559
76.5,-149.5,419.2430498057444
76.5,-148.5,419.2429446659634
76.5,-147.5,419.2435420372732
76.5,-146.5,419.244109827211
76.5,-145.5,419.2446330843204
76.5,-144.5,419.24782738803776
76.5,-143.5,419.2484868382404
76.5,-142.5,419.2488177881259
76.5,-141.5,419.2488460744993
76.5,-140.5,419.24880859614007
76.5,-139.5,419.2486953413825
76.5,-138.5,419.2467501009312
76.5,-137.5,419.245715079161
76.5,-136.5,419.2459601343821
76.5,-135.5,419.2424082793996
76.5,-134.5,419.2418609388054
76.5,-133.5,419.2412819995973
76.5,-132.5,419.2406347576281
76.5,-131.5,419.2431828204139
76.5,-130.5,419.2440076977911
76.5,-129.5,419.2446541786459
76.5,-128.5,419.24792557578223
76.5,-127.5,419.2486779513209
76.5,-126.5,419.24941450235485
76.5,-125.5,419.2494854527267
76.5,-124.5,419.2495106045469
76.5,-123.5,419.24962482415697
76.5,-122.5,419.249635768528
76.5,-121.5,419.2377806142789
76.5,-120.5,419.2372732078314
76.5,-119.5,419.23674297567896
76.5,-118.5,419.2361929689629
76.5,-117.5,419.2454332165091
76.5,-116.5,419.29315644561245
76.5,-115.5,419.2431123464364
76.5,-114.5,419.24198100077774
76.5,-113.5,419.24490933678624
76.5,-112.5,419.2435798385778
76.5,-111.5,419.2423253782432
76.5,-110.5,419.2411469091151
76.5,-109.5,419.231775052342
76.5,-108.5,419.23473864974505
76.5,-107.5,419.2761878880799
76.5,-106.5,419.2252781669587
76.5,-105.5,419.2242331262033
76.5,-104.5,419.2205752035724
76.5,-103.5,419.2169702508828
76.5,-102.5,419.2132581076705
76.5,-101.5,419.1995112857336
76.5,-100.5,419.195937328361
76.5,-99.5,419.1924806457519
76.5,-98.5,419.1889570734402
76.5,-97.5,419.1497245014723
76.5,-96.5,419.1481419509312
76.5,-95.5,419.1465381129146
76.5,-94.5,419.1449031838821
76.5,-93.5,419.1251119575845
76.5,-92.5,419.12334400522207
76.5,-91.5,419.1213832388208
76.5,-90.5,419.1195598532964
76.5,-89.5,419.1398762379188
76.5,-88.5,419.1345860282525
76.5,-87.5,419.1292356969447
76.5,-86.5,418.988883173893
76.5,-85.5,418.9824648991577
76.5,-84.5,418.9762103094967
76.5,-83.5,419.02346018865137
76.5,-82.5,419.0220463308086
76.5,-81.5,419.0206049000621
76.5,-80.5,419.0192290044103
76.5,-79.5,419.0283080273729
76.5,-78.5,419.1055585855495
76.5,-77.5,419.10933466103074
76.5,-76.5,419.15039609155497
76.5,-75.5,419.1489748437645
76.5,-74.5,419.1476894565571
76.5,-73.5,419.14625315608566
76.5,-72.5,419.13342596293074
76.5,-71.5,419.12880774790455
76.5,-70.5,419.0090432195957
76.5,-69.5,419.0010146809423
76.5,-68.5,418.9927576118079
76.5,-67.5,418.9842856549409
76.5,-66.5,419.0386083910756
76.5,-65.5,419.0349589248325
76.5,-64.5,418.7032709551656
76.5,-63.5,418.82598835048606
76.5,-62.5,418.8173124141292
76.5,-61.5,418.8081973032019
76.5,-60.5,418.8465376233274
76.5,-59.5,418.4845236118336
76.5,-58.5,418.4733804099103
76.5,-57.5,418.4619687717295
76.5,-56.5,418.4051754379617
76.5,-55.5,418.38923071213713
76.5,-54.5,418.373082775991
76.5,-53.5,418.1634785154516
76.5,-52.5,418.1568669479527
76.5,-51.5,418.1502002843992
76.5,-50.5,418.1434536806448
76.5,-49.5,418.0342140110904
76.5,-48.5,418.034056998958
76.5,-47.5,418.0338839978508
76.5,-46.5,418.0336884681034
76.5,-45.5,418.0001402405626
76.5,-44.5,418.0050397632566
76.5,-43.5,418.0099722028856
76.5,-42.5,418.0149199972011
76.5,-41.5,418.0682165529221
76.5,-40.5,418.0766687352486
76.5,-39.5,418.08522008187214
76.5,-38.5,418.0937626881269
76.5,-37.5,418.0887936593436
76.5,-36.5,418.1826143051852
76.5,-35.5,418.19105657544577
76.5,-34.5,418.18596030546126
76.5,-33.5,418.286438410549
76.5,-32.5,418.29509065098136
76.5,-31.5,418.3038565448292
76.5,-30.5,418.3126862286074
76.5,-29.5,418.38943486732944
76.5,-28.5,418.4062811273759
76.5,-27.5,418.42325128887126
76.5,-26.5,418.4403506290831
76.5,-25.5,418.8573044610808
76.5,-24.5,418.8810082711327
76.5,-23.5,418.9048354458246
76.5,-22.5,418.92874255124696
76.5,-21.5,419.1772705026158
76.5,-20.5,419.1907561783624
76.5,-19.5,419.2043623796641
76.5,-18.5,419.2179892268622
76.5,-17.5,419.2493289601301
76.5,-16.5,419.2528671659104
76.5,-15.5,419.2564337264138
76.5,-14.5,419.2523862811664
76.5,-13.5,419.2524645390252
76.5,-12.5,419.25255198180406
76.5,-11.5,419.2461768921973
76.5,-10.5,419.2453610956816
76.5,-9.5,419.2445727385963
76.5,-8.5,419.243838373521
76.5,-7.5,419.2423406485924
76.5,-6.5,419.239548510445
76.5,-5.5,419.2395809195281
76.5,-4.5,419.2376035824706
76.5,-3.5,419.2380929573955
76.5,-2.5,419.238566146377
76.5,-1.5,419.2391380857759
76.5,-0.5,419.2397955091638
76.5,0.5,419.241414909368
76.5,1.5,419.2427929793112
76.5,2.5,419.2449331062339
76.5,3.5,419.2471438415898
76.5,4.5,419.2493460805797
76.5,5.5,419.25182614936216
76.5,6.5,419.25354848642814
76.5,7.5,419.2579708971071
76.5,8.5,419.2586930493523
76.5,9.5,419.2588483117118
76.5,10.5,419.2590384610625
76.5,11.5,419.25926304594566
76.5,12.5,419.2554414702159
76.5,13.5,419.25379426771786
76.5,14.5,419.2522057191713
76.5,15.5,419.2362097263471
76.5,16.5,419.2461820462093
76.5,17.5,419.2363335454242
76.5,18.5,419.2514906856765
76.5,19.5,419.25254865873234
76.5,20.5,419.2536283710552
76.5,21.5,419.2546218670759
76.5,22.5,419.2540137406229
76.5,23.5,419.2540422411601
76.5,24.5,419.2540313625095
76.5,25.5,419.2540266966082
76.5,26.5,419.2512387204532
76.5,27.5,419.25156143285705
76.5,28.5,419.25962146007504
76.5,29.5,419.252236483517
76.5,30.5,419.25337245642754
76.5,31.5,419.25410112084967
76.5,32.5,419.2548042102193
76.5,33.5,419.2555505880212
76.5,34.5,419.2563664605573
76.5,35.5,419.2567814779185
76.5,36.5,419.2707596624185
76.5,37.5,419.2534177958039
76.5,38.5,419.25600410425744
76.5,39.5,419.2554298886775
76.5,40.5,419.2548314443697
76.5,41.5,419.25428081551246
76.5,42.5,419.2501589360217
76.5,43.5,419.2486421258703
76.5,44.5,419.2471777924005
76.5,45.5,419.2457434171258
76.5,46.5,419.2413800127303
76.5,47.5,419.24031003804856
76.5,48.5,419.2392368438752
76.5,49.5,419.2381451744403
76.5,50.5,419.2359057581009
76.5,51.5,419.2344461447614
76.5,52.5,419.2329637148225
76.5,53.5,419.23148186854274
76.5,54.5,419.2316754985865
76.5,55.5,419.2279235494776
76.5,56.5,419.22419530611154
76.5,57.5,419.2229868370246
76.5,58.5,419.2219538901776
76.5,59.5,419.2210115348601
76.5,60.5,419.1941112194101
76.5,61.5,419.1953730263323
76.5,62.5,419.1967484553464
76.5,63.5,419.19821325838177
76.5,64.5,419.2140388021653
76.5,65.5,419.130940394425
76.5,66.5,419.1381313539656
76.5,67.5,419.207216679051
76.5,68.5,419.2475891599985
76.5,69.5,419.22166874258994
76.5,70.5,419.2288722460129
76.5,71.5,419.2768100226013
76.5,72.5,419.28184184972514
76.5,73.5,419.28999634933575
76.5,74.5,419.2931046192394
76.5,75.5,419.2961357177495
76.5,76.5,419.2991879442628
76.5,77.5,419.3016335548049
76.5,78.5,419.3033733685321
76.5,79.5,419.3066946481072
76.5,80.5,419.3069778637485
76.5,81.5,419.3072361334506
76.5,82.5,419.3074346811654
76.5,83.5,419.307543824479
76.5,84.5,419.3083580956751
76.5,85.5,419.3065188321157
76.5,86.5,419.3045803187664
76.5,87.5,419.3024196739655
76.5,88.5,419.2987994564008
76.5,89.5,419.2950994266399
76.5,90.5,419.2904906647344
76.5,91.5,419.2875919930455
76.5,92.5,419.2846823805458
76.5,93.5,419.2818321764014
76.5,94.5,419.2768068617072
76.5,95.5,419.27589696471045
76.5,96.5,419.2750351778475
76.5,97.5,419.2742013939724
76.5,98.5,419.2782209405003
76.5,99.5,419.274621539823
76.5,100.5,419.2709991321088
76.5,101.5,419.26736293145495
76.5,102.5,419.2136625464218
76.5,103.5,419.20858826738834
76.5,104.5,419.2036476583965
76.5,105.5,419.19877763556593
76.5,106.5,419.1067473044586
76.5,107.5,419.2152657297525
76.5,108.5,419.2150155500682
76.5,109.5,419.1019936316949
76.5,110.5,419.23394566380745
76.5,111.5,419.2371722126854
76.5,112.5,419.2404729024904
76.5,113.5,419.2438909192487
76.5,114.5,419.2550691808083
76.5,115.5,419.2567245663319
76.5,116.5,419.2583511020747
76.5,117.5,419.2599754105592
76.5,118.5,419.2598449702328
76.5,119.5,419.2605686252264
76.5,120.5,419.2612475586178
76.5,121.5,419.2618723410391
76.5,122.5,419.267517586493
76.5,123.5,419.2698461399107
76.5,124.5,419.27212514095874
76.5,125.5,419.2743451199763
76.5,126.5,419.2809681967775
76.5,127.5,419.2827771188233
76.5,128.5,419.2845411541536
76.5,129.5,419.2857299597532
76.5,130.5,419.2884689328835
76.5,131.5,419.29117733169
76.5,132.5,419.2959836054414
76.5,133.5,419.29809806996246
76.5,134.5,419.3002147870562
76.5,135.5,419.3023251518295
76.5,136.5,419.3046018980441
76.5,137.5,419.3035870147454
76.5,138.5,419.3029926938057
76.5,139.5,419.3034835079704
76.5,140.5,419.3009734356255
76.5,141.5,419.2984889662185
76.5,142.5,419.2960272128576
76.5,143.5,419.2868578978237
76.5,144.5,419.2828067977526
76.5,145.5,419.2776690543933
76.5,146.5,419.27304976415
76.5,147.5,419.2685088520429
76.5,148.5,419.2639833931647
76.5,149.5,419.2559360034426
76.5,150.5,419.2534922287255
76.5,151.5,419.25185672862585
76.5,152.5,419.24861020128697
76.5,153.5,419.2804165932848
76.5,154.5,419.2474658037159
76.5,155.5,419.2469384894297
76.5,156.5,419.2502576173586
76.5,157.5,419.2502766203348
76.5,158.5,419.25035618356674
76.5,159.5,419.2535641821431
76.5,160.5,419.2534423148257
76.5,161.5,419.25337013436905
76.5,162.5,419.2527343888724
76.5,163.5,419.2527615558933
76.5,164.5,419.2528193704596
76.5,165.5,419.2528580331488
76.5,166.5,419.25422551931337
76.5,167.5,419.2536931520722
76.5,168.5,419.2530627509846
76.5,169.5,419.2779033186315
76.5,170.5,419.2529976119846
76.5,171.5,419.2504489689635
76.5,172.5,419.2478056630233
76.5,173.5,419.2450805875612
76.5,174.5,419.2391187678225
76.5,175.5,419.2353493042895
76.5,176.5,419.23153327188754
76.5,177.5,419.22758773264167
76.5,178.5,419.22352490096
76.5,179.5,419.2200809330695
77.5,-179.5,419.2000451892981
77.5,-178.5,419.1990182676868
77.5,-177.5,419.197827713058
77.5,-176.5,419.19660364131937
77.5,-175.5,419.19800853525214
77.5,-174.5,419.1984763719164
77.5,-173.5,419.1989295972932
77.5,-172.5,419.19928443396986
77.5,-171.5,419.2019661714054
77.5,-170.5,419.2031695278231
77.5,-169.5,419.2042726594861
77.5,-168.5,419.2052547143877
77.5,-167.5,419.2060261265164
77.5,-166.5,419.20894520875447
77.5,-165.5,419.2104316614132
77.5,-164.5,419.2118240988728
77.5,-163.5,419.2130114497568
77.5,-162.5,419.21430614632817
77.5,-161.5,419.2155606576987
77.5,-160.5,419.2176787544213
77.5,-159.5,419.21845943325167
77.5,-158.5,419.2191055063767
77.5,-157.5,419.219757831198
77.5,-156.5,419.2202220781277
77.5,-155.5,419.2204983671612
77.5,-154.5,419.22085297456056
77.5,-153.5,419.2211795006252
77.5,-152.5,419.2206282231582
77.5,-151.5,419.22082014093473
77.5,-150.5,419.22090945770776
77.5,-149.5,419.2208575028498
77.5,-148.5,419.2216755937973
77.5,-147.5,419.2223139463928
77.5,-146.5,419.2229089485835
77.5,-145.5,419.2233618447573
77.5,-144.5,419.2248829225504
77.5,-143.5,419.2263351907857
77.5,-142.5,419.2277233436347
77.5,-141.5,419.2306058487247
77.5,-140.5,419.2316938042793
77.5,-139.5,419.2326116536691
77.5,-138.5,419.2335519847021
77.5,-137.5,419.2337200282064
77.5,-136.5,419.23464420309006
77.5,-135.5,419.23556750749015
77.5,-134.5,419.2362925260158
77.5,-133.5,419.2364765380875
77.5,-132.5,419.2366233364173
77.5,-131.5,419.2378417884452
77.5,-130.5,419.2379999755898
77.5,-129.5,419.2382116900726
77.5,-128.5,419.2383200727862
77.5,-127.5,419.2384004724617
77.5,-126.5,419.2385574361999
77.5,-125.5,419.23942745455525
77.5,-124.5,419.2401389230336
77.5,-123.5,419.24308077405937
77.5,-122.5,419.2436037098636
77.5,-121.5,419.24415976130007
77.5,-120.5,419.2445188400977
77.5,-119.5,419.2428269208671
77.5,-118.5,419.24281909134174
77.5,-117.5,419.2427572646261
77.5,-116.5,419.2427516484464
77.5,-115.5,419.2412564532784
77.5,-114.5,419.24012914557454
77.5,-113.5,419.2389621756565
77.5,-112.5,419.2378398803934
77.5,-111.5,419.23608422204205
77.5,-110.5,419.2339686678994
77.5,-109.5,419.2317530566897
77.5,-108.5,419.2295403317782
77.5,-107.5,419.2254935346555
77.5,-106.5,419.22222179307846
77.5,-105.5,419.2188643555273
77.5,-104.5,419.215605430792
77.5,-103.5,419.2130798755169
77.5,-102.5,419.21020374967145
77.5,-101.5,419.2073856434048
77.5,-100.5,419.20464150975874
77.5,-99.5,419.1999064042338
77.5,-98.5,419.1970301368744
77.5,-97.5,419.19412270584337
77.5,-96.5,419.1913237545531
77.5,-95.5,419.15436733860014
77.5,-94.5,419.1681513917492
77.5,-93.5,419.1667178842984
77.5,-92.5,419.1651909799402
77.5,-91.5,419.1715610361497
77.5,-90.5,419.1691607141701
77.5,-89.5,419.16676767685175
77.5,-88.5,419.1236870383395
77.5,-87.5,419.1167578275801
77.5,-86.5,419.10989891220254
77.5,-85.5,419.1029576042071
77.5,-84.5,419.0959286373435
77.5,-83.5,418.9993946383495
77.5,-82.5,418.9938866000667
77.5,-81.5,418.9883669035074
77.5,-80.5,418.8758883121513
77.5,-79.5,418.87668015317377
77.5,-78.5,418.87724672758907
77.5,-77.5,419.19618644771583
77.5,-76.5,419.1331378961073
77.5,-75.5,419.1338355869019
77.5,-74.5,419.1344571345942
77.5,-73.5,419.06018327081256
77.5,-72.5,419.0521438015989
77.5,-71.5,419.0440374760904
77.5,-70.5,419.0358676031016
77.5,-69.5,418.9552298782031
77.5,-68.5,418.94253880354336
77.5,-67.5,418.929778913182
77.5,-66.5,418.9169422798267
77.5,-65.5,418.6362222794938
77.5,-64.5,418.6229393387287
77.5,-63.5,418.60955789687154
77.5,-62.5,418.38802748043247
77.5,-61.5,418.3792628183529
77.5,-60.5,418.3702916293326
77.5,-59.5,418.2595313830468
77.5,-58.5,418.2552474498007
77.5,-57.5,418.2509652407673
77.5,-56.5,418.2465562461691
77.5,-55.5,418.24218934997776
77.5,-54.5,418.1675223687023
77.5,-53.5,418.2053331577465
77.5,-52.5,418.16384945964063
77.5,-51.5,418.0986464945857
77.5,-50.5,418.0970880033255
77.5,-49.5,418.0955612797014
77.5,-48.5,418.11269168756456
77.5,-47.5,418.0466728544956
77.5,-46.5,418.04933491882855
77.5,-45.5,418.0520506872755
77.5,-44.5,418.0548001124269
77.5,-43.5,418.0751426043032
77.5,-42.5,418.08193223337616
77.5,-41.5,418.08876411927525
77.5,-40.5,418.095650557904
77.5,-39.5,418.1749284263908
77.5,-38.5,418.1839282512279
77.5,-37.5,418.1929380976883
77.5,-36.5,418.20200801247313
77.5,-35.5,418.3044015248496
77.5,-34.5,418.3136520598124
77.5,-33.5,418.3229599855866
77.5,-32.5,418.33236732352447
77.5,-31.5,418.4521304845279
77.5,-30.5,418.4651769136769
77.5,-29.5,418.4783381906252
77.5,-28.5,418.4915538735317
77.5,-27.5,418.7064383666621
77.5,-26.5,418.72731125288107
77.5,-25.5,418.7482796293249
77.5,-24.5,418.7693218089095
77.5,-23.5,419.02469790789024
77.5,-22.5,419.14181313997295
77.5,-21.5,419.1571653302672
77.5,-20.5,419.172528997127
77.5,-19.5,419.2420692232138
77.5,-18.5,419.2486340526361
77.5,-17.5,419.25521531578994
77.5,-16.5,419.26275589979247
77.5,-15.5,419.2631964266775
77.5,-14.5,419.2636636316477
77.5,-13.5,419.2641207038875
77.5,-12.5,419.2645703489106
77.5,-11.5,419.2586989499165
77.5,-10.5,419.25795179905685
77.5,-9.5,419.25725792155976
77.5,-8.5,419.2550712185
77.5,-7.5,419.2542139518534
77.5,-6.5,419.2533407149298
77.5,-5.5,419.24749645484087
77.5,-4.5,419.24730009479714
77.5,-3.5,419.2472203435486
77.5,-2.5,419.24711499115614
77.5,-1.5,419.2466198247152
77.5,-0.5,419.2477598315108
77.5,0.5,419.2488977009767
77.5,1.5,419.2500307269482
77.5,2.5,419.2523540242989
77.5,3.5,419.2543821820421
77.5,4.5,419.2563717471429
77.5,5.5,419.25845409522105
77.5,6.5,419.26121682691104
77.5,7.5,419.2614142817698
77.5,8.5,419.2616491534832
77.5,9.5,419.2615994090331
77.5,10.5,419.2605371513504
77.5,11.5,419.2594477569531
77.5,12.5,419.178266209797
77.5,13.5,419.177090515709
77.5,14.5,419.1758074610289
77.5,15.5,419.1745543021449
77.5,16.5,419.1732104593072
77.5,17.5,419.21263080673697
77.5,18.5,419.2146184279757
77.5,19.5,419.2164697545588
77.5,20.5,419.2319478415748
77.5,21.5,419.2331446693027
77.5,22.5,419.234297131443
77.5,23.5,419.20027331520674
77.5,24.5,419.25764796030944
77.5,25.5,419.25847238912826
77.5,26.5,419.2592953704109
77.5,27.5,419.2600872564898
77.5,28.5,419.2590876451199
77.5,29.5,419.2594470720738
77.5,30.5,419.25981875210994
77.5,31.5,419.26014208008297
77.5,32.5,419.2589173419168
77.5,33.5,419.2593813371125
77.5,34.5,419.25985552422384
77.5,35.5,419.2603643667167
77.5,36.5,419.2604785182805
77.5,37.5,419.2604426741436
77.5,38.5,419.2603943816418
77.5,39.5,419.26033687156206
77.5,40.5,419.2595954736846
77.5,41.5,419.2585773803041
77.5,42.5,419.2575635175653
77.5,43.5,419.25656790701873
77.5,44.5,419.2527983569772
77.5,45.5,419.2513585411376
77.5,46.5,419.2499355411156
77.5,47.5,419.2484862715981
77.5,48.5,419.2480034006063
77.5,49.5,419.2429587320864
77.5,50.5,419.24169989291056
77.5,51.5,419.2404892116917
77.5,52.5,419.2423666447854
77.5,53.5,419.2425878645689
77.5,54.5,419.24281575244703
77.5,55.5,419.2592901644558
77.5,56.5,419.243442266792
77.5,57.5,419.2439911209459
77.5,58.5,419.2445925916775
77.5,59.5,419.245266057172
77.5,60.5,419.24634983719926
77.5,61.5,419.2723031029317
77.5,62.5,419.24897616049554
77.5,63.5,419.2534908688832
77.5,64.5,419.25554455087297
77.5,65.5,419.2577035080727
77.5,66.5,419.25579498971433
77.5,67.5,419.25938307441606
77.5,68.5,419.2630250570156
77.5,69.5,419.2666948583834
77.5,70.5,419.2731831413958
77.5,71.5,419.2760145311476
77.5,72.5,419.2789070033601
77.5,73.5,419.2817833810823
77.5,74.5,419.2871487379663
77.5,75.5,419.2898839760784
77.5,76.5,419.2926923597793
77.5,77.5,419.2954331712742
77.5,78.5,419.29823827232616
77.5,79.5,419.2997547902213
77.5,80.5,419.3012693564843
77.5,81.5,419.3018442550983
77.5,82.5,419.30148844614985
77.5,83.5,419.30103405267033
77.5,84.5,419.30035898601193
77.5,85.5,419.298026220813
77.5,86.5,419.2956380025946
77.5,87.5,419.2932275260403
77.5,88.5,419.290854190684
77.5,89.5,419.2849916664362
77.5,90.5,419.30958094243135
77.5,91.5,419.2793810449433
77.5,92.5,419.2766266818892
77.5,93.5,419.274912927172
77.5,94.5,419.2731430381252
77.5,95.5,419.27123000678927
77.5,96.5,419.2700258405118
77.5,97.5,419.267715318404
77.5,98.5,419.2653785230161
77.5,99.5,419.2630605841477
77.5,100.5,419.2524760886195
77.5,101.5,419.2495468721245
77.5,102.5,419.2466148013839
77.5,103.5,419.2174810955345
77.5,104.5,419.2437111911036
77.5,105.5,419.2433411252105
77.5,106.5,419.2430443340628
77.5,107.5,419.24273141842735
77.5,108.5,419.2487935255334
77.5,109.5,419.2489419327475
77.5,110.5,419.2491051364386
77.5,111.5,419.2492955566135
77.5,112.5,419.24771691770815
77.5,113.5,419.247782237272
77.5,114.5,419.2478448442095
77.5,115.5,419.2479162939753
77.5,116.5,419.2458937058847
77.5,117.5,419.24572535332777
77.5,118.5,419.2455290891866
77.5,119.5,419.2453155932282
77.5,120.5,419.2431019378157
77.5,121.5,419.2445016955587
77.5,122.5,419.24571918415353
77.5,123.5,419.2468968868085
77.5,124.5,419.2484442832522
77.5,125.5,419.2513173020019
77.5,126.5,419.2541667192649
77.5,127.5,419.2626419661264
77.5,128.5,419.26710521080656
77.5,129.5,419.2715370161229
77.5,130.5,419.2759593715699
77.5,131.5,419.28034599133326
77.5,132.5,419.2889227932869
77.5,133.5,419.2922623314879
77.5,134.5,419.29561575073046
77.5,135.5,419.3010147928504
77.5,136.5,419.30328843496966
77.5,137.5,419.3055642381226
77.5,138.5,419.308474568916
77.5,139.5,419.30780884808985
77.5,140.5,419.3071938290581
77.5,141.5,419.3065954649176
77.5,142.5,419.3046969552878
77.5,143.5,419.3020371738547
77.5,144.5,419.2994165956399
77.5,145.5,419.2968353183617
77.5,146.5,419.28818195047705
77.5,147.5,419.2839607842865
77.5,148.5,419.2797836639597
77.5,149.5,419.2756793769656
77.5,150.5,419.2704860180078
77.5,151.5,419.2662502876158
77.5,152.5,419.26209993732
77.5,153.5,419.2538715151613
77.5,154.5,419.2522271271428
77.5,155.5,419.2506717589459
77.5,156.5,419.2497893867833
77.5,157.5,419.24889109196295
77.5,158.5,419.24805763432806
77.5,159.5,419.2472743734074
77.5,160.5,419.2464888055025
77.5,161.5,419.24502532649575
77.5,162.5,419.2431999766573
77.5,163.5,419.2413753868669
77.5,164.5,419.2413905571344
77.5,165.5,419.2406112642944
77.5,166.5,419.2398457742567
77.5,167.5,419.2359150087417
77.5,168.5,419.2363118961747
77.5,169.5,419.23448758516463
77.5,170.5,419.2326342436805
77.5,171.5,419.2307008852282
77.5,172.5,419.2264801182403
77.5,173.5,419.2230251356669
77.5,174.5,419.2194822975643
77.5,175.5,419.21580197454864
77.5,176.5,419.2098456952409
77.5,177.5,419.2070020354717
77.5,178.5,419.2040498981696
77.5,179.5,419.2010234835943
78.5,-179.5,419.1707430005418
78.5,-178.5,419.16722632978656
78.5,-177.5,419.1663911951085
78.5,-176.5,419.1654709549197
78.5,-175.5,419.1708563938562
78.5,-174.5,419.1711041425274
78.5,-173.5,419.1723666126837
78.5,-172.5,419.17353501021296
78.5,-171.5,419.1746407701357
78.5,-170.5,419.178131831747
78.5,-169.5,419.1792615596098
78.5,-168.5,419.1803180359833
78.5,-167.5,419.1813241667559
78.5,-166.5,419.1821729336361
78.5,-165.5,419.18509372861087
78.5,-164.5,419.1863763056371
78.5,-163.5,419.1875963053192
78.5,-162.5,419.18871314475393
78.5,-161.5,419.19210386985776
78.5,-160.5,419.1930193467842
78.5,-159.5,419.19390824271375
78.5,-158.5,419.194622300819
78.5,-157.5,419.1938833304174
78.5,-156.5,419.1944643652213
78.5,-155.5,419.19498922158215
78.5,-154.5,419.1954872486472
78.5,-153.5,419.1959758497095
78.5,-152.5,419.1963999633385
78.5,-151.5,419.1966627861472
78.5,-150.5,419.1968914200873
78.5,-149.5,419.1970459237014
78.5,-148.5,419.19789064977255
78.5,-147.5,419.1986286321029
78.5,-146.5,419.1992654419573
78.5,-145.5,419.19965649983504
78.5,-144.5,419.2013840669616
78.5,-143.5,419.2030573090151
78.5,-142.5,419.20462219841255
78.5,-141.5,419.2087447445808
78.5,-140.5,419.2106035771061
78.5,-139.5,419.212445729153
78.5,-138.5,419.2159782122847
78.5,-137.5,419.21810794329417
78.5,-136.5,419.2201914968477
78.5,-135.5,419.2222715565984
78.5,-134.5,419.2242746713615
78.5,-133.5,419.22660358552736
78.5,-132.5,419.2282470322744
78.5,-131.5,419.2298368263364
78.5,-130.5,419.2313003695332
78.5,-129.5,419.2322652183914
78.5,-128.5,419.2327654477913
78.5,-127.5,419.2332414532704
78.5,-126.5,419.2337038727287
78.5,-125.5,419.2337646687783
78.5,-124.5,419.2345365039389
78.5,-123.5,419.2353033877355
78.5,-122.5,419.2360336167804
78.5,-121.5,419.2393896544009
78.5,-120.5,419.2396898670716
78.5,-119.5,419.2868322816758
78.5,-118.5,419.2402013693306
78.5,-117.5,419.24045525309896
78.5,-116.5,419.2391621659543
78.5,-115.5,419.2375894713726
78.5,-114.5,419.283439901605
78.5,-113.5,419.2343201785839
78.5,-112.5,419.2288313104304
78.5,-111.5,419.2283538382736
78.5,-110.5,419.2261493689848
78.5,-109.5,419.2240338772328
78.5,-108.5,419.223709137731
78.5,-107.5,419.22104355957737
78.5,-106.5,419.2127722434004
78.5,-105.5,419.2107813001642
78.5,-104.5,419.2087045509771
78.5,-103.5,419.2051522121269
78.5,-102.5,419.2016329644738
78.5,-101.5,419.19901128533576
78.5,-100.5,419.1965176760589
78.5,-99.5,419.1939289399192
78.5,-98.5,419.1960856070557
78.5,-97.5,419.18902297267897
78.5,-96.5,419.1818486844241
78.5,-95.5,419.1747488254073
78.5,-94.5,419.16745855687736
78.5,-93.5,419.03276158361314
78.5,-92.5,419.0290052921649
78.5,-91.5,419.0251032358616
78.5,-90.5,419.0210730737545
78.5,-89.5,419.05802023027513
78.5,-88.5,419.05417244962666
78.5,-87.5,419.0501169064239
78.5,-86.5,419.0458603785802
78.5,-85.5,419.0180936710286
78.5,-84.5,419.01031521216674
78.5,-83.5,419.0024945357405
78.5,-82.5,418.9946809700862
78.5,-81.5,418.66719894204994
78.5,-80.5,418.6664909863099
78.5,-79.5,418.6657023079394
78.5,-78.5,418.6649608788388
78.5,-77.5,418.6642450529846
78.5,-76.5,418.9931503850604
78.5,-75.5,418.9983693636935
78.5,-74.5,419.00362121846985
78.5,-73.5,419.069548327325
78.5,-72.5,419.0667869878897
78.5,-71.5,419.0640424524902
78.5,-70.5,419.0613976306204
78.5,-69.5,418.74724620774793
78.5,-68.5,418.73451649726826
78.5,-67.5,418.7219250737783
78.5,-66.5,418.58573153204
78.5,-65.5,418.573936059066
78.5,-64.5,418.56231833748313
78.5,-63.5,418.550845316058
78.5,-62.5,418.53960836083934
78.5,-61.5,418.4633272340114
78.5,-60.5,418.4553358573992
78.5,-59.5,418.4474676452585
78.5,-58.5,418.4398657903541
78.5,-57.5,418.2879302570949
78.5,-56.5,418.2847640137576
78.5,-55.5,418.28168085362176
78.5,-54.5,418.2787243105544
78.5,-53.5,418.2299493790656
78.5,-52.5,418.22844377608186
78.5,-51.5,418.2270072921965
78.5,-50.5,418.22571201281255
78.5,-49.5,418.1734511240153
78.5,-48.5,418.2138497514004
78.5,-47.5,418.17565737042486
78.5,-46.5,418.1768939862999
78.5,-45.5,418.1781448202888
78.5,-44.5,418.1642384971966
78.5,-43.5,418.16946325902313
78.5,-42.5,418.1747069211821
78.5,-41.5,418.1800545073569
78.5,-40.5,418.17916275747547
78.5,-39.5,418.2607309383481
78.5,-38.5,418.2692969481377
78.5,-37.5,418.2778982427368
78.5,-36.5,418.30710580949767
78.5,-35.5,418.316549108846
78.5,-34.5,418.4221270332406
78.5,-33.5,418.43299544497216
78.5,-32.5,418.4439458358787
78.5,-31.5,418.4877123891348
78.5,-30.5,418.6374233180177
78.5,-29.5,418.651685560324
78.5,-28.5,418.6660347250536
78.5,-27.5,418.68038340368855
78.5,-26.5,418.8685284709245
78.5,-25.5,418.8859841231285
78.5,-24.5,418.90347355441503
78.5,-23.5,418.9209622773745
78.5,-22.5,418.9384252343099
78.5,-21.5,419.22278478581416
78.5,-20.5,419.2326115792182
78.5,-19.5,419.2424258079388
78.5,-18.5,419.2522048840696
78.5,-17.5,419.2670564214741
78.5,-16.5,419.2681682602371
78.5,-15.5,419.2692655613018
78.5,-14.5,419.2703235060188
78.5,-13.5,419.2667672138692
78.5,-12.5,419.2669098075382
78.5,-11.5,419.2670411872724
78.5,-10.5,419.2671688347998
78.5,-9.5,419.2648172911878
78.5,-8.5,419.2642887050779
78.5,-7.5,419.26368491587374
78.5,-6.5,419.26313437864206
78.5,-5.5,419.26261007937165
78.5,-4.5,419.2572952428419
78.5,-3.5,419.2566718418723
78.5,-2.5,419.256029530794
78.5,-1.5,419.2528790110404
78.5,-0.5,419.2527756414919
78.5,0.5,419.2527154650636
78.5,1.5,419.252570129685
78.5,2.5,419.2547429557988
78.5,3.5,419.2556023228869
78.5,4.5,419.2563636507608
78.5,5.5,419.2580955719978
78.5,6.5,419.2555874865859
78.5,7.5,419.25297690794974
78.5,8.5,419.2503775550782
78.5,9.5,419.2477045089005
78.5,10.5,419.0778213583678
78.5,11.5,419.07427053118266
78.5,12.5,419.07071620542
78.5,13.5,419.0670852018021
78.5,14.5,419.0903458076536
78.5,15.5,419.0908489030679
78.5,16.5,419.09130683466
78.5,17.5,419.09159876199305
78.5,18.5,419.1558995465009
78.5,19.5,419.15981232185817
78.5,20.5,419.1637030812016
78.5,21.5,419.1675511480519
78.5,22.5,419.25380576222153
78.5,23.5,419.25593828503
78.5,24.5,419.25809325117694
78.5,25.5,419.26016095670326
78.5,26.5,419.2621741191298
78.5,27.5,419.2591123033157
78.5,28.5,419.2603476312736
78.5,29.5,419.2615212954981
78.5,30.5,419.2626627984828
78.5,31.5,419.2608318482286
78.5,32.5,419.2579318553368
78.5,33.5,419.2589332223439
78.5,34.5,419.25994835508425
78.5,35.5,419.25966587990047
78.5,36.5,419.2599358145599
78.5,37.5,419.26015065768087
78.5,38.5,419.26080879080814
78.5,39.5,419.2614873943936
78.5,40.5,419.2604604902533
78.5,41.5,419.2608712168188
78.5,42.5,419.26057766426334
78.5,43.5,419.26029874865736
78.5,44.5,419.2600124411368
78.5,45.5,419.2565972367757
78.5,46.5,419.2562245201144
78.5,47.5,419.25588745719847
78.5,48.5,419.25558643784194
78.5,49.5,419.2552935784092
78.5,50.5,419.25432371522913
78.5,51.5,419.2551360817321
78.5,52.5,419.2559956695554
78.5,53.5,419.2568834928789
78.5,54.5,419.2599805036925
78.5,55.5,419.2608937238526
78.5,56.5,419.2618274938511
78.5,57.5,419.2627949890024
78.5,58.5,419.2671661094346
78.5,59.5,419.2684517971132
78.5,60.5,419.26974577714014
78.5,61.5,419.271039636286
78.5,62.5,419.2710038118672
78.5,63.5,419.2723212652831
78.5,64.5,419.2736786194624
78.5,65.5,419.2751246209475
78.5,66.5,419.2765312611722
78.5,67.5,419.27638386356335
78.5,68.5,419.278187927085
78.5,69.5,419.2800535892823
78.5,70.5,419.2824381004454
78.5,71.5,419.2839603741836
78.5,72.5,419.2854405346434
78.5,73.5,419.2870088523023
78.5,74.5,419.2869929081936
78.5,75.5,419.28913587420834
78.5,76.5,419.2912850623061
78.5,77.5,419.2970684518376
78.5,78.5,419.29835646814354
78.5,79.5,419.2997263525261
78.5,80.5,419.3010314011434
78.5,81.5,419.3023331615383
78.5,82.5,419.3043438546308
78.5,83.5,419.3034172526371
78.5,84.5,419.30242628669714
78.5,85.5,419.3014073157523
78.5,86.5,419.2983604880565
78.5,87.5,419.2959328586527
78.5,88.5,419.2934376959712
78.5,89.5,419.2909160667138
78.5,90.5,419.287572938416
78.5,91.5,419.283785502126
78.5,92.5,419.2798904995588
78.5,93.5,419.2760313775053
78.5,94.5,419.26241473352496
78.5,95.5,419.2573573825243
78.5,96.5,419.25226393238574
78.5,97.5,419.2470358630922
78.5,98.5,419.2417876071588
78.5,99.5,419.1713431682156
78.5,100.5,419.1699637729259
78.5,101.5,419.16846240199817
78.5,102.5,419.16699782366805
78.5,103.5,419.2089809889139
78.5,104.5,419.2064057353234
78.5,105.5,419.2080138797111
78.5,106.5,419.2096154472508
78.5,107.5,419.2430785090364
78.5,108.5,419.243893533444
78.5,109.5,419.2447525057892
78.5,110.5,419.2456020870414
78.5,111.5,419.24642743401466
78.5,112.5,419.2450669980561
78.5,113.5,419.24661255277846
78.5,114.5,419.24611920235145
78.5,115.5,419.2456348919768
78.5,116.5,419.2451690063792
78.5,117.5,419.2433145128229
78.5,118.5,419.2423698807669
78.5,119.5,419.2414302916248
78.5,120.5,419.2405204884305
78.5,121.5,419.239613123191
78.5,122.5,419.2788771663151
78.5,123.5,419.280908527591
78.5,124.5,419.24202996646375
78.5,125.5,419.2437658437892
78.5,126.5,419.2496243587342
78.5,127.5,419.25405014524097
78.5,128.5,419.2584727079487
78.5,129.5,419.2628870450692
78.5,130.5,419.2709742676719
78.5,131.5,419.27566306958056
78.5,132.5,419.2803473966906
78.5,133.5,419.2850060166948
78.5,134.5,419.2936198578313
78.5,135.5,419.2966728971065
78.5,136.5,419.2997160601556
78.5,137.5,419.3027563740313
78.5,138.5,419.3057950439999
78.5,139.5,419.3079096242109
78.5,140.5,419.3083282538888
78.5,141.5,419.3087435792201
78.5,142.5,419.3079578753736
78.5,143.5,419.30652870238345
78.5,144.5,419.3050810448594
78.5,145.5,419.3036758807679
78.5,146.5,419.3009565679821
78.5,147.5,419.2974386129051
78.5,148.5,419.2939087319679
78.5,149.5,419.2870150254189
78.5,150.5,419.28296869537104
78.5,151.5,419.2789872000574
78.5,152.5,419.27501232487646
78.5,153.5,419.2710833668864
78.5,154.5,419.2657495742411
78.5,155.5,419.2621731658004
78.5,156.5,419.2585777400097
78.5,157.5,419.255026624363
78.5,158.5,419.25014770400605
78.5,159.5,419.2476471446477
78.5,160.5,419.2451392061715
78.5,161.5,419.2426847621469
78.5,162.5,419.23639913545657
78.5,163.5,419.2333277661135
78.5,164.5,419.23029066020047
78.5,165.5,419.2271645217153
78.5,166.5,419.2242812239404
78.5,167.5,419.22093436939934
78.5,168.5,419.217489857288
78.5,169.5,419.2139829737328
78.5,170.5,419.2104802739384
78.5,171.5,419.20566072915
78.5,172.5,419.2008146379743
78.5,173.5,419.19595423482735
78.5,174.5,419.1909857214927
78.5,175.5,419.1871541849056
78.5,176.5,419.1782922270705
78.5,177.5,419.1747952319189
78.5,178.5,419.17126726825614
78.5,179.5,419.17254252076685
79.5,-179.5,419.1508280577424
79.5,-178.5,419.1482242302123
79.5,-177.5,419.17036386038274
79.5,-176.5,419.1473965852635
79.5,-175.5,419.1471851750578
79.5,-174.5,419.1468837211686
79.5,-173.5,419.1465863036749
79.5,-172.5,419.14994542079546
79.5,-171.5,419.1510681564481
79.5,-170.5,419.152164835922
79.5,-169.5,419.1532034618085
79.5,-168.5,419.15417192329016
79.5,-167.5,419.1565360388828
79.5,-166.5,419.1577736494068
79.5,-165.5,419.15891166100926
79.5,-164.5,419.1599677812849
79.5,-163.5,419.1609155037125
79.5,-162.5,419.1615090235096
79.5,-161.5,419.1625618891873
79.5,-160.5,419.1636335754182
79.5,-159.5,419.16577483367735
79.5,-158.5,419.1667167105498
79.5,-157.5,419.16761362217
79.5,-156.5,419.16851066499606
79.5,-155.5,419.1692595000727
79.5,-154.5,419.1704770234901
79.5,-153.5,419.1713097991929
79.5,-152.5,419.1720632511099
79.5,-151.5,419.1727737591756
79.5,-150.5,419.1734526190584
79.5,-149.5,419.1740064589507
79.5,-148.5,419.1757473678494
79.5,-147.5,419.17738864935166
79.5,-146.5,419.2021666176666
79.5,-145.5,419.1817569632136
79.5,-144.5,419.18372077503386
79.5,-143.5,419.1856756144608
79.5,-142.5,419.1874707902284
79.5,-141.5,419.19106348781145
79.5,-140.5,419.1937655236469
79.5,-139.5,419.1963600216868
79.5,-138.5,419.1990078119758
79.5,-137.5,419.2046036928596
79.5,-136.5,419.20708217370543
79.5,-135.5,419.2095900327735
79.5,-134.5,419.2120891766632
79.5,-133.5,419.2145266193208
79.5,-132.5,419.2185169781777
79.5,-131.5,419.2205386443279
79.5,-130.5,419.2224999379768
79.5,-129.5,419.22440237312
79.5,-128.5,419.2262591362779
79.5,-127.5,419.2284540450088
79.5,-126.5,419.22949574020015
79.5,-125.5,419.2304439248253
79.5,-124.5,419.2306811333802
79.5,-123.5,419.2311101807037
79.5,-122.5,419.23159923836255
79.5,-121.5,419.2319478799293
79.5,-120.5,419.2323227002419
79.5,-119.5,419.2327774958863
79.5,-118.5,419.2322592425807
79.5,-117.5,419.23176724390464
79.5,-116.5,419.2312600771714
79.5,-115.5,419.2308045000466
79.5,-114.5,419.2272824639034
79.5,-113.5,419.2255323717601
79.5,-112.5,419.2237175276927
79.5,-111.5,419.2219398637349
79.5,-110.5,419.22018452986936
79.5,-109.5,419.2177661757184
79.5,-108.5,419.21627138075496
79.5,-107.5,419.2148101411682
79.5,-106.5,419.2132995781142
79.5,-105.5,419.2123584871087
79.5,-104.5,419.2104998255643
79.5,-103.5,419.2086875858847
79.5,-102.5,419.2068244874651
79.5,-101.5,419.20498548872376
79.5,-100.5,419.21209551626606
79.5,-99.5,419.2045077621624
79.5,-98.5,419.1968923632055
79.5,-97.5,419.18920580862505
79.5,-96.5,419.1814831374144
79.5,-95.5,418.994518112816
79.5,-94.5,418.98659232414
79.5,-93.5,418.9786837478047
79.5,-92.5,418.9705203461757
79.5,-91.5,418.9624070061184
79.5,-90.5,418.8086957117274
79.5,-89.5,418.8094066995874
79.5,-88.5,418.80995732396576
79.5,-87.5,419.0501486752354
79.5,-86.5,419.0478844688422
79.5,-85.5,419.045492969395
79.5,-84.5,419.0432096208327
79.5,-83.5,419.0408912003438
79.5,-82.5,418.8448408064065
79.5,-81.5,418.8400724938041
79.5,-80.5,418.8352116471491
79.5,-79.5,418.8304286644206
79.5,-78.5,418.82564855008445
79.5,-77.5,418.7543862096809
79.5,-76.5,418.75838884846695
79.5,-75.5,418.76242422213386
79.5,-74.5,418.76633425555394
79.5,-73.5,419.0703186780246
79.5,-72.5,419.0758334572533
79.5,-71.5,419.0812481836173
79.5,-70.5,419.0865850302943
79.5,-69.5,419.1517801809805
79.5,-68.5,419.15032703312175
79.5,-67.5,419.1488731205921
79.5,-66.5,419.1474781029564
79.5,-65.5,418.8997832084089
79.5,-64.5,418.8873560993333
79.5,-63.5,418.87520495193417
79.5,-62.5,418.8632318091396
79.5,-61.5,418.8515284716905
79.5,-60.5,418.6310750370643
79.5,-59.5,418.62138654510886
79.5,-58.5,418.6118487201253
79.5,-57.5,418.6025799612071
79.5,-56.5,418.59344197378897
79.5,-55.5,418.507169059154
79.5,-54.5,418.5005364137856
79.5,-53.5,418.4940390917555
79.5,-52.5,418.32220683846856
79.5,-51.5,418.31958015996383
79.5,-50.5,418.3171509333167
79.5,-49.5,418.3147314525264
79.5,-48.5,418.312515900976
79.5,-47.5,418.2433784982452
79.5,-46.5,418.2444257472098
79.5,-45.5,418.24558121392863
79.5,-44.5,418.2467954277553
79.5,-43.5,418.2480554964237
79.5,-42.5,418.2503461029546
79.5,-41.5,418.2556498273299
79.5,-40.5,418.26095688667823
79.5,-39.5,418.2662859047878
79.5,-38.5,418.2717187157723
79.5,-37.5,418.3595552702987
79.5,-36.5,418.3680798688407
79.5,-35.5,418.376650308233
79.5,-34.5,418.4167427256726
79.5,-33.5,418.5370010075593
79.5,-32.5,418.5495647742607
79.5,-31.5,418.5621607154731
79.5,-30.5,418.5747951956957
79.5,-29.5,418.5873881389534
79.5,-28.5,418.82253393382194
79.5,-27.5,418.8386102127603
79.5,-26.5,418.8547262992023
79.5,-25.5,418.87086660557856
79.5,-24.5,418.8870188830034
79.5,-23.5,419.1410859556899
79.5,-22.5,419.1529645851041
79.5,-21.5,419.1647587406314
79.5,-20.5,419.1765911532576
79.5,-19.5,419.18831899270776
79.5,-18.5,419.2198068511544
79.5,-17.5,419.2263250138839
79.5,-16.5,419.232823113501
79.5,-15.5,419.2698096878727
79.5,-14.5,419.2712392181102
79.5,-13.5,419.2726519676263
79.5,-12.5,419.2740523640145
79.5,-11.5,419.2754695571029
79.5,-10.5,419.2706648158632
79.5,-9.5,419.2701807831312
79.5,-8.5,419.26974705656943
79.5,-7.5,419.2692440833749
79.5,-6.5,419.2855597979842
79.5,-5.5,419.2646331525367
79.5,-4.5,419.26308317387554
79.5,-3.5,419.2616086474552
79.5,-2.5,419.26011965238825
79.5,-1.5,419.25482094995726
79.5,-0.5,419.2539110837345
79.5,0.5,419.2529498345708
79.5,1.5,419.2520371308349
79.5,2.5,419.2514644761287
79.5,3.5,419.2507306591141
79.5,4.5,419.2499947929115
79.5,5.5,419.2492393911315
79.5,6.5,419.2512346369362
79.5,7.5,419.2475906181632
79.5,8.5,419.24396287288806
79.5,9.5,419.240274162098
79.5,10.5,419.23660784711353
79.5,11.5,419.1099858758623
79.5,12.5,419.1076757785228
79.5,13.5,419.10542654620207
79.5,14.5,419.1032099797949
79.5,15.5,419.1009999645351
79.5,16.5,419.1678649449375
79.5,17.5,419.168189908316
79.5,18.5,419.16852167180446
79.5,19.5,419.1910258246464
79.5,20.5,419.19384832304
79.5,21.5,419.19659838232434
79.5,22.5,419.1993604770863
79.5,23.5,419.2020375345449
79.5,24.5,419.2018178956328
79.5,25.5,419.2039055057395
79.5,26.5,419.2059585063936
79.5,27.5,419.207951899975
79.5,28.5,419.2099320021085
79.5,29.5,419.2473876856799
79.5,30.5,419.2496728827202
79.5,31.5,419.2519626002344
79.5,32.5,419.2542148980653
79.5,33.5,419.25644080283007
79.5,34.5,419.2591149636532
79.5,35.5,419.2606510519267
79.5,36.5,419.2621802739157
79.5,37.5,419.26368349906176
79.5,38.5,419.2644189103474
79.5,39.5,419.26523137493257
79.5,40.5,419.2660669029485
79.5,41.5,419.2772280795953
79.5,42.5,419.2677840731128
79.5,43.5,419.2683424521666
79.5,44.5,419.2681133852452
79.5,45.5,419.2678796363359
79.5,46.5,419.26770971244815
79.5,47.5,419.26756034573424
79.5,48.5,419.26401596513466
79.5,49.5,419.2645281997524
79.5,50.5,419.2650380657788
79.5,51.5,419.2655946353688
79.5,52.5,419.2661261207208
79.5,53.5,419.2662571708616
79.5,54.5,419.26682735621296
79.5,55.5,419.2674712092988
79.5,56.5,419.2696864039184
79.5,57.5,419.28702982416513
79.5,58.5,419.27178700737807
79.5,59.5,419.2728734221973
79.5,60.5,419.2739806215382
79.5,61.5,419.279465129653
79.5,62.5,419.2805827678985
79.5,63.5,419.2817352531426
79.5,64.5,419.28286760431314
79.5,65.5,419.284093274122
79.5,66.5,419.2865449216049
79.5,67.5,419.28731024698106
79.5,68.5,419.2880314814186
79.5,69.5,419.2888233640338
79.5,70.5,419.2904575603249
79.5,71.5,419.29170051655416
79.5,72.5,419.2929688494429
79.5,73.5,419.2942697386586
79.5,74.5,419.297675675866
79.5,75.5,419.2987049311533
79.5,76.5,419.2996146633442
79.5,77.5,419.30060067651385
79.5,78.5,419.3030352644431
79.5,79.5,419.3037164550309
79.5,80.5,419.3043209885869
79.5,81.5,419.30493916377935
79.5,82.5,419.3055025738714
79.5,83.5,419.30422000907015
79.5,84.5,419.3300275191602
79.5,85.5,419.3011377183254
79.5,86.5,419.2996203655888
79.5,87.5,419.2979622267254
79.5,88.5,419.2913656110226
79.5,89.5,419.2862639852775
79.5,90.5,419.2812447621537
79.5,91.5,419.25836632445504
79.5,92.5,419.25249582335294
79.5,93.5,419.2465846596436
79.5,94.5,419.24063176439125
79.5,95.5,419.2345563268201
79.5,96.5,419.15377819979375
79.5,97.5,419.1515053127409
79.5,98.5,419.14932156312193
79.5,99.5,419.1471231061744
79.5,100.5,419.14492530083913
79.5,101.5,419.2418360544583
79.5,102.5,419.2427667983648
79.5,103.5,419.2437778844456
79.5,104.5,419.24482757559485
79.5,105.5,419.2458325397157
79.5,106.5,419.24595262113206
79.5,107.5,419.2462054818065
79.5,108.5,419.24636187235416
79.5,109.5,419.2466328871241
79.5,110.5,419.2470549396822
79.5,111.5,419.2469029056978
79.5,112.5,419.2466611364926
79.5,113.5,419.24644846286174
79.5,114.5,419.24628088618414
79.5,115.5,419.247060146034
79.5,116.5,419.2463430834615
79.5,117.5,419.24564872538457
79.5,118.5,419.2449265608012
79.5,119.5,419.2442369283089
79.5,120.5,419.2413247747877
79.5,121.5,419.2416319554391
79.5,122.5,419.24201052354607
79.5,123.5,419.2423785268388
79.5,124.5,419.2427503003722
79.5,125.5,419.24749768674513
79.5,126.5,419.24928943159074
79.5,127.5,419.2511239702379
79.5,128.5,419.25764357755634
79.5,129.5,419.261328633206
79.5,130.5,419.26497381429056
79.5,131.5,419.26865520148993
79.5,132.5,419.2722827444084
79.5,133.5,419.2803258567973
79.5,134.5,419.2837937927693
79.5,135.5,419.2872247374372
79.5,136.5,419.29063923466543
79.5,137.5,419.2940721854241
79.5,138.5,419.2978410641638
79.5,139.5,419.29928642030967
79.5,140.5,419.300707048344
79.5,141.5,419.3021062903457
79.5,142.5,419.3012348714197
79.5,143.5,419.3000966198521
79.5,144.5,419.2989111211283
79.5,145.5,419.2977352019789
79.5,146.5,419.29465801267634
79.5,147.5,419.2922881182604
79.5,148.5,419.2899640480912
79.5,149.5,419.287670897742
79.5,150.5,419.2836023414866
79.5,151.5,419.2802968838333
79.5,152.5,419.2769672326485
79.5,153.5,419.2737206467421
79.5,154.5,419.2704009397392
79.5,155.5,419.26571673780415
79.5,156.5,419.2620841970507
79.5,157.5,419.2584457779681
79.5,158.5,419.2547957709874
79.5,159.5,419.2512008601418
79.5,160.5,419.2438883640879
79.5,161.5,419.2400915329569
79.5,162.5,419.2363395705095
79.5,163.5,419.2304311212619
79.5,164.5,419.25440742074585
79.5,165.5,419.2231039373676
79.5,166.5,419.2194224995272
79.5,167.5,419.2157166034417
79.5,168.5,419.21202197113
79.5,169.5,419.2076369203906
79.5,170.5,419.203229245214
79.5,171.5,419.1988471957221
79.5,172.5,419.1943995319645
79.5,173.5,419.18453776723067
79.5,174.5,419.17912516255393
79.5,175.5,419.173715957647
79.5,176.5,419.1683542670884
79.5,177.5,419.18597144755626
79.5,178.5,419.1559926833635
79.5,179.5,419.15346672054864
80.5,-179.5,419.15006117061085
80.5,-178.5,419.1453913189165
80.5,-177.5,419.1432901590948
80.5,-176.5,419.1410878250184
80.5,-175.5,419.1386815431364
80.5,-174.5,419.1373161269231
80.5,-173.5,419.1359000757579
80.5,-172.5,419.13612936769255
80.5,-171.5,419.13613055447394
80.5,-170.5,419.1369065611652
80.5,-169.5,419.13748272514806
80.5,-168.5,419.1380098838306
80.5,-167.5,419.1385952785533
80.5,-166.5,419.1390702810804
80.5,-165.5,419.1425113259529
80.5,-164.5,419.1435541254181
80.5,-163.5,419.144591341196
80.5,-162.5,419.1455747698622
80.5,-161.5,419.1465482686656
80.5,-160.5,419.14821325485536
80.5,-159.5,419.1493565250391
80.5,-158.5,419.1505318721631
80.5,-157.5,419.1515898116111
80.5,-156.5,419.15266497357993
80.5,-155.5,419.1537122699466
80.5,-154.5,419.15544877777336
80.5,-153.5,419.1571991112087
80.5,-152.5,419.158934130126
80.5,-151.5,419.1624415512988
80.5,-150.5,419.1644741460857
80.5,-149.5,419.1664503971889
80.5,-148.5,419.168424227592
80.5,-147.5,419.170392034769
80.5,-146.5,419.1723704533814
80.5,-145.5,419.1746785707864
80.5,-144.5,419.1764550666316
80.5,-143.5,419.17828682578505
80.5,-142.5,419.1801095980259
80.5,-141.5,419.1825202873583
80.5,-140.5,419.1846185500922
80.5,-139.5,419.18668097826713
80.5,-138.5,419.1887457707704
80.5,-137.5,419.1907253840011
80.5,-136.5,419.1926521990594
80.5,-135.5,419.1962176754583
80.5,-134.5,419.1983858933065
80.5,-133.5,419.2004941909819
80.5,-132.5,419.2067911567611
80.5,-131.5,419.20857014470926
80.5,-130.5,419.21028595744025
80.5,-129.5,419.21193159452525
80.5,-128.5,419.2135529767129
80.5,-127.5,419.2151682510906
80.5,-126.5,419.2163704733214
80.5,-125.5,419.2170493154687
80.5,-124.5,419.2177523962988
80.5,-123.5,419.2183730005332
80.5,-122.5,419.2189049068999
80.5,-121.5,419.2176643036089
80.5,-120.5,419.21795425558446
80.5,-119.5,419.21828279739145
80.5,-118.5,419.218551048462
80.5,-117.5,419.2188472815759
80.5,-116.5,419.2602859107782
80.5,-115.5,419.2198742429848
80.5,-114.5,419.2577337655609
80.5,-113.5,419.2177637839362
80.5,-112.5,419.2172906217415
80.5,-111.5,419.2168157554616
80.5,-110.5,419.2158097420809
80.5,-109.5,419.21471796853774
80.5,-108.5,419.2150695178777
80.5,-107.5,419.214899819722
80.5,-106.5,419.2161124450517
80.5,-105.5,419.2151686079981
80.5,-104.5,419.2142104007616
80.5,-103.5,419.2155209940293
80.5,-102.5,419.2133447959009
80.5,-101.5,419.2112633969416
80.5,-100.5,419.2051952790353
80.5,-99.5,419.1993995698877
80.5,-98.5,419.1634336647828
80.5,-97.5,419.1555433835499
80.5,-96.5,419.14767752202505
80.5,-95.5,419.13992177056167
80.5,-94.5,419.1321123765766
80.5,-93.5,418.9351521207964
80.5,-92.5,418.9304045871955
80.5,-91.5,418.9257489120598
80.5,-90.5,418.9211655187762
80.5,-89.5,418.91658200747867
80.5,-88.5,419.0817952106568
80.5,-87.5,419.0794917111589
80.5,-86.5,419.0770013323248
80.5,-85.5,419.0746344479551
80.5,-84.5,419.0722057650383
80.5,-83.5,419.0697086768786
80.5,-82.5,418.8349660505784
80.5,-81.5,418.8275671041875
80.5,-80.5,418.81998137779954
80.5,-79.5,418.6379736821718
80.5,-78.5,418.6401103093631
80.5,-77.5,418.6422205321221
80.5,-76.5,418.6442380039483
80.5,-75.5,418.6463024876823
80.5,-74.5,418.648152697548
80.5,-73.5,418.84727967033047
80.5,-72.5,418.857160435417
80.5,-71.5,418.8668160666604
80.5,-70.5,418.8764576678183
80.5,-69.5,419.0477144346118
80.5,-68.5,419.05165978596847
80.5,-67.5,419.0556218007453
80.5,-66.5,419.0595417912378
80.5,-65.5,419.0635241284231
80.5,-64.5,419.0674608316261
80.5,-63.5,418.99875632622206
80.5,-62.5,418.99408254289176
80.5,-61.5,418.9894628980712
80.5,-60.5,418.8621236299956
80.5,-59.5,418.8531558944569
80.5,-58.5,418.8442905310427
80.5,-57.5,418.8356020910223
80.5,-56.5,418.8270819774508
80.5,-55.5,418.818696742808
80.5,-54.5,418.5806080970082
80.5,-53.5,418.57578515408784
80.5,-52.5,418.5711387723205
80.5,-51.5,418.5666327491069
80.5,-50.5,418.5623958339196
80.5,-49.5,418.5448669547423
80.5,-48.5,418.5412738123295
80.5,-47.5,418.5379083238358
80.5,-46.5,418.5347150521266
80.5,-45.5,418.5318264039146
80.5,-44.5,418.33711847055326
80.5,-43.5,418.3376839211665
80.5,-42.5,418.4020268054265
80.5,-41.5,418.4019592780384
80.5,-40.5,418.40204424064456
80.5,-39.5,418.3586775997702
80.5,-38.5,418.3637980077617
80.5,-37.5,418.3690752028798
80.5,-36.5,418.5350342761959
80.5,-35.5,418.51081718774736
80.5,-34.5,418.47647779836814
80.5,-33.5,418.4862973147536
80.5,-32.5,418.49616953544086
80.5,-31.5,418.7040436222333
80.5,-30.5,418.716848357904
80.5,-29.5,418.7298251417981
80.5,-28.5,418.75063440730105
80.5,-27.5,418.7651001131096
80.5,-26.5,419.0434690786333
80.5,-25.5,419.05380912617227
80.5,-24.5,419.0642061395453
80.5,-23.5,419.0747186572082
80.5,-22.5,419.0852716102708
80.5,-21.5,419.0489689013533
80.5,-20.5,419.0547173978481
80.5,-19.5,419.0604897492685
80.5,-18.5,419.06620105972576
80.5,-17.5,419.0719370860663
80.5,-16.5,419.253343526398
80.5,-15.5,419.2574196053153
80.5,-14.5,419.2614567292284
80.5,-13.5,419.2654783862579
80.5,-12.5,419.269446642572
80.5,-11.5,419.27332855217054
80.5,-10.5,419.27472827131385
80.5,-9.5,419.2760972389892
80.5,-8.5,419.2774776817862
80.5,-7.5,419.2711723459668
80.5,-6.5,419.26978117043626
80.5,-5.5,419.26837526806895
80.5,-4.5,419.2670510642501
80.5,-3.5,419.2656926810506
80.5,-2.5,419.264424801314
80.5,-1.5,419.2583701807328
80.5,-0.5,419.2572248509112
80.5,0.5,419.2561219722604
80.5,1.5,419.25502878003806
80.5,2.5,419.2544027586958
80.5,3.5,419.2538609322437
80.5,4.5,419.2533408199573
80.5,5.5,419.2528136820277
80.5,6.5,419.2523565660097
80.5,7.5,419.25189199697127
80.5,8.5,419.2521144237005
80.5,9.5,419.2521651162698
80.5,10.5,419.2522915716317
80.5,11.5,419.25326433046814
80.5,12.5,419.2522200599881
80.5,13.5,419.251236789544
80.5,14.5,419.2503051845572
80.5,15.5,419.2494179661549
80.5,16.5,419.248637657086
80.5,17.5,419.2352034236564
80.5,18.5,419.234421495048
80.5,19.5,419.2336559179305
80.5,20.5,419.2330110155287
80.5,21.5,419.2323698308431
80.5,22.5,419.2379545744552
80.5,23.5,419.239252078679
80.5,24.5,419.2406652751533
80.5,25.5,419.24214366932057
80.5,26.5,419.2436365982791
80.5,27.5,419.2261396553395
80.5,28.5,419.228956612798
80.5,29.5,419.25608310179456
80.5,30.5,419.2584230597555
80.5,31.5,419.2607915440639
80.5,32.5,419.2627437008147
80.5,33.5,419.2651021479636
80.5,34.5,419.2675411425632
80.5,35.5,419.27060197181066
80.5,36.5,419.2723617649881
80.5,37.5,419.271771319869
80.5,38.5,419.2730075397483
80.5,39.5,419.2742766484426
80.5,40.5,419.27882693791344
80.5,41.5,419.2798206647095
80.5,42.5,419.2808520053099
80.5,43.5,419.2785993500517
80.5,44.5,419.2790600972399
80.5,45.5,419.2693658032292
80.5,46.5,419.2696101308317
80.5,47.5,419.26986672219977
80.5,48.5,419.27018340350463
80.5,49.5,419.2705579151159
80.5,50.5,419.2709023603451
80.5,51.5,419.2710857075685
80.5,52.5,419.27127649271193
80.5,53.5,419.2714965707711
80.5,54.5,419.2717404729052
80.5,55.5,419.2525514702222
80.5,56.5,419.25276989452
80.5,57.5,419.2530377107769
80.5,58.5,419.2533315714988
80.5,59.5,419.2536505703158
80.5,60.5,419.25401559294727
80.5,61.5,419.25390457101736
80.5,62.5,419.2547413774173
80.5,63.5,419.2555152813076
80.5,64.5,419.2910784338758
80.5,65.5,419.2917788264764
80.5,66.5,419.2925362613445
80.5,67.5,419.293322523434
80.5,68.5,419.29411990560766
80.5,69.5,419.2949485739328
80.5,70.5,419.2946410623963
80.5,71.5,419.2953629613951
80.5,72.5,419.2961163753242
80.5,73.5,419.2969020881284
80.5,74.5,419.29757209922354
80.5,75.5,419.2979904054844
80.5,76.5,419.2983939360574
80.5,77.5,419.2988022155423
80.5,78.5,419.29914790304304
80.5,79.5,419.2995392763797
80.5,80.5,419.29864228811823
80.5,81.5,419.29842565055486
80.5,82.5,419.2982066894213
80.5,83.5,419.3025178725463
80.5,84.5,419.300531350583
80.5,85.5,419.29856343282216
80.5,86.5,419.29666724697086
80.5,87.5,419.29461416377154
80.5,88.5,419.29260279179886
80.5,89.5,419.272888783632
80.5,90.5,419.267775338755
80.5,91.5,419.2628102997088
80.5,92.5,419.2577128279688
80.5,93.5,419.2527411654985
80.5,94.5,419.2018463553899
80.5,95.5,419.2000937618185
80.5,96.5,419.198277297062
80.5,97.5,419.1965195510799
80.5,98.5,419.1947175331136
80.5,99.5,419.24798668759706
80.5,100.5,419.24878557161713
80.5,101.5,419.2563554031522
80.5,102.5,419.2559487355624
80.5,103.5,419.2555068660036
80.5,104.5,419.2548053360415
80.5,105.5,419.2542075822161
80.5,106.5,419.2536254839984
80.5,107.5,419.2502792712422
80.5,108.5,419.2494114005557
80.5,109.5,419.2476824359476
80.5,110.5,419.2470925253093
80.5,111.5,419.24635928447
80.5,112.5,419.2474405862882
80.5,113.5,419.2470306498823
80.5,114.5,419.24664661984417
80.5,115.5,419.2462528694151
80.5,116.5,419.246019215353
80.5,117.5,419.2478460143787
80.5,118.5,419.2476624335601
80.5,119.5,419.2474411651135
80.5,120.5,419.2472551056117
80.5,121.5,419.2471236083609
80.5,122.5,419.2464562851096
80.5,123.5,419.2469115599821
80.5,124.5,419.2474169333245
80.5,125.5,419.24793631902537
80.5,126.5,419.2484120538043
80.5,127.5,419.2485949515395
80.5,128.5,419.2507808827016
80.5,129.5,419.2529319238643
80.5,130.5,419.255090192383
80.5,131.5,419.2572435601342
80.5,132.5,419.2594332103912
80.5,133.5,419.26509390160777
80.5,134.5,419.2678820517328
80.5,135.5,419.2706513953475
80.5,136.5,419.2542178986635
80.5,137.5,419.28233438112846
80.5,138.5,419.2841257774885
80.5,139.5,419.2857969275868
80.5,140.5,419.2874708156644
80.5,141.5,419.289096662342
80.5,142.5,419.29026010868495
80.5,143.5,419.28991544496273
80.5,144.5,419.2895186744563
80.5,145.5,419.2890475150333
80.5,146.5,419.2886942070567
80.5,147.5,419.2869442409842
80.5,148.5,419.2852046243236
80.5,149.5,419.2834626090946
80.5,150.5,419.2816402642617
80.5,151.5,419.2798688207901
80.5,152.5,419.2743081454088
80.5,153.5,419.2709574498792
80.5,154.5,419.2675581397817
80.5,155.5,419.2615125643995
80.5,156.5,419.2579530784006
80.5,157.5,419.25427817652775
80.5,158.5,419.2506385454449
80.5,159.5,419.2469764321863
80.5,160.5,419.2433386977859
80.5,161.5,419.2379222774053
80.5,162.5,419.2344588021373
80.5,163.5,419.2309623820344
80.5,164.5,419.227505009726
80.5,165.5,419.2239362734614
80.5,166.5,419.2212851133036
80.5,167.5,419.2172499165979
80.5,168.5,419.2131598507136
80.5,169.5,419.2091219127842
80.5,170.5,419.2050017330776
80.5,171.5,419.2006931473869
80.5,172.5,419.1959697896585
80.5,173.5,419.18915845711865
80.5,174.5,419.1838433351425
80.5,175.5,419.1784888726534
80.5,176.5,419.16773620780856
80.5,177.5,419.16297877823376
80.5,178.5,419.1581930241891
80.5,179.5,419.1539852197824
81.5,-179.5,419.1520658730972
81.5,-178.5,419.14968308364575
81.5,-177.5,419.147330567298
81.5,-176.5,419.14498737927727
81.5,-175.5,419.1426809165833
81.5,-174.5,419.14040263379087
81.5,-173.5,419.1399204548401
81.5,-172.5,419.139624262815
81.5,-171.5,419.1393987577357
81.5,-170.5,419.1390976682521
81.5,-169.5,419.138897965427
81.5,-168.5,419.1386725340927
81.5,-167.5,419.1404418493218
81.5,-166.5,419.14121721016
81.5,-165.5,419.1419754431293
81.5,-164.5,419.1427257140437
81.5,-163.5,419.1434840032773
81.5,-162.5,419.14424183748935
81.5,-161.5,419.1462280796822
81.5,-160.5,419.14736886918433
81.5,-159.5,419.1479914327568
81.5,-158.5,419.1689545673315
81.5,-157.5,419.15242064771024
81.5,-156.5,419.1537133460189
81.5,-155.5,419.1550217938107
81.5,-154.5,419.1563020381334
81.5,-153.5,419.1576032113577
81.5,-152.5,419.1589175220663
81.5,-151.5,419.16171808223146
81.5,-150.5,419.77361890634336
81.5,-149.5,419.1648882110197
81.5,-148.5,419.1664723855269
81.5,-147.5,419.167991467807
81.5,-146.5,419.1695796158463
81.5,-145.5,419.16993830256735
81.5,-144.5,419.1709699082429
81.5,-143.5,419.17192221001255
81.5,-142.5,419.1728566381261
81.5,-141.5,419.1738829324621
81.5,-140.5,419.1751612455983
81.5,-139.5,419.1764347047488
81.5,-138.5,419.177654840556
81.5,-137.5,419.1789079967897
81.5,-136.5,419.1800638699217
81.5,-135.5,419.1804207175389
81.5,-134.5,419.1819543612592
81.5,-133.5,419.1833417576996
81.5,-132.5,419.1847804637969
81.5,-131.5,419.1860979886719
81.5,-130.5,419.1874265524172
81.5,-129.5,419.1935956955609
81.5,-128.5,419.19515569449743
81.5,-127.5,419.19303063059937
81.5,-126.5,419.1943304928786
81.5,-125.5,419.19957480047685
81.5,-124.5,419.2004742022719
81.5,-123.5,419.2012304886464
81.5,-122.5,419.20208522437326
81.5,-121.5,419.2027754754593
81.5,-120.5,419.2035412736128
81.5,-119.5,419.2048392502527
81.5,-118.5,419.2053413855685
81.5,-117.5,419.2057673265795
81.5,-116.5,419.2061841530686
81.5,-115.5,419.206575121776
81.5,-114.5,419.2069592626007
81.5,-113.5,419.2070889589522
81.5,-112.5,419.2072483347274
81.5,-111.5,419.2073220994234
81.5,-110.5,419.2072974587616
81.5,-109.5,419.207338702556
81.5,-108.5,419.2074269082951
81.5,-107.5,419.2102644442132
81.5,-106.5,419.2103542284465
81.5,-105.5,419.2103917683231
81.5,-104.5,419.210339041967
81.5,-103.5,419.2103865106701
81.5,-102.5,419.21031296156167
81.5,-101.5,419.21526005733335
81.5,-100.5,419.2124167047244
81.5,-99.5,419.2095103260517
81.5,-98.5,419.20655010404505
81.5,-97.5,419.2036457443361
81.5,-96.5,419.20083874542354
81.5,-95.5,419.1685861190588
81.5,-94.5,419.1612592341711
81.5,-93.5,419.1538919832219
81.5,-92.5,419.1466890225801
81.5,-91.5,419.1394127295564
81.5,-90.5,419.13222834680624
81.5,-89.5,419.03912621215215
81.5,-88.5,419.0275718855152
81.5,-87.5,418.9610059947199
81.5,-86.5,418.9523466036496
81.5,-85.5,418.5629875696742
81.5,-84.5,418.55633724581406
81.5,-83.5,418.5497614513295
81.5,-82.5,418.5431831877826
81.5,-81.5,418.5366261355945
81.5,-80.5,418.530094094217
81.5,-79.5,418.7099188507855
81.5,-78.5,418.71322515444535
81.5,-77.5,418.7165986759749
81.5,-76.5,418.7198580190749
81.5,-75.5,418.7230228806232
81.5,-74.5,418.72616916152407
81.5,-73.5,418.7653227654907
81.5,-72.5,418.7756967080895
81.5,-71.5,418.7861129466513
81.5,-70.5,418.79656503499154
81.5,-69.5,419.0359163360855
81.5,-68.5,419.0434982102843
81.5,-67.5,419.0509966775934
81.5,-66.5,419.0586106929643
81.5,-65.5,419.0662021572013
81.5,-64.5,419.0737557533688
81.5,-63.5,419.11856318113263
81.5,-62.5,419.1195467073503
81.5,-61.5,419.1206626694088
81.5,-60.5,419.12193457978
81.5,-59.5,419.1232282007951
81.5,-58.5,419.1246690907591
81.5,-57.5,418.854572957394
81.5,-56.5,418.8501735536859
81.5,-55.5,419.05048236377365
81.5,-54.5,419.0496025253256
81.5,-53.5,418.9470171616236
81.5,-52.5,418.9444022564686
81.5,-51.5,418.9419755670287
81.5,-50.5,418.9398929483049
81.5,-49.5,418.9379763427235
81.5,-48.5,418.9363254671161
81.5,-47.5,418.8907614545026
81.5,-46.5,418.8855367415239
81.5,-45.5,418.8805194973693
81.5,-44.5,418.8756983987436
81.5,-43.5,418.8711561674735
81.5,-42.5,418.8668504415858
81.5,-41.5,418.5886347171364
81.5,-40.5,418.62411989764416
81.5,-39.5,418.5929768354623
81.5,-38.5,418.59540608990034
81.5,-37.5,418.5981014705072
81.5,-36.5,418.6010139097559
81.5,-35.5,418.90594310989184
81.5,-34.5,418.91485292325456
81.5,-33.5,418.92390101479134
81.5,-32.5,418.9331168500779
81.5,-31.5,418.9424914977768
81.5,-30.5,418.9520108157662
81.5,-29.5,419.0292426671927
81.5,-28.5,419.0378204350925
81.5,-27.5,419.0464626807879
81.5,-26.5,419.05517136006256
81.5,-25.5,419.0640330291227
81.5,-24.5,419.0730124160506
81.5,-23.5,419.1534600844712
81.5,-22.5,419.1580073331261
81.5,-21.5,419.1625933539491
81.5,-20.5,419.1673206090131
81.5,-19.5,419.172171619846
81.5,-18.5,419.1973012603995
81.5,-17.5,419.2663795113059
81.5,-16.5,419.268759476552
81.5,-15.5,419.1614270237624
81.5,-14.5,419.1653717527244
81.5,-13.5,419.26204811903074
81.5,-12.5,419.2632693086568
81.5,-11.5,419.2645806954821
81.5,-10.5,419.2658659794557
81.5,-9.5,419.26719820063886
81.5,-8.5,419.2685191770939
81.5,-7.5,419.2796773048468
81.5,-6.5,419.2790000441022
81.5,-5.5,419.27834401633794
81.5,-4.5,419.277655295257
81.5,-3.5,419.2770401754187
81.5,-2.5,419.27650078583713
81.5,-1.5,419.272497927181
81.5,-0.5,419.27145374502015
81.5,0.5,419.270394357675
81.5,1.5,419.2693892947443
81.5,2.5,419.2635149590061
81.5,3.5,419.2629506437363
81.5,4.5,419.26234592317456
81.5,5.5,419.26185639916673
81.5,6.5,419.2613061156368
81.5,7.5,419.26082349498574
81.5,8.5,419.2599532246786
81.5,9.5,419.2599222378664
81.5,10.5,419.259903808626
81.5,11.5,419.2599038894308
81.5,12.5,419.25991757432416
81.5,13.5,419.25998937505057
81.5,14.5,419.26206329732975
81.5,15.5,419.2620736028242
81.5,16.5,419.2603327199361
81.5,17.5,419.2609571357015
81.5,18.5,419.2617407265228
81.5,19.5,419.26232198234527
81.5,20.5,419.26293341089024
81.5,21.5,419.2635848206983
81.5,22.5,419.2642589240298
81.5,23.5,419.2649739216975
81.5,24.5,419.267294805759
81.5,25.5,419.2687720764004
81.5,26.5,419.2703419286328
81.5,27.5,419.27192320462416
81.5,28.5,419.2735034449672
81.5,29.5,419.2751906419234
81.5,30.5,419.2774344616367
81.5,31.5,419.2791289408657
81.5,32.5,419.28082622354935
81.5,33.5,419.2825606546765
81.5,34.5,419.2843124909137
81.5,35.5,419.2861139144119
81.5,36.5,419.2896397019637
81.5,37.5,419.2908720930106
81.5,38.5,419.292151291517
81.5,39.5,419.2934801782337
81.5,40.5,419.2948194780489
81.5,41.5,419.29620446742126
81.5,42.5,419.2982944327311
81.5,43.5,419.2987600304956
81.5,44.5,419.299286022276
81.5,45.5,419.2998967017912
81.5,46.5,419.30047464303766
81.5,47.5,419.30114843372223
81.5,48.5,419.2994319562817
81.5,49.5,419.2996841074356
81.5,50.5,419.2999805053069
81.5,51.5,419.3002738709378
81.5,52.5,419.3006776703724
81.5,53.5,419.30108237900856
81.5,54.5,419.3029830957225
81.5,55.5,419.3035362122404
81.5,56.5,419.27316245887386
81.5,57.5,419.27309731966153
81.5,58.5,419.2994095195466
81.5,59.5,419.2994042459644
81.5,60.5,419.2993546777252
81.5,61.5,419.299378577153
81.5,62.5,419.2995014640012
81.5,63.5,419.2995969433134
81.5,64.5,419.3303499425638
81.5,65.5,419.30407128013655
81.5,66.5,419.3041943960433
81.5,67.5,419.3043922365249
81.5,68.5,419.3045361739794
81.5,69.5,419.3047545678744
81.5,70.5,419.3041735135581
81.5,71.5,419.3035690421452
81.5,72.5,419.30292111024016
81.5,73.5,419.3023142722775
81.5,74.5,419.30137876817565
81.5,75.5,419.3013541366743
81.5,76.5,419.30141875489306
81.5,77.5,419.3014448908107
81.5,78.5,419.3014977083168
81.5,79.5,419.3015688423892
81.5,80.5,419.3039656703834
81.5,81.5,419.3035038371573
81.5,82.5,419.3031457083368
81.5,83.5,419.3027293138828
81.5,84.5,419.3022380744501
81.5,85.5,419.3018099609757
81.5,86.5,419.29939188762535
81.5,87.5,419.297345107734
81.5,88.5,419.295029161944
81.5,89.5,419.2932007674535
81.5,90.5,419.2830958474751
81.5,91.5,419.2798464464816
81.5,92.5,419.2766870515098
81.5,93.5,419.2735026161962
81.5,94.5,419.27028663872886
81.5,95.5,419.2671823054262
81.5,96.5,419.2684441255162
81.5,97.5,419.2666882447008
81.5,98.5,419.2650529433998
81.5,99.5,419.2633572080144
81.5,100.5,419.2617525593341
81.5,101.5,419.2601354096817
81.5,102.5,419.2571451893452
81.5,103.5,419.2557073396356
81.5,104.5,419.2543611518576
81.5,105.5,419.25289064414585
81.5,106.5,419.2514740302928
81.5,107.5,419.2501326792456
81.5,108.5,419.2499660909583
81.5,109.5,419.2491962448928
81.5,110.5,419.2484888782522
81.5,111.5,419.2477708661105
81.5,112.5,419.24704329113325
81.5,113.5,419.24634557466254
81.5,114.5,419.2480881377019
81.5,115.5,419.2477483390789
81.5,116.5,419.2474536298321
81.5,117.5,419.247129065821
81.5,118.5,419.2467269932921
81.5,119.5,419.246445220248
81.5,120.5,419.2463609264348
81.5,121.5,419.24641372827085
81.5,122.5,419.24637222147794
81.5,123.5,419.24634444148046
81.5,124.5,419.2462777336706
81.5,125.5,419.24627163236494
81.5,126.5,419.2465178500224
81.5,127.5,419.24714439439646
81.5,128.5,419.2481916003906
81.5,129.5,419.24931481226935
81.5,130.5,419.250700080857
81.5,131.5,419.25244170021296
81.5,132.5,419.2263053541116
81.5,133.5,419.2558652487733
81.5,134.5,419.2575745312316
81.5,135.5,419.2592389605784
81.5,136.5,419.2653316035977
81.5,137.5,419.2671494215257
81.5,138.5,419.26882783483455
81.5,139.5,419.270556425524
81.5,140.5,419.2721871535044
81.5,141.5,419.273823663029
81.5,142.5,419.27542971338056
81.5,143.5,419.2757497977452
81.5,144.5,419.2760223728245
81.5,145.5,419.2762988191365
81.5,146.5,419.27761977442526
81.5,147.5,419.2762294860632
81.5,148.5,419.309481278691
81.5,149.5,419.273346295513
81.5,150.5,419.27179068365
81.5,151.5,419.27033091343503
81.5,152.5,419.2657395403763
81.5,153.5,419.2630927887883
81.5,154.5,419.26038967458857
81.5,155.5,419.25766668095446
81.5,156.5,419.2548646318385
81.5,157.5,419.2520228140549
81.5,158.5,419.24670209503387
81.5,159.5,419.2434150234789
81.5,160.5,419.2392375898425
81.5,161.5,419.23597690506784
81.5,162.5,419.2321156942759
81.5,163.5,419.22873442164735
81.5,164.5,419.2253553746399
81.5,165.5,419.221992072708
81.5,166.5,419.21849916565145
81.5,167.5,419.2150917462915
81.5,168.5,419.2111806028256
81.5,169.5,419.2071064108734
81.5,170.5,419.2029963516352
81.5,171.5,419.1988490681669
81.5,172.5,419.19478144375887
81.5,173.5,419.19060189319504
81.5,174.5,419.1818058815868
81.5,175.5,419.1770570999764
81.5,176.5,419.1722900035453
81.5,177.5,419.1675847145328
81.5,178.5,419.1628311914653
81.5,179.5,419.1580964107921
82.5,-179.5,419.1613155938461
82.5,-178.5,419.15820113704376
82.5,-177.5,419.1550980482315
82.5,-176.5,419.154020070553
82.5,-175.5,419.1757356208652
82.5,-174.5,419.1527867112828
82.5,-173.5,419.1520110759253
82.5,-172.5,419.151278660648
82.5,-171.5,419.1505487907707
82.5,-170.5,419.1532484022328
82.5,-169.5,419.15333216536334
82.5,-168.5,419.1535089436841
82.5,-167.5,419.1537254064773
82.5,-166.5,419.1540285415276
82.5,-165.5,419.1575958141523
82.5,-164.5,419.15806353382607
82.5,-163.5,419.1585351788556
82.5,-162.5,419.15902486413165
82.5,-161.5,419.1595624181476
82.5,-160.5,419.1601490881888
82.5,-159.5,419.1607262772913
82.5,-158.5,419.1612430806112
82.5,-157.5,419.1617841772373
82.5,-156.5,419.1623260622748
82.5,-155.5,419.1628578336039
82.5,-154.5,419.1634335890185
82.5,-153.5,419.1640443379712
82.5,-152.5,419.1646589233685
82.5,-151.5,419.1642860200037
82.5,-150.5,419.1647627635176
82.5,-149.5,419.1652654795208
82.5,-148.5,419.1669368670465
82.5,-147.5,419.1675387762234
82.5,-146.5,419.16821904460943
82.5,-145.5,419.1688379125047
82.5,-144.5,419.1694716306144
82.5,-143.5,419.1701554630707
82.5,-142.5,419.1707793770161
82.5,-141.5,419.1714409895307
82.5,-140.5,419.1720939655105
82.5,-139.5,419.1707946839316
82.5,-138.5,419.1717105908477
82.5,-137.5,419.1720047921608
82.5,-136.5,419.1723003773013
82.5,-135.5,419.1729215025802
82.5,-134.5,419.173766611589
82.5,-133.5,419.1745585739965
82.5,-132.5,419.1753110879045
82.5,-131.5,419.1760921112236
82.5,-130.5,419.176780208316
82.5,-129.5,419.17754716421496
82.5,-128.5,419.1795447649956
82.5,-127.5,419.18050744710206
82.5,-126.5,419.1814213691419
82.5,-125.5,419.1824189414944
82.5,-124.5,419.1833646079217
82.5,-123.5,419.1843213147953
82.5,-122.5,419.1852799104448
82.5,-121.5,419.188028025284
82.5,-120.5,419.1879487706195
82.5,-119.5,419.1888066242272
82.5,-118.5,419.1896521816018
82.5,-117.5,419.19043540752415
82.5,-116.5,419.19416578813474
82.5,-115.5,419.1947067291725
82.5,-114.5,419.1951923625932
82.5,-113.5,419.1957109287193
82.5,-112.5,419.19619778831503
82.5,-111.5,419.1957748859623
82.5,-110.5,419.1988321088177
82.5,-109.5,419.19920255339485
82.5,-108.5,419.19948316965576
82.5,-107.5,419.19977797355386
82.5,-106.5,419.23532950707664
82.5,-105.5,419.2003287828335
82.5,-104.5,419.19860999256974
82.5,-103.5,419.20369951513686
82.5,-102.5,419.20348395374026
82.5,-101.5,419.2032534314261
82.5,-100.5,419.20303025970895
82.5,-99.5,419.2027241108142
82.5,-98.5,419.20131829409536
82.5,-97.5,419.20073960399446
82.5,-96.5,419.2002429306207
82.5,-95.5,419.1996705051341
82.5,-94.5,419.1999548663929
82.5,-93.5,419.1969510573402
82.5,-92.5,419.1927718096786
82.5,-91.5,419.1887432932218
82.5,-90.5,419.1846830187917
82.5,-89.5,419.1807374039989
82.5,-88.5,419.1769055479566
82.5,-87.5,419.1731137859639
82.5,-86.5,419.0601482306355
82.5,-85.5,419.0515197573504
82.5,-84.5,419.0430351842864
82.5,-83.5,419.0347597901191
82.5,-82.5,419.0267124112324
82.5,-81.5,419.018839996226
82.5,-80.5,419.0112394466847
82.5,-79.5,418.9938058166912
82.5,-78.5,418.99167989949206
82.5,-77.5,418.98976702408834
82.5,-76.5,418.5238846035869
82.5,-75.5,418.7298770712424
82.5,-74.5,418.7367023247053
82.5,-73.5,418.74366035374527
82.5,-72.5,418.7508666524108
82.5,-71.5,418.7582286942528
82.5,-70.5,418.76574374369136
82.5,-69.5,418.77345186939823
82.5,-68.5,418.7812752169708
82.5,-67.5,418.8814440048898
82.5,-66.5,419.08729573791794
82.5,-65.5,419.09545809296793
82.5,-64.5,419.1037548502117
82.5,-63.5,419.1800367334272
82.5,-62.5,419.1845333780129
82.5,-61.5,419.1891945299479
82.5,-60.5,419.1939567997591
82.5,-59.5,419.1988102043297
82.5,-58.5,419.2037888598084
82.5,-57.5,419.2089036878712
82.5,-56.5,419.23915778843445
82.5,-55.5,419.23875452271386
82.5,-54.5,419.2384052576223
82.5,-53.5,419.2382528058698
82.5,-52.5,419.2381202268072
82.5,-51.5,419.23816262373
82.5,-50.5,419.238290932505
82.5,-49.5,419.142345349191
82.5,-48.5,419.1710841634351
82.5,-47.5,419.1677827650655
82.5,-46.5,419.1646006717073
82.5,-45.5,419.1615313987132
82.5,-44.5,419.01528804578686
82.5,-43.5,419.0119255693714
82.5,-42.5,419.0087391986568
82.5,-41.5,419.0057044955926
82.5,-40.5,419.0029074372565
82.5,-39.5,419.0391599844496
82.5,-38.5,418.96105248302587
82.5,-37.5,418.9936487230835
82.5,-36.5,418.9676638906225
82.5,-35.5,418.9711256189648
82.5,-34.5,418.9747529115617
82.5,-33.5,418.9785150215405
82.5,-32.5,418.9773992169272
82.5,-31.5,419.0727870740353
82.5,-30.5,419.0792428503673
82.5,-29.5,419.085791615927
82.5,-28.5,419.0922804065302
82.5,-27.5,419.0989351472198
82.5,-26.5,419.11778313761926
82.5,-25.5,419.1236976246736
82.5,-24.5,419.1297336167812
82.5,-23.5,419.1357084065819
82.5,-22.5,419.2468969795337
82.5,-21.5,419.27436555650144
82.5,-20.5,419.2772295129199
82.5,-19.5,419.2802016291929
82.5,-18.5,419.2831277841772
82.5,-17.5,419.286063708294
82.5,-16.5,419.2890455837522
82.5,-15.5,419.2920943457083
82.5,-14.5,419.2905686297563
82.5,-13.5,419.2910757671259
82.5,-12.5,419.2915331476475
82.5,-11.5,419.29195902838177
82.5,-10.5,419.2924769461716
82.5,-9.5,419.29301968838695
82.5,-8.5,419.29356296310186
82.5,-7.5,419.2916494782992
82.5,-6.5,419.291657271868
82.5,-5.5,419.29166050446537
82.5,-4.5,419.2908823118274
82.5,-3.5,419.2889870565417
82.5,-2.5,419.28809639143697
82.5,-1.5,419.28726941409934
82.5,-0.5,419.2864487677031
82.5,0.5,419.2856768364994
82.5,1.5,419.2849215050997
82.5,2.5,419.2842218778293
82.5,3.5,419.2835165707263
82.5,4.5,419.2774379461654
82.5,5.5,419.2782022457285
82.5,6.5,419.2773437560096
82.5,7.5,419.27658200178
82.5,8.5,419.2709023107916
82.5,9.5,419.2706515195883
82.5,10.5,419.2703932519885
82.5,11.5,419.2701500669979
82.5,12.5,419.26990965499886
82.5,13.5,419.2697132849145
82.5,14.5,419.2695534479661
82.5,15.5,419.2691536366076
82.5,16.5,419.27018949836753
82.5,17.5,419.2711956952945
82.5,18.5,419.2722443356388
82.5,19.5,419.27327847513857
82.5,20.5,419.27434590222
82.5,21.5,419.2754386613733
82.5,22.5,419.2784944772675
82.5,23.5,419.2823022408031
82.5,24.5,419.2840600317496
82.5,25.5,419.28584396920985
82.5,26.5,419.287688675888
82.5,27.5,419.2890043867957
82.5,28.5,419.2905464650616
82.5,29.5,419.2921397149065
82.5,30.5,419.293730045052
82.5,31.5,419.2953180132385
82.5,32.5,419.2993945067625
82.5,33.5,419.2987633115332
82.5,34.5,419.2998601270887
82.5,35.5,419.30095748010416
82.5,36.5,419.3020928427293
82.5,37.5,419.3032561430628
82.5,38.5,419.304429627309
82.5,39.5,419.3069198926002
82.5,40.5,419.30682801284667
82.5,41.5,419.3075692474
82.5,42.5,419.3083318189863
82.5,43.5,419.3091210307299
82.5,44.5,419.3099689946967
82.5,45.5,419.3125093987482
82.5,46.5,419.3131844742941
82.5,47.5,419.3138923284888
82.5,48.5,419.3146427646283
82.5,49.5,419.3132752656376
82.5,50.5,419.31552217587256
82.5,51.5,419.31618334198566
82.5,52.5,419.3167835372588
82.5,53.5,419.3174102736153
82.5,54.5,419.3179899156888
82.5,55.5,419.31863716088105
82.5,56.5,419.31929906473454
82.5,57.5,419.322724368716
82.5,58.5,419.3227213484516
82.5,59.5,419.3227938389925
82.5,60.5,419.3228784343691
82.5,61.5,419.3229532454105
82.5,62.5,419.3230752056093
82.5,63.5,419.3232351638339
82.5,64.5,419.3209125013845
82.5,65.5,419.319636366335
82.5,66.5,419.31840238655127
82.5,67.5,419.3175530271613
82.5,68.5,419.31152892971545
82.5,69.5,419.31043624977815
82.5,70.5,419.30938327750886
82.5,71.5,419.3083432271624
82.5,72.5,419.3073514354488
82.5,73.5,419.30621910780815
82.5,74.5,419.3051616064139
82.5,75.5,419.30411268460506
82.5,76.5,419.304615203437
82.5,77.5,419.3048962050896
82.5,78.5,419.3043841268497
82.5,79.5,419.3038759506108
82.5,80.5,419.3045124729409
82.5,81.5,419.30392543298825
82.5,82.5,419.3033908689755
82.5,83.5,419.3028275589701
82.5,84.5,419.3022633601717
82.5,85.5,419.3016651015333
82.5,86.5,419.3010903030705
82.5,87.5,419.2987929168209
82.5,88.5,419.2975171941034
82.5,89.5,419.29618245105706
82.5,90.5,419.2949761833905
82.5,91.5,419.29366822973776
82.5,92.5,419.2923982187635
82.5,93.5,419.2910900581433
82.5,94.5,419.2859764699833
82.5,95.5,419.2859648995512
82.5,96.5,419.2841579626703
82.5,97.5,419.2823902364287
82.5,98.5,419.28064280001
82.5,99.5,419.27315129654886
82.5,100.5,419.2709911085124
82.5,101.5,419.2688570606427
82.5,102.5,419.26673097957786
82.5,103.5,419.2646595954053
82.5,104.5,419.26448081867824
82.5,105.5,419.25667719559993
82.5,106.5,419.2551233884869
82.5,107.5,419.2535367976972
82.5,108.5,419.252073995224
82.5,109.5,419.2505296227036
82.5,110.5,419.2490358562525
82.5,111.5,419.2482562243495
82.5,112.5,419.2472321681294
82.5,113.5,419.2465735527891
82.5,114.5,419.24586508178976
82.5,115.5,419.24515374366393
82.5,116.5,419.2444506590434
82.5,117.5,419.24220849751714
82.5,118.5,419.24138046190586
82.5,119.5,419.24057288116
82.5,120.5,419.239733854176
82.5,121.5,419.24118145212384
82.5,122.5,419.24028467869294
82.5,123.5,419.2406914658017
82.5,124.5,419.2411579838464
82.5,125.5,419.2415582069029
82.5,126.5,419.2419028212123
82.5,127.5,419.2423551273198
82.5,128.5,419.24271348301977
82.5,129.5,419.2452999015543
82.5,130.5,419.2462950028821
82.5,131.5,419.2473119911804
82.5,132.5,419.2482465943134
82.5,133.5,419.2492047220591
82.5,134.5,419.2502087606427
82.5,135.5,419.2511670086114
82.5,136.5,419.25352780901306
82.5,137.5,419.25385953426087
82.5,138.5,419.2542852576772
82.5,139.5,419.256418619391
82.5,140.5,419.25879226943744
82.5,141.5,419.2917792591934
82.5,142.5,419.25920026448296
82.5,143.5,419.25928635244
82.5,144.5,419.25945318907065
82.5,145.5,419.2595312711846
82.5,146.5,419.2595807804291
82.5,147.5,419.259570375921
82.5,148.5,419.2602567530111
82.5,149.5,419.2567785478164
82.5,150.5,419.25569376782767
82.5,151.5,419.2546656117527
82.5,152.5,419.25413780732913
82.5,153.5,419.2520638527988
82.5,154.5,419.2499293761032
82.5,155.5,419.2478467385948
82.5,156.5,419.2456481288983
82.5,157.5,419.2434485658298
82.5,158.5,419.2412730330765
82.5,159.5,419.2374481645149
82.5,160.5,419.23479754237263
82.5,161.5,419.2320392183987
82.5,162.5,419.2293067145573
82.5,163.5,419.22657934899934
82.5,164.5,419.2238103963194
82.5,165.5,419.2210166147369
82.5,166.5,419.2158467614721
82.5,167.5,419.2123253907988
82.5,168.5,419.2091556136937
82.5,169.5,419.20598148005513
82.5,170.5,419.2028281648772
82.5,171.5,419.1986781970842
82.5,172.5,419.1946948306728
82.5,173.5,419.190680062318
82.5,174.5,419.18671042368646
82.5,175.5,419.18276801052775
82.5,176.5,419.17731166582
82.5,177.5,419.1707962507829
82.5,178.5,419.1676157241212
82.5,179.5,419.1644361110927
83.5,-179.5,419.1851304116566
83.5,-178.5,419.1829466164508
83.5,-177.5,419.1807581934619
83.5,-176.5,419.17861884647664
83.5,-175.5,419.1767964505256
83.5,-174.5,419.1762162908799
83.5,-173.5,419.2006086662644
83.5,-172.5,419.1751243278577
83.5,-171.5,419.17470710806
83.5,-170.5,419.1743118289841
83.5,-169.5,419.1739159240645
83.5,-168.5,419.1735828715737
83.5,-167.5,419.1775071354821
83.5,-166.5,419.1775354216216
83.5,-165.5,419.1776185183513
83.5,-164.5,419.1777394971791
83.5,-163.5,419.1778428411214
83.5,-162.5,419.1780475959703
83.5,-161.5,419.17823971730894
83.5,-160.5,419.178519560114
83.5,-159.5,419.1778101808176
83.5,-158.5,419.17788856977353
83.5,-157.5,419.17805036229817
83.5,-156.5,419.1782198131963
83.5,-155.5,419.178406331331
83.5,-154.5,419.1788303302588
83.5,-153.5,419.178816241104
83.5,-152.5,419.1788717537857
83.5,-151.5,419.1789479168056
83.5,-150.5,419.1790867046128
83.5,-149.5,419.1791908844208
83.5,-148.5,419.1793102970139
83.5,-147.5,419.1794918457108
83.5,-146.5,419.1794013295257
83.5,-145.5,419.1796565282774
83.5,-144.5,419.1799930431732
83.5,-143.5,419.1802687642958
83.5,-142.5,419.180545506918
83.5,-141.5,419.18090435065074
83.5,-140.5,419.18084879848254
83.5,-139.5,419.18066372640624
83.5,-138.5,419.1804855401404
83.5,-137.5,419.18034523210815
83.5,-136.5,419.1802290002759
83.5,-135.5,419.1801027021427
83.5,-134.5,419.1800043324689
83.5,-133.5,419.17992157003454
83.5,-132.5,419.1789696952764
83.5,-131.5,419.1794138875017
83.5,-130.5,419.1798014498448
83.5,-129.5,419.1801900443865
83.5,-128.5,419.1806168931993
83.5,-127.5,419.1810702784061
83.5,-126.5,419.1816805149753
83.5,-125.5,419.1823616956871
83.5,-124.5,419.1829919315441
83.5,-123.5,419.18358415631945
83.5,-122.5,419.1842770885947
83.5,-121.5,419.1849395462623
83.5,-120.5,419.1855658716994
83.5,-119.5,419.1880079747216
83.5,-118.5,419.1886384536159
83.5,-117.5,419.1893403143456
83.5,-116.5,419.1900739618633
83.5,-115.5,419.1907656540244
83.5,-114.5,419.1914500434304
83.5,-113.5,419.192162483661
83.5,-112.5,419.1927968695036
83.5,-111.5,419.193950392022
83.5,-110.5,419.1942103469658
83.5,-109.5,419.1943937020363
83.5,-108.5,419.194627616549
83.5,-107.5,419.1948684243376
83.5,-106.5,419.19510467972
83.5,-105.5,419.1953530819176
83.5,-104.5,419.19565289974446
83.5,-103.5,419.19528159324415
83.5,-102.5,419.1957520799456
83.5,-101.5,419.1962083015928
83.5,-100.5,419.1966227869653
83.5,-99.5,419.1970843421344
83.5,-98.5,419.1975491649573
83.5,-97.5,419.1980120163743
83.5,-96.5,419.1985209346637
83.5,-95.5,419.202410801858
83.5,-94.5,419.2022735363656
83.5,-93.5,419.2021573015839
83.5,-92.5,419.2020578506539
83.5,-91.5,419.2019843760552
83.5,-90.5,419.20191988290674
83.5,-89.5,419.2018819301168
83.5,-88.5,419.20184489420666
83.5,-87.5,419.2143248189616
83.5,-86.5,419.2124991347268
83.5,-85.5,419.2107021649791
83.5,-84.5,419.2090392392735
83.5,-83.5,419.20745096475184
83.5,-82.5,419.2057232508535
83.5,-81.5,419.2063562560714
83.5,-80.5,419.2070244833399
83.5,-79.5,419.2078740991461
83.5,-78.5,419.20876559917815
83.5,-77.5,419.2097144021816
83.5,-76.5,419.2107360323581
83.5,-75.5,419.2118216151779
83.5,-74.5,419.18747507236014
83.5,-73.5,419.1904254518059
83.5,-72.5,419.193584516538
83.5,-71.5,419.1968770828608
83.5,-70.5,419.2003845802213
83.5,-69.5,419.2039435543368
83.5,-68.5,419.2373064518531
83.5,-67.5,419.2403706994683
83.5,-66.5,419.2435609531588
83.5,-65.5,419.2467593917626
83.5,-64.5,419.2500606070393
83.5,-63.5,419.25335184317777
83.5,-62.5,419.256692133568
83.5,-61.5,419.2601516284449
83.5,-60.5,419.2641279324724
83.5,-59.5,419.2670122903316
83.5,-58.5,419.2698996042985
83.5,-57.5,419.2729261495954
83.5,-56.5,419.2759753623126
83.5,-55.5,419.2754414417155
83.5,-54.5,419.2752926359655
83.5,-53.5,419.2751620067308
83.5,-52.5,419.27510228513614
83.5,-51.5,419.2750685893598
83.5,-50.5,419.2750300180612
83.5,-49.5,419.2751265001396
83.5,-48.5,419.27520859682494
83.5,-47.5,419.2705538558643
83.5,-46.5,419.2687999737745
83.5,-45.5,419.2671160444293
83.5,-44.5,419.2655003074785
83.5,-43.5,419.2639998030101
83.5,-42.5,419.26252038788607
83.5,-41.5,419.26109420503496
83.5,-40.5,419.25974971330623
83.5,-39.5,419.1577197210987
83.5,-38.5,419.1574508090877
83.5,-37.5,419.15721468300313
83.5,-36.5,419.1571205036876
83.5,-35.5,419.1571488629339
83.5,-34.5,419.1573002646312
83.5,-33.5,419.1575353447941
83.5,-32.5,419.1847393354024
83.5,-31.5,419.2049472123159
83.5,-30.5,419.2079173316097
83.5,-29.5,419.2108766504374
83.5,-28.5,419.2140008996257
83.5,-27.5,419.217184313318
83.5,-26.5,419.22037276477874
83.5,-25.5,419.2237373993864
83.5,-24.5,419.2271342697133
83.5,-23.5,419.28468164598047
83.5,-22.5,419.28705556023823
83.5,-21.5,419.2894514475199
83.5,-20.5,419.29188100473897
83.5,-19.5,419.294352741544
83.5,-18.5,419.29683274752495
83.5,-17.5,419.2993293198836
83.5,-16.5,419.3018184230504
83.5,-15.5,419.295046823336
83.5,-14.5,419.29555016718
83.5,-13.5,419.296144474467
83.5,-12.5,419.2967781971495
83.5,-11.5,419.29729363725886
83.5,-10.5,419.2957527351441
83.5,-9.5,419.29594974283015
83.5,-8.5,419.2961492459972
83.5,-7.5,419.2963388355769
83.5,-6.5,419.2965533392099
83.5,-5.5,419.29676589517504
83.5,-4.5,419.2969081630181
83.5,-3.5,419.2971726499332
83.5,-2.5,419.2951612091208
83.5,-1.5,419.2946710651965
83.5,-0.5,419.2942539739124
83.5,0.5,419.2937767623452
83.5,1.5,419.2933166774583
83.5,2.5,419.2928690105454
83.5,3.5,419.2895253351805
83.5,4.5,419.2891553851175
83.5,5.5,419.2887895756722
83.5,6.5,419.2883944573214
83.5,7.5,419.2880977797891
83.5,8.5,419.2878500607624
83.5,9.5,419.28757378437
83.5,10.5,419.2872649626085
83.5,11.5,419.2839555312258
83.5,12.5,419.2840102424243
83.5,13.5,419.2841367349302
83.5,14.5,419.2841956810759
83.5,15.5,419.2843608000324
83.5,16.5,419.28449452679126
83.5,17.5,419.2855724553616
83.5,18.5,419.2865967183145
83.5,19.5,419.2876522993423
83.5,20.5,419.2886912066336
83.5,21.5,419.2897992032695
83.5,22.5,419.29091962054366
83.5,23.5,419.2920986664349
83.5,24.5,419.2963820094743
83.5,25.5,419.29765219782655
83.5,26.5,419.2989826438621
83.5,27.5,419.30035093584905
83.5,28.5,419.30174566180864
83.5,29.5,419.3031095304704
83.5,30.5,419.30444153947127
83.5,31.5,419.3058332563753
83.5,32.5,419.3070785108431
83.5,33.5,419.3078305896573
83.5,34.5,419.3086107147085
83.5,35.5,419.3094315729992
83.5,36.5,419.3102964074441
83.5,37.5,419.3110910279156
83.5,38.5,419.3119274795845
83.5,39.5,419.3128026849083
83.5,40.5,419.3145755240153
83.5,41.5,419.315344079256
83.5,42.5,419.3160761743705
83.5,43.5,419.31675822540666
83.5,44.5,419.31750709522777
83.5,45.5,419.31829658714616
83.5,46.5,419.31907420184
83.5,47.5,419.3198825718789
83.5,48.5,419.3211946469949
83.5,49.5,419.3216803418268
83.5,50.5,419.322131375984
83.5,51.5,419.3227073552935
83.5,52.5,419.3232044975685
83.5,53.5,419.323730826154
83.5,54.5,419.32426227610034
83.5,55.5,419.32480138720143
83.5,56.5,419.32616696383616
83.5,57.5,419.3263839022485
83.5,58.5,419.32661660054
83.5,59.5,419.32689204273305
83.5,60.5,419.3271352970513
83.5,61.5,419.32677187943983
83.5,62.5,419.32563723888927
83.5,63.5,419.32455967245954
83.5,64.5,419.3234843873578
83.5,65.5,419.3223955242357
83.5,66.5,419.32135559818914
83.5,67.5,419.3202471087686
83.5,68.5,419.3191924385897
83.5,69.5,419.3110251020323
83.5,70.5,419.30994207993086
83.5,71.5,419.3087501165306
83.5,72.5,419.3076459846697
83.5,73.5,419.3064637682723
83.5,74.5,419.30530550716327
83.5,75.5,419.3042424952108
83.5,76.5,419.3036119852368
83.5,77.5,419.3030371912329
83.5,78.5,419.30248593175634
83.5,79.5,419.3019638031396
83.5,80.5,419.3013750365841
83.5,81.5,419.3007350611424
83.5,82.5,419.30015806623487
83.5,83.5,419.2998255600567
83.5,84.5,419.2994379542321
83.5,85.5,419.29890815717965
83.5,86.5,419.2984195048982
83.5,87.5,419.2979485766837
83.5,88.5,419.29839569352254
83.5,89.5,419.2976321841073
83.5,90.5,419.2967686326068
83.5,91.5,419.2960347644985
83.5,92.5,419.29518233899176
83.5,93.5,419.2944390830498
83.5,94.5,419.29357233803546
83.5,95.5,419.29277930239607
83.5,96.5,419.2917617600015
83.5,97.5,419.2902271072845
83.5,98.5,419.2887449802799
83.5,99.5,419.28712762266935
83.5,100.5,419.2855958337361
83.5,101.5,419.28412946574826
83.5,102.5,419.2825337148357
83.5,103.5,419.2810711530784
83.5,104.5,419.2756971120934
83.5,105.5,419.2737682965728
83.5,106.5,419.2717327623404
83.5,107.5,419.2697588944458
83.5,108.5,419.26786365442354
83.5,109.5,419.2659070521976
83.5,110.5,419.26391903751664
83.5,111.5,419.262034413616
83.5,112.5,419.2561368142575
83.5,113.5,419.2545819364207
83.5,114.5,419.2529659865047
83.5,115.5,419.25152510507786
83.5,116.5,419.24993700261314
83.5,117.5,419.2485170595159
83.5,118.5,419.2470348135064
83.5,119.5,419.24556251023
83.5,120.5,419.2444161122254
83.5,121.5,419.2442642951328
83.5,122.5,419.2439876635763
83.5,123.5,419.2438434941853
83.5,124.5,419.2436722541119
83.5,125.5,419.2434760713318
83.5,126.5,419.2432711052113
83.5,127.5,419.2431116034823
83.5,128.5,419.244893905872
83.5,129.5,419.2451576747648
83.5,130.5,419.2454054455032
83.5,131.5,419.2457327065492
83.5,132.5,419.2460179779838
83.5,133.5,419.246462737285
83.5,134.5,419.2460491464625
83.5,135.5,419.2455963712792
83.5,136.5,419.24512122529
83.5,137.5,419.2447281866359
83.5,138.5,419.2442000075216
83.5,139.5,419.2437606691499
83.5,140.5,419.24326770020576
83.5,141.5,419.2443447477521
83.5,142.5,419.2441953526786
83.5,143.5,419.24400908033454
83.5,144.5,419.2437512532281
83.5,145.5,419.24354355200296
83.5,146.5,419.24324000502025
83.5,147.5,419.2414658846632
83.5,148.5,419.24079267098256
83.5,149.5,419.2401246140592
83.5,150.5,419.2394185320608
83.5,151.5,419.2386173416472
83.5,152.5,419.237884313132
83.5,153.5,419.23703667887554
83.5,154.5,419.236214063725
83.5,155.5,419.2368959083989
83.5,156.5,419.2354213013055
83.5,157.5,419.2339730568647
83.5,158.5,419.232540263127
83.5,159.5,419.2310178420439
83.5,160.5,419.2312127003275
83.5,161.5,419.2293552984999
83.5,162.5,419.2275685543541
83.5,163.5,419.2257047780689
83.5,164.5,419.2238286922521
83.5,165.5,419.2219645152452
83.5,166.5,419.220113610569
83.5,167.5,419.2183210142633
83.5,168.5,419.2160949129586
83.5,169.5,419.2136371633655
83.5,170.5,419.2112971096563
83.5,171.5,419.2089018798727
83.5,172.5,419.20657295581225
83.5,173.5,419.20422492028223
83.5,174.5,419.2019506581608
83.5,175.5,419.1996657059174
83.5,176.5,419.194540913493
83.5,177.5,419.192091697669
83.5,178.5,419.18978062006175
83.5,179.5,419.1874168342182
84.5,-179.5,419.2086532729591
84.5,-178.5,419.2059187904147
84.5,-177.5,419.2047350818791
84.5,-176.5,419.203563810483
84.5,-175.5,419.2024010397293
84.5,-174.5,419.2013664852092
84.5,-173.5,419.2002573834183
84.5,-172.5,419.19925114048806
84.5,-171.5,419.2003137952669
84.5,-170.5,419.1996799035768
84.5,-169.5,419.1991873615394
84.5,-168.5,419.1992099800088
84.5,-167.5,419.2251721356427
84.5,-166.5,419.19888291708895
84.5,-165.5,419.1987510753833
84.5,-164.5,419.19904905766265
84.5,-163.5,419.19859188812273
84.5,-162.5,419.1981376598447
84.5,-161.5,419.19773071715497
84.5,-160.5,419.1972906119827
84.5,-159.5,419.1969491140508
84.5,-158.5,419.19656757724266
84.5,-157.5,419.1962395384389
84.5,-156.5,419.19595504502433
84.5,-155.5,419.19568356074586
84.5,-154.5,419.1954170887232
84.5,-153.5,419.1951218595447
84.5,-152.5,419.1948880858257
84.5,-151.5,419.1946468363631
84.5,-150.5,419.1944231835741
84.5,-149.5,419.1942565251475
84.5,-148.5,419.1941200488752
84.5,-147.5,419.1939597650174
84.5,-146.5,419.1934481027772
84.5,-145.5,419.1931155885591
84.5,-144.5,419.1928189798597
84.5,-143.5,419.19251410961465
84.5,-142.5,419.1921988188258
84.5,-141.5,419.1918992586578
84.5,-140.5,419.1913645210088
84.5,-139.5,419.191062946128
84.5,-138.5,419.19078038453824
84.5,-137.5,419.190531354926
84.5,-136.5,419.1902541849625
84.5,-135.5,419.1900625319218
84.5,-134.5,419.1898416056131
84.5,-133.5,419.18960293936
84.5,-132.5,419.18941609663386
84.5,-131.5,419.1886841392209
84.5,-130.5,419.1886491729804
84.5,-129.5,419.1886694973628
84.5,-128.5,419.1886363811986
84.5,-127.5,419.1886274129688
84.5,-126.5,419.1886141082399
84.5,-125.5,419.1886810583987
84.5,-124.5,419.18870078030585
84.5,-123.5,419.18877665638433
84.5,-122.5,419.1897536178281
84.5,-121.5,419.19012074429327
84.5,-120.5,419.1905855603404
84.5,-119.5,419.19104265754737
84.5,-118.5,419.1911059995319
84.5,-117.5,419.1915005252189
84.5,-116.5,419.1919951450233
84.5,-115.5,419.1943060640887
84.5,-114.5,419.19470325146136
84.5,-113.5,419.19519034647504
84.5,-112.5,419.1955775773457
84.5,-111.5,419.19606590677387
84.5,-110.5,419.1965324847743
84.5,-109.5,419.1969969344343
84.5,-108.5,419.1962242586845
84.5,-107.5,419.1966745566988
84.5,-106.5,419.1972243696765
84.5,-105.5,419.1975184636319
84.5,-104.5,419.1978228241292
84.5,-103.5,419.1981790331933
84.5,-102.5,419.1985265838432
84.5,-101.5,419.19881875469406
84.5,-100.5,419.1991632657771
84.5,-99.5,419.1997029983036
84.5,-98.5,419.20054015636657
84.5,-97.5,419.201343965961
84.5,-96.5,419.2030246367521
84.5,-95.5,419.2038864966875
84.5,-94.5,419.2046991129761
84.5,-93.5,419.2054965738307
84.5,-92.5,419.20808355991846
84.5,-91.5,419.2092717549958
84.5,-90.5,419.2104714196336
84.5,-89.5,419.211696185416
84.5,-88.5,419.2128758573313
84.5,-87.5,419.2141226490096
84.5,-86.5,419.2153811752335
84.5,-85.5,419.2166561245341
84.5,-84.5,419.21798313207466
84.5,-83.5,419.221209462455
84.5,-82.5,419.2225220641268
84.5,-81.5,419.22379703420586
84.5,-80.5,419.2251968325913
84.5,-79.5,419.22651561763024
84.5,-78.5,419.22793616072255
84.5,-77.5,419.229303752134
84.5,-76.5,419.2307678608082
84.5,-75.5,419.2321927617395
84.5,-74.5,419.2363590984192
84.5,-73.5,419.2380460190005
84.5,-72.5,419.2396918194721
84.5,-71.5,419.2413622899141
84.5,-70.5,419.2429756172178
84.5,-69.5,419.2446911340385
84.5,-68.5,419.2491574328328
84.5,-67.5,419.25098914838566
84.5,-66.5,419.2528248471149
84.5,-65.5,419.2546166425694
84.5,-64.5,419.25644163505046
84.5,-63.5,419.258299595981
84.5,-62.5,419.26017329204217
84.5,-61.5,419.26195099876855
84.5,-60.5,419.26379675092784
84.5,-59.5,419.2646199909685
84.5,-58.5,419.2661555393453
84.5,-57.5,419.2677309313004
84.5,-56.5,419.269199040692
84.5,-55.5,419.2707554945932
84.5,-54.5,419.27224531633067
84.5,-53.5,419.2737240371616
84.5,-52.5,419.2751388450143
84.5,-51.5,419.2766056211489
84.5,-50.5,419.2808217799912
84.5,-49.5,419.2814099464931
84.5,-48.5,419.2820328329645
84.5,-47.5,419.282627039766
84.5,-46.5,419.2831011578935
84.5,-45.5,419.2842288861029
84.5,-44.5,419.28536769195614
84.5,-43.5,419.2885959984459
84.5,-42.5,419.2886601385288
84.5,-41.5,419.2887649612795
84.5,-40.5,419.2889555038227
84.5,-39.5,419.3149402499701
84.5,-38.5,419.2892331994124
84.5,-37.5,419.2895077667943
84.5,-36.5,419.29123069703934
84.5,-35.5,419.29202425327634
84.5,-34.5,419.2927854067044
84.5,-33.5,419.2936469486969
84.5,-32.5,419.2946083213421
84.5,-31.5,419.29554449426
84.5,-30.5,419.2965077481425
84.5,-29.5,419.2974642152967
84.5,-28.5,419.2985737273783
84.5,-27.5,419.2949183666527
84.5,-26.5,419.2954800101382
84.5,-25.5,419.29604230886775
84.5,-24.5,419.2970411241599
84.5,-23.5,419.2980616458108
84.5,-22.5,419.2990500493784
84.5,-21.5,419.3000579534424
84.5,-20.5,419.2957286925413
84.5,-19.5,419.2960628009952
84.5,-18.5,419.2963674354148
84.5,-17.5,419.29679802995486
84.5,-16.5,419.29715144461255
84.5,-15.5,419.297437463768
84.5,-14.5,419.2977762576979
84.5,-13.5,419.2981433893793
84.5,-12.5,419.29853380194
84.5,-11.5,419.29822693416486
84.5,-10.5,419.29867624379824
84.5,-9.5,419.2991141200106
84.5,-8.5,419.2996181200528
84.5,-7.5,419.30005031833326
84.5,-6.5,419.3005631030992
84.5,-5.5,419.3009718829376
84.5,-4.5,419.3015106906862
84.5,-3.5,419.3019924944487
84.5,-2.5,419.3032223378972
84.5,-1.5,419.30368183793695
84.5,-0.5,419.3042951104748
84.5,0.5,419.3048353130945
84.5,1.5,419.30538357025193
84.5,2.5,419.30587820743233
84.5,3.5,419.3015873971769
84.5,4.5,419.3015503795483
84.5,5.5,419.30146127998256
84.5,6.5,419.30148516899067
84.5,7.5,419.3014620159329
84.5,8.5,419.3014881717999
84.5,9.5,419.3015906471733
84.5,10.5,419.301635256509
84.5,11.5,419.3017256160101
84.5,12.5,419.3018856299472
84.5,13.5,419.3023625747471
84.5,14.5,419.3029484145237
84.5,15.5,419.30340080099626
84.5,16.5,419.3039439632336
84.5,17.5,419.335522694133
84.5,18.5,419.3050479087035
84.5,19.5,419.3057016161568
84.5,20.5,419.306272203172
84.5,21.5,419.3051134657516
84.5,22.5,419.305998150693
84.5,23.5,419.3068106601616
84.5,24.5,419.30770920305866
84.5,25.5,419.3117962077568
84.5,26.5,419.3124996424066
84.5,27.5,419.3132446930953
84.5,28.5,419.3115051708276
84.5,29.5,419.3121730920784
84.5,30.5,419.3128851043455
84.5,31.5,419.3136384523156
84.5,32.5,419.31442690358864
84.5,33.5,419.31510909044624
84.5,34.5,419.3158997215411
84.5,35.5,419.3189064192268
84.5,36.5,419.31941118020495
84.5,37.5,419.3169969061285
84.5,38.5,419.3175611231399
84.5,39.5,419.3180643530494
84.5,40.5,419.31863862505696
84.5,41.5,419.31921752186105
84.5,42.5,419.3198434886351
84.5,43.5,419.32039561604455
84.5,44.5,419.32237523814
84.5,45.5,419.3228539438789
84.5,46.5,419.32320904376
84.5,47.5,419.3224195079783
84.5,48.5,419.3228807503919
84.5,49.5,419.3233561851071
84.5,50.5,419.32382693154784
84.5,51.5,419.325624683421
84.5,52.5,419.3257981775054
84.5,53.5,419.3259679178624
84.5,54.5,419.3262073613234
84.5,55.5,419.32630677220266
84.5,56.5,419.3265458544632
84.5,57.5,419.32669986707873
84.5,58.5,419.3268308119677
84.5,59.5,419.32694895224233
84.5,60.5,419.3274153825593
84.5,61.5,419.3267674371992
84.5,62.5,419.32626108766914
84.5,63.5,419.32567890931335
84.5,64.5,419.3250388890898
84.5,65.5,419.3245030573109
84.5,66.5,419.3238615162839
84.5,67.5,419.3233086144728
84.5,68.5,419.3226824567004
84.5,69.5,419.3188912931776
84.5,70.5,419.317637086021
84.5,71.5,419.3163850643949
84.5,72.5,419.31511663157966
84.5,73.5,419.3138406307661
84.5,74.5,419.31256412804936
84.5,75.5,419.3065233362567
84.5,76.5,419.3055625889299
84.5,77.5,419.3046819067125
84.5,78.5,419.30388017660505
84.5,79.5,419.302926950171
84.5,80.5,419.30200763549664
84.5,81.5,419.3011295848938
84.5,82.5,419.30023502124016
84.5,83.5,419.299371295813
84.5,84.5,419.29926322329817
84.5,85.5,419.2986277884765
84.5,86.5,419.2979615713262
84.5,87.5,419.2973126465334
84.5,88.5,419.2965474239068
84.5,89.5,419.2958648326486
84.5,90.5,419.2951713293633
84.5,91.5,419.2945068866533
84.5,92.5,419.2937295776577
84.5,93.5,419.2931263738264
84.5,94.5,419.2923693402308
84.5,95.5,419.2916493310398
84.5,96.5,419.2909400058401
84.5,97.5,419.2895626713794
84.5,98.5,419.2886781451608
84.5,99.5,419.28784115656987
84.5,100.5,419.286813487795
84.5,101.5,419.28556525311626
84.5,102.5,419.28427522689566
84.5,103.5,419.28292666204754
84.5,104.5,419.2816195082551
84.5,105.5,419.280313880943
84.5,106.5,419.2790741966362
84.5,107.5,419.2785042719057
84.5,108.5,419.2774704936592
84.5,109.5,419.2745085716457
84.5,110.5,419.2731597254955
84.5,111.5,419.2717830948558
84.5,112.5,419.270474575104
84.5,113.5,419.2691492431675
84.5,114.5,419.2678219923599
84.5,115.5,419.2664606741713
84.5,116.5,419.2695025794838
84.5,117.5,419.2685199724692
84.5,118.5,419.2675362929066
84.5,119.5,419.2619998370179
84.5,120.5,419.2611113802459
84.5,121.5,419.2602950260157
84.5,122.5,419.2594169967748
84.5,123.5,419.2621824205029
84.5,124.5,419.2611255968636
84.5,125.5,419.2599686674759
84.5,126.5,419.2588887534679
84.5,127.5,419.2577726821118
84.5,128.5,419.25669375051103
84.5,129.5,419.2556109507573
84.5,130.5,419.2545520846845
84.5,131.5,419.25346912701656
84.5,132.5,419.2491644271324
84.5,133.5,419.24817680952185
84.5,134.5,419.2472167589676
84.5,135.5,419.2462133218549
84.5,136.5,419.2452488126296
84.5,137.5,419.2443159837664
84.5,138.5,419.2434425097733
84.5,139.5,419.2424586132869
84.5,140.5,419.2415806811917
84.5,141.5,419.24057470092646
84.5,142.5,419.239457689033
84.5,143.5,419.2681354239412
84.5,144.5,419.2373446283292
84.5,145.5,419.2362696917799
84.5,146.5,419.2352695969735
84.5,147.5,419.2344841354208
84.5,148.5,419.23367105628273
84.5,149.5,419.2328727600958
84.5,150.5,419.2320507034023
84.5,151.5,419.2312000305489
84.5,152.5,419.2303645530452
84.5,153.5,419.2295558534021
84.5,154.5,419.2287611903882
84.5,155.5,419.2279091233698
84.5,156.5,419.2277028528076
84.5,157.5,419.2270817724584
84.5,158.5,419.2263928693258
84.5,159.5,419.2257402204774
84.5,160.5,419.2250663918943
84.5,161.5,419.2243761929112
84.5,162.5,419.22372307792347
84.5,163.5,419.2229825450497
84.5,164.5,419.2223484525521
84.5,165.5,419.22519957296
84.5,166.5,419.2242145587235
84.5,167.5,419.2231862308181
84.5,168.5,419.24843998477
84.5,169.5,419.22040657824834
84.5,170.5,419.2196704942541
84.5,171.5,419.2188363920824
84.5,172.5,419.2198451345426
84.5,173.5,419.218278857049
84.5,174.5,419.2166571738864
84.5,175.5,419.21511738566727
84.5,176.5,419.2136298113347
84.5,177.5,419.2121281446898
84.5,178.5,419.2107010788259
84.5,179.5,419.2097631457674
85.5,-179.5,419.2171054133206
85.5,-178.5,419.2166551272602
85.5,-177.5,419.2161664686632
85.5,-176.5,419.2157037433946
85.5,-175.5,419.21520292784857
85.5,-174.5,419.214754154582
85.5,-173.5,419.2142354570521
85.5,-172.5,419.213822826183
85.5,-171.5,419.21342043635406
85.5,-170.5,419.2129273691712
85.5,-169.5,419.2125342689777
85.5,-168.5,419.2134443512499
85.5,-167.5,419.2130741753424
85.5,-166.5,419.21258481188426
85.5,-165.5,419.2121892585638
85.5,-164.5,419.23873089972864
85.5,-163.5,419.2113888490443
85.5,-162.5,419.2110203797302
85.5,-161.5,419.2106391227819
85.5,-160.5,419.2103064516354
85.5,-159.5,419.2100006430013
85.5,-158.5,419.2096784136221
85.5,-157.5,419.2093180156555
85.5,-156.5,419.2075022300101
85.5,-155.5,419.2071323732267
85.5,-154.5,419.2066538731905
85.5,-153.5,419.2062476445527
85.5,-152.5,419.2058395184134
85.5,-151.5,419.2054561367811
85.5,-150.5,419.2050853644448
85.5,-149.5,419.2047286159017
85.5,-148.5,419.2031119468148
85.5,-147.5,419.2028048396964
85.5,-146.5,419.2025468636644
85.5,-145.5,419.2022493945536
85.5,-144.5,419.2019580402893
85.5,-143.5,419.2017057661694
85.5,-142.5,419.201540080571
85.5,-141.5,419.2013017704597
85.5,-140.5,419.2010992016203
85.5,-139.5,419.2008781525112
85.5,-138.5,419.20073958617047
85.5,-137.5,419.2005567189496
85.5,-136.5,419.2003848736718
85.5,-135.5,419.2002960688517
85.5,-134.5,419.20013310560313
85.5,-133.5,419.19999860618384
85.5,-132.5,419.1998298674287
85.5,-131.5,419.1997908036884
85.5,-130.5,419.1998378842961
85.5,-129.5,419.199733657034
85.5,-128.5,419.1997744815061
85.5,-127.5,419.1996941591125
85.5,-126.5,419.1997523285705
85.5,-125.5,419.1997277539706
85.5,-124.5,419.19978554785786
85.5,-123.5,419.19984288355926
85.5,-122.5,419.1999415871642
85.5,-121.5,419.2000018849114
85.5,-120.5,419.2000879276586
85.5,-119.5,419.200263847148
85.5,-118.5,419.2012683488852
85.5,-117.5,419.2016012904591
85.5,-116.5,419.2019419184611
85.5,-115.5,419.2023221376886
85.5,-114.5,419.2027031229318
85.5,-113.5,419.20311827920784
85.5,-112.5,419.2035712648948
85.5,-111.5,419.203974033983
85.5,-110.5,419.2044280561448
85.5,-109.5,419.20487480548286
85.5,-108.5,419.205370833436
85.5,-107.5,419.2064679343408
85.5,-106.5,419.20694715114894
85.5,-105.5,419.2074010102075
85.5,-104.5,419.2367654178181
85.5,-103.5,419.2084790345282
85.5,-102.5,419.20905918480673
85.5,-101.5,419.2095988911482
85.5,-100.5,419.21019007532766
85.5,-99.5,419.2108072900619
85.5,-98.5,419.2114828885293
85.5,-97.5,419.2121334964614
85.5,-96.5,419.213824172218
85.5,-95.5,419.2146984780581
85.5,-94.5,419.21564932945006
85.5,-93.5,419.2165897942096
85.5,-92.5,419.2175816423462
85.5,-91.5,419.21855989867015
85.5,-90.5,419.2196194688988
85.5,-89.5,419.2206451055548
85.5,-88.5,419.2216997600624
85.5,-87.5,419.222687136526
85.5,-86.5,419.2237585394878
85.5,-85.5,419.2248585420675
85.5,-84.5,419.22633630601473
85.5,-83.5,419.2273951719204
85.5,-82.5,419.2284990937944
85.5,-81.5,419.2296130350926
85.5,-80.5,419.2307385055535
85.5,-79.5,419.2319276716032
85.5,-78.5,419.2330270935536
85.5,-77.5,419.2342081737879
85.5,-76.5,419.23660154365615
85.5,-75.5,419.2378348589175
85.5,-74.5,419.2390059609433
85.5,-73.5,419.24019310358847
85.5,-72.5,419.2413671576288
85.5,-71.5,419.2425949740745
85.5,-70.5,419.2437815159009
85.5,-69.5,419.24500085623737
85.5,-68.5,419.2461862112727
85.5,-67.5,419.2474512067235
85.5,-66.5,419.249917233884
85.5,-65.5,419.25113538695496
85.5,-64.5,419.2524190407253
85.5,-63.5,419.2536631241212
85.5,-62.5,419.2548555195781
85.5,-61.5,419.256093234398
85.5,-60.5,419.2573234108537
85.5,-59.5,419.2585460720028
85.5,-58.5,419.2600548268951
85.5,-57.5,419.2613802461018
85.5,-56.5,419.2627131514252
85.5,-55.5,419.2639848440932
85.5,-54.5,419.2652951543298
85.5,-53.5,419.2665333197007
85.5,-52.5,419.2678100627588
85.5,-51.5,419.2691225759511
85.5,-50.5,419.27033520721136
85.5,-49.5,419.2716169295029
85.5,-48.5,419.2728752794261
85.5,-47.5,419.2741108205439
85.5,-46.5,419.2768555722217
85.5,-45.5,419.2778367997434
85.5,-44.5,419.2788475199753
85.5,-43.5,419.2798551372725
85.5,-42.5,419.28084315764
85.5,-41.5,419.28188681703926
85.5,-40.5,419.2828281554627
85.5,-39.5,419.2837942994715
85.5,-38.5,419.28475850769007
85.5,-37.5,419.2856727301204
85.5,-36.5,419.2866289265812
85.5,-35.5,419.2863705511512
85.5,-34.5,419.2870492327086
85.5,-33.5,419.2877749868818
85.5,-32.5,419.28836328058026
85.5,-31.5,419.2590141917062
85.5,-30.5,419.2897028595077
85.5,-29.5,419.29032380640274
85.5,-28.5,419.290951394358
85.5,-27.5,419.2915660641892
85.5,-26.5,419.2921629428178
85.5,-25.5,419.2927559119429
85.5,-24.5,419.2915501845963
85.5,-23.5,419.2920989734209
85.5,-22.5,419.2925506676656
85.5,-21.5,419.2931287532861
85.5,-20.5,419.2935955681077
85.5,-19.5,419.2941203538225
85.5,-18.5,419.29465218909377
85.5,-17.5,419.29509168911886
85.5,-16.5,419.2955881606585
85.5,-15.5,419.2960440595064
85.5,-14.5,419.2965927643695
85.5,-13.5,419.2970568568289
85.5,-12.5,419.2984224185714
85.5,-11.5,419.2989932648686
85.5,-10.5,419.2995711436924
85.5,-9.5,419.3001556935238
85.5,-8.5,419.3007117958926
85.5,-7.5,419.3012925362446
85.5,-6.5,419.30191317492233
85.5,-5.5,419.3024720868225
85.5,-4.5,419.3041480317281
85.5,-3.5,419.30477106429765
85.5,-2.5,419.3055312488207
85.5,-1.5,419.3062349939813
85.5,-0.5,419.3068622669832
85.5,0.5,419.30760865123705
85.5,1.5,419.3082056900563
85.5,2.5,419.3088817846359
85.5,3.5,419.30955001523057
85.5,4.5,419.3102920666735
85.5,5.5,419.3096518002067
85.5,6.5,419.3099630484179
85.5,7.5,419.310206307406
85.5,8.5,419.3106035514271
85.5,9.5,419.31091830233385
85.5,10.5,419.3112351211409
85.5,11.5,419.3115279882749
85.5,12.5,419.311909431647
85.5,13.5,419.3113493918224
85.5,14.5,419.3118126715972
85.5,15.5,419.3123581273108
85.5,16.5,419.31287807372416
85.5,17.5,419.313408376093
85.5,18.5,419.3139204050666
85.5,19.5,419.3143722796721
85.5,20.5,419.3148787765436
85.5,21.5,419.3154157542688
85.5,22.5,419.3159273668644
85.5,23.5,419.3164640539449
85.5,24.5,419.3169782815837
85.5,25.5,419.3185611529747
85.5,26.5,419.3191170727269
85.5,27.5,419.3197057362328
85.5,28.5,419.3203103176385
85.5,29.5,419.3207931065151
85.5,30.5,419.32134854992313
85.5,31.5,419.3219696460094
85.5,32.5,419.3225298985183
85.5,33.5,419.32310001444137
85.5,34.5,419.3235620615689
85.5,35.5,419.3241243518006
85.5,36.5,419.3244875348476
85.5,37.5,419.3248390876727
85.5,38.5,419.3251217507183
85.5,39.5,419.325341993276
85.5,40.5,419.3256954238202
85.5,41.5,419.3259473882918
85.5,42.5,419.3262650855267
85.5,43.5,419.326510325752
85.5,44.5,419.32682028620445
85.5,45.5,419.32709394931567
85.5,46.5,419.3273608778312
85.5,47.5,419.325859015809
85.5,48.5,419.3258915735559
85.5,49.5,419.3259461356959
85.5,50.5,419.3259968230968
85.5,51.5,419.3260409797555
85.5,52.5,419.3260909880225
85.5,53.5,419.326219298333
85.5,54.5,419.3262487581607
85.5,55.5,419.32620034180974
85.5,56.5,419.3262365168881
85.5,57.5,419.32631861362336
85.5,58.5,419.32631598929714
85.5,59.5,419.32477835853257
85.5,60.5,419.324445075601
85.5,61.5,419.3241231928157
85.5,62.5,419.32365424113135
85.5,63.5,419.3233369458513
85.5,64.5,419.3228894562248
85.5,65.5,419.32257475301833
85.5,66.5,419.3221868147733
85.5,67.5,419.3186902771183
85.5,68.5,419.3175877955828
85.5,69.5,419.3164442748533
85.5,70.5,419.3153260205549
85.5,71.5,419.3142099648912
85.5,72.5,419.31306609366806
85.5,73.5,419.3119050899187
85.5,74.5,419.31074648174905
85.5,75.5,419.3095915528302
85.5,76.5,419.3084242077262
85.5,77.5,419.3021435602747
85.5,78.5,419.3010428301862
85.5,79.5,419.3000866226093
85.5,80.5,419.2989695700538
85.5,81.5,419.2979852668341
85.5,82.5,419.2968889516519
85.5,83.5,419.2957689981252
85.5,84.5,419.2946775801833
85.5,85.5,419.2910548977891
85.5,86.5,419.29040972094936
85.5,87.5,419.2896724908095
85.5,88.5,419.28897399788445
85.5,89.5,419.2882508594652
85.5,90.5,419.28761907787714
85.5,91.5,419.2868342883447
85.5,92.5,419.2861623416025
85.5,93.5,419.2853313490273
85.5,94.5,419.2846043598457
85.5,95.5,419.28388487298383
85.5,96.5,419.2830734681897
85.5,97.5,419.2829403791784
85.5,98.5,419.282276489035
85.5,99.5,419.281620284556
85.5,100.5,419.28094960694034
85.5,101.5,419.280278088163
85.5,102.5,419.2796114172455
85.5,103.5,419.27892763100687
85.5,104.5,419.2782998997637
85.5,105.5,419.2775327189906
85.5,106.5,419.27686862547495
85.5,107.5,419.2760826825985
85.5,108.5,419.27722818100096
85.5,109.5,419.2766348397726
85.5,110.5,419.2759442415809
85.5,111.5,419.2754030648966
85.5,112.5,419.27470922966
85.5,113.5,419.27413998430376
85.5,114.5,419.2734185453071
85.5,115.5,419.27284518005706
85.5,116.5,419.2722222440025
85.5,117.5,419.27150163138606
85.5,118.5,419.2708392814058
85.5,119.5,419.2709797120782
85.5,120.5,419.26997961334143
85.5,121.5,419.2689135040209
85.5,122.5,419.26798371831177
85.5,123.5,419.26700103992687
85.5,124.5,419.2659074436692
85.5,125.5,419.2649012406848
85.5,126.5,419.2639717796048
85.5,127.5,419.26289433130574
85.5,128.5,419.26187735899305
85.5,129.5,419.2608532968326
85.5,130.5,419.25986156083775
85.5,131.5,419.2924748195343
85.5,132.5,419.2559127413561
85.5,133.5,419.2548083479752
85.5,134.5,419.2536861430243
85.5,135.5,419.2526916744461
85.5,136.5,419.25162298749206
85.5,137.5,419.2504888635883
85.5,138.5,419.2494579317578
85.5,139.5,419.2475682403632
85.5,140.5,419.246497940497
85.5,141.5,419.2453363797877
85.5,142.5,419.2442340294282
85.5,143.5,419.2430958561303
85.5,144.5,419.242034853188
85.5,145.5,419.2409210053162
85.5,146.5,419.2398332519505
85.5,147.5,419.2386947352054
85.5,148.5,419.2375939091705
85.5,149.5,419.2339746584452
85.5,150.5,419.2331326235972
85.5,151.5,419.23234611865183
85.5,152.5,419.2315003067298
85.5,153.5,419.2306633752708
85.5,154.5,419.2298007991503
85.5,155.5,419.229020773348
85.5,156.5,419.2281292706396
85.5,157.5,419.2270543977223
85.5,158.5,419.2264524861966
85.5,159.5,419.225825716896
85.5,160.5,419.2252038118932
85.5,161.5,419.224590353852
85.5,162.5,419.2239133223888
85.5,163.5,419.2233325711212
85.5,164.5,419.2226686406179
85.5,165.5,419.22206523929617
85.5,166.5,419.22153305636505
85.5,167.5,419.2208727664717
85.5,168.5,419.22033824240594
85.5,169.5,419.2223868951241
85.5,170.5,419.22174081264654
85.5,171.5,419.2211770374395
85.5,172.5,419.2205603726918
85.5,173.5,419.2198921317657
85.5,174.5,419.21930435844
85.5,175.5,419.2186873793125
85.5,176.5,419.2180998915728
85.5,177.5,419.21751481385127
85.5,178.5,419.2169434597124
85.5,179.5,419.2164144020565
86.5,-179.5,419.2204533140072
86.5,-178.5,419.2200946225826
86.5,-177.5,419.2197764212611
86.5,-176.5,419.2194164872138
86.5,-175.5,419.2189934037309
86.5,-174.5,419.2194658206749
86.5,-173.5,419.2192223752814
86.5,-172.5,419.21893381079775
86.5,-171.5,419.21862350137417
86.5,-170.5,419.2183698118096
86.5,-169.5,419.2200318256136
86.5,-168.5,419.2198283169553
86.5,-167.5,419.2195875970136
86.5,-166.5,419.2194055840436
86.5,-165.5,419.219130708258
86.5,-164.5,419.21891947348007
86.5,-163.5,419.2187588432069
86.5,-162.5,419.2185088671816
86.5,-161.5,419.2182735357358
86.5,-160.5,419.2180454948872
86.5,-159.5,419.21787888555366
86.5,-158.5,419.2176033380106
86.5,-157.5,419.21739851652063
86.5,-156.5,419.2171918142906
86.5,-155.5,419.21699824395904
86.5,-154.5,419.21680212103206
86.5,-153.5,419.2166646030057
86.5,-152.5,419.216460673254
86.5,-151.5,419.2163004146404
86.5,-150.5,419.2154547640212
86.5,-149.5,419.2152785533585
86.5,-148.5,419.2151566375702
86.5,-147.5,419.2150185061303
86.5,-146.5,419.2148428293776
86.5,-145.5,419.214672385525
86.5,-144.5,419.21456283983815
86.5,-143.5,419.2144316227241
86.5,-142.5,419.2143878441399
86.5,-141.5,419.21422202301113
86.5,-140.5,419.21413828432287
86.5,-139.5,419.2141229237225
86.5,-138.5,419.2139925368167
86.5,-137.5,419.21393376412993
86.5,-136.5,419.2149187463995
86.5,-135.5,419.2149487036018
86.5,-134.5,419.2149604010788
86.5,-133.5,419.2150124136601
86.5,-132.5,419.2150564653948
86.5,-131.5,419.2150527777874
86.5,-130.5,419.21510524951736
86.5,-129.5,419.2151499428253
86.5,-128.5,419.2152799353828
86.5,-127.5,419.2403962759248
86.5,-126.5,419.2154034666473
86.5,-125.5,419.2155061875144
86.5,-124.5,419.2156620943912
86.5,-123.5,419.21586999447743
86.5,-122.5,419.2160167477742
86.5,-121.5,419.2161380388668
86.5,-120.5,419.21634586249183
86.5,-119.5,419.2165077540913
86.5,-118.5,419.2167587242803
86.5,-117.5,419.2194057688668
86.5,-116.5,419.2197166499715
86.5,-115.5,419.2201069953192
86.5,-114.5,419.2204026399747
86.5,-113.5,419.220797546293
86.5,-112.5,419.2193976876308
86.5,-111.5,419.2197225522639
86.5,-110.5,419.2200495735351
86.5,-109.5,419.2203843357822
86.5,-108.5,419.22078250344407
86.5,-107.5,419.2210922715433
86.5,-106.5,419.22153087179424
86.5,-105.5,419.2218864100869
86.5,-104.5,419.22232886160265
86.5,-103.5,419.2226978800449
86.5,-102.5,419.2252040757386
86.5,-101.5,419.2256401096278
86.5,-100.5,419.22610803972754
86.5,-99.5,419.2265399259417
86.5,-98.5,419.2270487772885
86.5,-97.5,419.2264432888286
86.5,-96.5,419.22710403221714
86.5,-95.5,419.2277192022202
86.5,-94.5,419.2283077689674
86.5,-93.5,419.22898387738593
86.5,-92.5,419.229637029267
86.5,-91.5,419.2302513966307
86.5,-90.5,419.231175146136
86.5,-89.5,419.2318426605855
86.5,-88.5,419.2325640478255
86.5,-87.5,419.2331911602117
86.5,-86.5,419.23387774464567
86.5,-85.5,419.2345786359089
86.5,-84.5,419.23528410146514
86.5,-83.5,419.2359920053274
86.5,-82.5,419.2367560616536
86.5,-81.5,419.23743152430353
86.5,-80.5,419.23820924992674
86.5,-79.5,419.23890815863774
86.5,-78.5,419.24018027068007
86.5,-77.5,419.2410183659716
86.5,-76.5,419.24181416256135
86.5,-75.5,419.24261789465857
86.5,-74.5,419.2434292576033
86.5,-73.5,419.244173924725
86.5,-72.5,419.2449970826264
86.5,-71.5,419.24583758666654
86.5,-70.5,419.24664016823925
86.5,-69.5,419.247514313745
86.5,-68.5,419.2483486123893
86.5,-67.5,419.24916459998224
86.5,-66.5,419.2499953665732
86.5,-65.5,419.2508235572325
86.5,-64.5,419.25285443353374
86.5,-63.5,419.2538171283738
86.5,-62.5,419.25471815796
86.5,-61.5,419.2556535456354
86.5,-60.5,419.2566553129574
86.5,-59.5,419.257573097082
86.5,-58.5,419.2585666600223
86.5,-57.5,419.2594731901909
86.5,-56.5,419.2604792217135
86.5,-55.5,419.2614000190461
86.5,-54.5,419.2624112179077
86.5,-53.5,419.2633174649593
86.5,-52.5,419.2638169173685
86.5,-51.5,419.264756420158
86.5,-50.5,419.2657270622454
86.5,-49.5,419.26667321558034
86.5,-48.5,419.267572043399
86.5,-47.5,419.26852456307984
86.5,-46.5,419.2693848178369
86.5,-45.5,419.2706817744548
86.5,-44.5,419.2716772569032
86.5,-43.5,419.2726155985698
86.5,-42.5,419.273558595732
86.5,-41.5,419.2744929582463
86.5,-40.5,419.27471407792
86.5,-39.5,419.27541602652224
86.5,-38.5,419.27622237869934
86.5,-37.5,419.2769472682331
86.5,-36.5,419.27769001814033
86.5,-35.5,419.278436226622
86.5,-34.5,419.2791430103194
86.5,-33.5,419.2798351758771
86.5,-32.5,419.2806008358157
86.5,-31.5,419.28125539415794
86.5,-30.5,419.2825745538876
86.5,-29.5,419.2834445101745
86.5,-28.5,419.2843188214432
86.5,-27.5,419.2851331156081
86.5,-26.5,419.2860052701034
86.5,-25.5,419.2856960871603
86.5,-24.5,419.286347609274
86.5,-23.5,419.2870241367116
86.5,-22.5,419.2876562182658
86.5,-21.5,419.2882779542867
86.5,-20.5,419.3207944781601
86.5,-19.5,419.2894911042042
86.5,-18.5,419.2914462763293
86.5,-17.5,419.292241196511
86.5,-16.5,419.29298853683815
86.5,-15.5,419.2937088957643
86.5,-14.5,419.29448064664587
86.5,-13.5,419.2952219219423
86.5,-12.5,419.2959782447714
86.5,-11.5,419.29668504678807
86.5,-10.5,419.2973869280019
86.5,-9.5,419.29811897276153
86.5,-8.5,419.2989128780151
86.5,-7.5,419.2995766248069
86.5,-6.5,419.3011519542705
86.5,-5.5,419.3018766965024
86.5,-4.5,419.302585968853
86.5,-3.5,419.30336848651103
86.5,-2.5,419.30400645614657
86.5,-1.5,419.3047852087204
86.5,-0.5,419.3054735947224
86.5,0.5,419.3061947096704
86.5,1.5,419.3068074403458
86.5,2.5,419.30752501181297
86.5,3.5,419.3082129519636
86.5,4.5,419.30890403736106
86.5,5.5,419.3095920863599
86.5,6.5,419.3103033189348
86.5,7.5,419.3119217246237
86.5,8.5,419.31255556063326
86.5,9.5,419.31326705181993
86.5,10.5,419.31385834548007
86.5,11.5,419.3145455400933
86.5,12.5,419.31518045628576
86.5,13.5,419.3158002880422
86.5,14.5,419.3163671742407
86.5,15.5,419.31705579337824
86.5,16.5,419.3176224094893
86.5,17.5,419.3182142880592
86.5,18.5,419.3188265565024
86.5,19.5,419.3164288034662
86.5,20.5,419.31674611960585
86.5,21.5,419.31719427565497
86.5,22.5,419.3176139762864
86.5,23.5,419.3179311826037
86.5,24.5,419.3183136459999
86.5,25.5,419.3603091482236
86.5,26.5,419.3206186170409
86.5,27.5,419.320769012812
86.5,28.5,419.3208828024081
86.5,29.5,419.32101955642025
86.5,30.5,419.32118004594207
86.5,31.5,419.31944708259664
86.5,32.5,419.3197030405319
86.5,33.5,419.319930567207
86.5,34.5,419.3201768034287
86.5,35.5,419.32040375432064
86.5,36.5,419.3206499029957
86.5,37.5,419.32085606462886
86.5,38.5,419.32115466322335
86.5,39.5,419.3213652774255
86.5,40.5,419.3215854612065
86.5,41.5,419.3217004783916
86.5,42.5,419.3216468160494
86.5,43.5,419.3216708017653
86.5,44.5,419.3215634385145
86.5,45.5,419.3215478960572
86.5,46.5,419.3212453776707
86.5,47.5,419.32127905096206
86.5,48.5,419.3212813946754
86.5,49.5,419.3212712201377
86.5,50.5,419.32126417509545
86.5,51.5,419.3212154813452
86.5,52.5,419.36593809162446
86.5,53.5,419.3194989204145
86.5,54.5,419.3190784575099
86.5,55.5,419.3187133037823
86.5,56.5,419.3184335015428
86.5,57.5,419.3180370696049
86.5,58.5,419.3176655468254
86.5,59.5,419.3171846764669
86.5,60.5,419.316816544878
86.5,61.5,419.31633335067977
86.5,62.5,419.3159653370965
86.5,63.5,419.31543858095705
86.5,64.5,419.31502187890095
86.5,65.5,419.3123415182762
86.5,66.5,419.3115608585088
86.5,67.5,419.3107725297384
86.5,68.5,419.31003707782895
86.5,69.5,419.3092510862835
86.5,70.5,419.3085224564721
86.5,71.5,419.3077275716736
86.5,72.5,419.3069927789372
86.5,73.5,419.3061140606773
86.5,74.5,419.3053826022749
86.5,75.5,419.3044929092315
86.5,76.5,419.30374223222657
86.5,77.5,419.302821053825
86.5,78.5,419.3020189527645
86.5,79.5,419.29968820340594
86.5,80.5,419.2987932943959
86.5,81.5,419.2978591475524
86.5,82.5,419.2969371018483
86.5,83.5,419.2960077597588
86.5,84.5,419.29503457304224
86.5,85.5,419.2941592162982
86.5,86.5,419.29314508410505
86.5,87.5,419.29223071748487
86.5,88.5,419.29125102618553
86.5,89.5,419.2903023249419
86.5,90.5,419.2894116451646
86.5,91.5,419.28364785724045
86.5,92.5,419.28295431484753
86.5,93.5,419.28224682409865
86.5,94.5,419.28162288462505
86.5,95.5,419.2808588067441
86.5,96.5,419.2802097572618
86.5,97.5,419.2794439622724
86.5,98.5,419.2812876948447
86.5,99.5,419.2805519223805
86.5,100.5,419.2797651135007
86.5,101.5,419.2790349978482
86.5,102.5,419.27829829342136
86.5,103.5,419.2764266651423
86.5,104.5,419.2758176776019
86.5,105.5,419.275261846858
86.5,106.5,419.27472313666925
86.5,107.5,419.274136859744
86.5,108.5,419.2736622292968
86.5,109.5,419.2730356716977
86.5,110.5,419.27252287373256
86.5,111.5,419.2718708971379
86.5,112.5,419.271295356192
86.5,113.5,419.2728438008654
86.5,114.5,419.2719784031032
86.5,115.5,419.2712686384529
86.5,116.5,419.2704210049652
86.5,117.5,419.2696838437723
86.5,118.5,419.2674160809637
86.5,119.5,419.2665826839247
86.5,120.5,419.2658403958109
86.5,121.5,419.2651151538373
86.5,122.5,419.2643890430869
86.5,123.5,419.2636569859336
86.5,124.5,419.26285865377656
86.5,125.5,419.2627370467062
86.5,126.5,419.2617449790096
86.5,127.5,419.2608592019734
86.5,128.5,419.2598648052342
86.5,129.5,419.2588118646866
86.5,130.5,419.2578602549965
86.5,131.5,419.2940993712518
86.5,132.5,419.2559425459024
86.5,133.5,419.2549684438569
86.5,134.5,419.2538990725318
86.5,135.5,419.2529402882261
86.5,136.5,419.2519962379547
86.5,137.5,419.2488177098846
86.5,138.5,419.2478839619434
86.5,139.5,419.2469859360134
86.5,140.5,419.2459789729015
86.5,141.5,419.2450730138531
86.5,142.5,419.24404840282506
86.5,143.5,419.2431048838429
86.5,144.5,419.2421312184898
86.5,145.5,419.241189237508
86.5,146.5,419.2402137728587
86.5,147.5,419.2393340060647
86.5,148.5,419.2382834803659
86.5,149.5,419.23734766574216
86.5,150.5,419.2363991662499
86.5,151.5,419.2349694396044
86.5,152.5,419.2342573242983
86.5,153.5,419.2335272760472
86.5,154.5,419.2327807754157
86.5,155.5,419.2320743559816
86.5,156.5,419.23135829878686
86.5,157.5,419.23062756440737
86.5,158.5,419.2299584308635
86.5,159.5,419.2292175223078
86.5,160.5,419.228606526522
86.5,161.5,419.2278333977432
86.5,162.5,419.22715100612015
86.5,163.5,419.22685551600176
86.5,164.5,419.2263581502953
86.5,165.5,419.225836623875
86.5,166.5,419.2252987412704
86.5,167.5,419.22483541006295
86.5,168.5,419.22439448137055
86.5,169.5,419.2238832585184
86.5,170.5,419.2231310000087
86.5,171.5,419.2227032839322
86.5,172.5,419.22229850031607
86.5,173.5,419.22180103862473
86.5,174.5,419.221381353042
86.5,175.5,419.2223962721454
86.5,176.5,419.2220521382079
86.5,177.5,419.2215894718175
86.5,178.5,419.221219955858
86.5,179.5,419.220818805123
87.5,-179.5,419.23100884606833
87.5,-178.5,419.2306935703039
87.5,-177.5,419.2304794288296
87.5,-176.5,419.2302128030557
87.5,-175.5,419.2299990315826
87.5,-174.5,419.2297482532368
87.5,-173.5,419.2295284552032
87.5,-172.5,419.2293892398865
87.5,-171.5,419.2292058683997
87.5,-170.5,419.22900227071375
87.5,-169.5,419.2297830460832
87.5,-168.5,419.22945710705886
87.5,-167.5,419.22919988179353
87.5,-166.5,419.2289505917671
87.5,-165.5,419.2287455705691
87.5,-164.5,419.2284614305768
87.5,-163.5,419.2282097029496
87.5,-162.5,419.2280357218506
87.5,-161.5,419.2277794197927
87.5,-160.5,419.2276093611876
87.5,-159.5,419.2274063926746
87.5,-158.5,419.2271796821937
87.5,-157.5,419.2269547353224
87.5,-156.5,419.2267414052358
87.5,-155.5,419.2266182871329
87.5,-154.5,419.2264324520828
87.5,-153.5,419.22622035350383
87.5,-152.5,419.2260362689468
87.5,-151.5,419.22593182866336
87.5,-150.5,419.2242288715119
87.5,-149.5,419.2240144637245
87.5,-148.5,419.2238380604073
87.5,-147.5,419.2236325872578
87.5,-146.5,419.2235150700389
87.5,-145.5,419.2233084242837
87.5,-144.5,419.2231721486272
87.5,-143.5,419.22299710991695
87.5,-142.5,419.2228604940264
87.5,-141.5,419.2227129326941
87.5,-140.5,419.2225051563949
87.5,-139.5,419.22244044351567
87.5,-138.5,419.2222995228084
87.5,-137.5,419.22214288202906
87.5,-136.5,419.22316721759984
87.5,-135.5,419.2233362765919
87.5,-134.5,419.2234920606774
87.5,-133.5,419.2235953029136
87.5,-132.5,419.2237706351369
87.5,-131.5,419.2239469436247
87.5,-130.5,419.2240462328173
87.5,-129.5,419.224212570125
87.5,-128.5,419.224441435983
87.5,-127.5,419.2246107414782
87.5,-126.5,419.2247374681291
87.5,-125.5,419.2249903556458
87.5,-124.5,419.2251833390956
87.5,-123.5,419.2253236129157
87.5,-122.5,419.22552809386497
87.5,-121.5,419.2257907071164
87.5,-120.5,419.2259507796136
87.5,-119.5,419.2261625047042
87.5,-118.5,419.2263723100396
87.5,-117.5,419.2288172629001
87.5,-116.5,419.2532986213594
87.5,-115.5,419.2293890451473
87.5,-114.5,419.2296601831228
87.5,-113.5,419.2299406681799
87.5,-112.5,419.254785877456
87.5,-111.5,419.2306046440706
87.5,-110.5,419.2308719702941
87.5,-109.5,419.2559439152296
87.5,-108.5,419.2315398372736
87.5,-107.5,419.2318586849052
87.5,-106.5,419.2322333936633
87.5,-105.5,419.2325823178708
87.5,-104.5,419.2329470248106
87.5,-103.5,419.2332529461012
87.5,-102.5,419.2336421836534
87.5,-101.5,419.2339588313114
87.5,-100.5,419.2343633506034
87.5,-99.5,419.2347234390732
87.5,-98.5,419.2350540729953
87.5,-97.5,419.23592243207065
87.5,-96.5,419.23632065354144
87.5,-95.5,419.2367654654445
87.5,-94.5,419.2371844347288
87.5,-93.5,419.2375824297754
87.5,-92.5,419.2380686700954
87.5,-91.5,419.23847402911264
87.5,-90.5,419.2389790907693
87.5,-89.5,419.2393968657324
87.5,-88.5,419.2399062160408
87.5,-87.5,419.2403793327017
87.5,-86.5,419.24084447777153
87.5,-85.5,419.2412886902651
87.5,-84.5,419.2417763434444
87.5,-83.5,419.2422940783395
87.5,-82.5,419.2427602858592
87.5,-81.5,419.2432977598664
87.5,-80.5,419.2437689569618
87.5,-79.5,419.2442613910831
87.5,-78.5,419.2452896373115
87.5,-77.5,419.245862630242
87.5,-76.5,419.2465091983438
87.5,-75.5,419.2471372498017
87.5,-74.5,419.24782424637374
87.5,-73.5,419.2484544713988
87.5,-72.5,419.2490684422677
87.5,-71.5,419.2497164457881
87.5,-70.5,419.2503709805352
87.5,-69.5,419.2510284567549
87.5,-68.5,419.25170030861466
87.5,-67.5,419.2524185921816
87.5,-66.5,419.2530597220983
87.5,-65.5,419.2536779118553
87.5,-64.5,419.2554334386856
87.5,-63.5,419.25620072461
87.5,-62.5,419.2570196359114
87.5,-61.5,419.2577898525798
87.5,-60.5,419.258508489184
87.5,-59.5,419.2593263510161
87.5,-58.5,419.2600630398998
87.5,-57.5,419.26084048562336
87.5,-56.5,419.2616635922816
87.5,-55.5,419.2624504379985
87.5,-54.5,419.2919031818814
87.5,-53.5,419.26400364030695
87.5,-52.5,419.2647287124913
87.5,-51.5,419.2655170345788
87.5,-50.5,419.2663017590009
87.5,-49.5,419.2671312362539
87.5,-48.5,419.2678571876205
87.5,-47.5,419.2686324448384
87.5,-46.5,419.2694515995018
87.5,-45.5,419.2709948857289
87.5,-44.5,419.30145888217146
87.5,-43.5,419.2725575092597
87.5,-42.5,419.2733226597614
87.5,-41.5,419.27413152662666
87.5,-40.5,419.2749687496743
87.5,-39.5,419.2757033737452
87.5,-38.5,419.27655800860407
87.5,-37.5,419.277347029862
87.5,-36.5,419.2780783144798
87.5,-35.5,419.2789245368653
87.5,-34.5,419.27967253175854
87.5,-33.5,419.2804786684576
87.5,-32.5,419.2812731584326
87.5,-31.5,419.2819855587707
87.5,-30.5,419.2827615395384
87.5,-29.5,419.2835484829509
87.5,-28.5,419.2843716914425
87.5,-27.5,419.2850706902513
87.5,-26.5,419.2858950256051
87.5,-25.5,419.28764759155337
87.5,-24.5,419.28825430987297
87.5,-23.5,419.2889606315085
87.5,-22.5,419.2895310647276
87.5,-21.5,419.290212958654
87.5,-20.5,419.2908465848933
87.5,-19.5,419.2914169781243
87.5,-18.5,419.2920885011623
87.5,-17.5,419.2927211000849
87.5,-16.5,419.2933543097221
87.5,-15.5,419.29388985527805
87.5,-14.5,419.2945122907279
87.5,-13.5,419.2951765014089
87.5,-12.5,419.2957750951272
87.5,-11.5,419.2963054911688
87.5,-10.5,419.2969499456091
87.5,-9.5,419.3332695786366
87.5,-8.5,419.29812772234334
87.5,-7.5,419.2987154865958
87.5,-6.5,419.3015510519291
87.5,-5.5,419.3021763923216
87.5,-4.5,419.3027339574247
87.5,-3.5,419.3032330355945
87.5,-2.5,419.3037931521346
87.5,-1.5,419.30431150302434
87.5,-0.5,419.30484442504536
87.5,0.5,419.3054258110461
87.5,1.5,419.3058551141482
87.5,2.5,419.3064356003986
87.5,3.5,419.3068411316869
87.5,4.5,419.3073378679565
87.5,5.5,419.3078511148936
87.5,6.5,419.3082970101939
87.5,7.5,419.3087438171782
87.5,8.5,419.3091630261689
87.5,9.5,419.3096310085709
87.5,10.5,419.31006012865976
87.5,11.5,419.31038154997736
87.5,12.5,419.3108565625396
87.5,13.5,419.3112189306797
87.5,14.5,419.3116119169089
87.5,15.5,419.31197820486926
87.5,16.5,419.3123425892506
87.5,17.5,419.3126947943183
87.5,18.5,419.31299063582986
87.5,19.5,419.3132993164185
87.5,20.5,419.3136548871038
87.5,21.5,419.314020460355
87.5,22.5,419.3143354948149
87.5,23.5,419.31456623607215
87.5,24.5,419.3149160370028
87.5,25.5,419.3151466969664
87.5,26.5,419.31285153890747
87.5,27.5,419.3128450075666
87.5,28.5,419.3129077878183
87.5,29.5,419.31282732826577
87.5,30.5,419.31286962477225
87.5,31.5,419.3128624572846
87.5,32.5,419.31281283375154
87.5,33.5,419.3127582573965
87.5,34.5,419.3126779052008
87.5,35.5,419.31251468132206
87.5,36.5,419.312426974989
87.5,37.5,419.312376785804
87.5,38.5,419.31225691602833
87.5,39.5,419.3120624540248
87.5,40.5,419.3119453969796
87.5,41.5,419.31179145278224
87.5,42.5,419.3117044309428
87.5,43.5,419.3115235410581
87.5,44.5,419.311341054509
87.5,45.5,419.31106074662927
87.5,46.5,419.3076995518895
87.5,47.5,419.3075808732478
87.5,48.5,419.3503232354652
87.5,49.5,419.3072670911049
87.5,50.5,419.307057947675
87.5,51.5,419.3068662293673
87.5,52.5,419.3066523237402
87.5,53.5,419.3063761778721
87.5,54.5,419.3061609706008
87.5,55.5,419.3059342655016
87.5,56.5,419.30564274158974
87.5,57.5,419.3053754324552
87.5,58.5,419.3050294836393
87.5,59.5,419.3047432593151
87.5,60.5,419.3044716777383
87.5,61.5,419.34646533936535
87.5,62.5,419.3038583765609
87.5,63.5,419.3034636714222
87.5,64.5,419.3030909975029
87.5,65.5,419.3029228074172
87.5,66.5,419.302618328441
87.5,67.5,419.3022051822476
87.5,68.5,419.3017638525124
87.5,69.5,419.3014210570306
87.5,70.5,419.30095054977215
87.5,71.5,419.3004949107531
87.5,72.5,419.3000500636857
87.5,73.5,419.2996788003986
87.5,74.5,419.2991176131048
87.5,75.5,419.2986414857818
87.5,76.5,419.2981992679439
87.5,77.5,419.29772093199466
87.5,78.5,419.2972026157274
87.5,79.5,419.2942320220573
87.5,80.5,419.29367017899455
87.5,81.5,419.33220223515895
87.5,82.5,419.292428695336
87.5,83.5,419.2918129288174
87.5,84.5,419.330106910299
87.5,85.5,419.2905753572055
87.5,86.5,419.2899339056045
87.5,87.5,419.2893184655274
87.5,88.5,419.2886551859501
87.5,89.5,419.28806839996935
87.5,90.5,419.2873714503347
87.5,91.5,419.28669735337286
87.5,92.5,419.2861257678547
87.5,93.5,419.285385708196
87.5,94.5,419.28471941890814
87.5,95.5,419.2840306024879
87.5,96.5,419.2833689244444
87.5,97.5,419.2827573384437
87.5,98.5,419.28088956417366
87.5,99.5,419.28034589927216
87.5,100.5,419.279720803274
87.5,101.5,419.2790183489879
87.5,102.5,419.2783786871541
87.5,103.5,419.277744311761
87.5,104.5,419.2771268426942
87.5,105.5,419.2765031773594
87.5,106.5,419.2759010689772
87.5,107.5,419.27523497119535
87.5,108.5,419.2746244479334
87.5,109.5,419.2739454688332
87.5,110.5,419.27327202245885
87.5,111.5,419.2725905821104
87.5,112.5,419.27192058353774
87.5,113.5,419.2713458428725
87.5,114.5,419.2706029439438
87.5,115.5,419.27002132978606
87.5,116.5,419.2693473386248
87.5,117.5,419.2686131723154
87.5,118.5,419.2680368453096
87.5,119.5,419.2673389189454
87.5,120.5,419.26668005825496
87.5,121.5,419.265910379408
87.5,122.5,419.2651374202581
87.5,123.5,419.2644802631192
87.5,124.5,419.26369967911313
87.5,125.5,419.2629712900838
87.5,126.5,419.2622259901224
87.5,127.5,419.26158309175327
87.5,128.5,419.26079003047016
87.5,129.5,419.2600991646945
87.5,130.5,419.2593138937824
87.5,131.5,419.2585866372518
87.5,132.5,419.2578788518925
87.5,133.5,419.2571478316452
87.5,134.5,419.2564200848192
87.5,135.5,419.25576695551285
87.5,136.5,419.2549865121795
87.5,137.5,419.2540362726645
87.5,138.5,419.2532786744717
87.5,139.5,419.2525995948251
87.5,140.5,419.251918396527
87.5,141.5,419.2511504914208
87.5,142.5,419.250516666936
87.5,143.5,419.249761069209
87.5,144.5,419.249041438842
87.5,145.5,419.2483489355736
87.5,146.5,419.2476471748682
87.5,147.5,419.246978534846
87.5,148.5,419.2463710758484
87.5,149.5,419.2456936142713
87.5,150.5,419.24502942766327
87.5,151.5,419.2421703501399
87.5,152.5,419.24158667870194
87.5,153.5,419.2410453061279
87.5,154.5,419.2404999036762
87.5,155.5,419.2399492166618
87.5,156.5,419.23942507200593
87.5,157.5,419.2389450068485
87.5,158.5,419.2383743988017
87.5,159.5,419.2378587866706
87.5,160.5,419.2373461023243
87.5,161.5,419.2694222024703
87.5,162.5,419.2364237854715
87.5,163.5,419.2358625483472
87.5,164.5,419.2353751962832
87.5,165.5,419.2349516570984
87.5,166.5,419.2344395933636
87.5,167.5,419.2340538391757
87.5,168.5,419.2335950513379
87.5,169.5,419.2331299431093
87.5,170.5,419.2339324433754
87.5,171.5,419.233562835974
87.5,172.5,419.23323936030863
87.5,173.5,419.2329526501108
87.5,174.5,419.2326675570635
87.5,175.5,419.2323650999441
87.5,176.5,419.2320416846951
87.5,177.5,419.23180544132754
87.5,178.5,419.23151302199705
87.5,179.5,419.2312054127572
88.5,-179.5,419.2437978763952
88.5,-178.5,419.2434722370662
88.5,-177.5,419.24318703969954
88.5,-176.5,419.2429315262419
88.5,-175.5,419.2426676488616
88.5,-174.5,419.2424406550528
88.5,-173.5,419.2421878754616
88.5,-172.5,419.2418983451189
88.5,-171.5,419.2416457513616
88.5,-170.5,419.2414428978397
88.5,-169.5,419.2413442851639
88.5,-168.5,419.2411548757488
88.5,-167.5,419.2409977095605
88.5,-166.5,419.24075480363
88.5,-165.5,419.24060069375815
88.5,-164.5,419.2404162494447
88.5,-163.5,419.240267622166
88.5,-162.5,419.2400803622695
88.5,-161.5,419.2399181451072
88.5,-160.5,419.2396998476063
88.5,-159.5,419.2375902495181
88.5,-158.5,419.23738442065167
88.5,-157.5,419.2371388891973
88.5,-156.5,419.2369666761626
88.5,-155.5,419.23680775052856
88.5,-154.5,419.2366724928152
88.5,-153.5,419.23652629213217
88.5,-152.5,419.2363033898249
88.5,-151.5,419.2361706578495
88.5,-150.5,419.2360249932398
88.5,-149.5,419.23587640562266
88.5,-148.5,419.2357936037236
88.5,-147.5,419.2356096036661
88.5,-146.5,419.2355440461303
88.5,-145.5,419.2354278230219
88.5,-144.5,419.2352843796381
88.5,-143.5,419.23520018093313
88.5,-142.5,419.23508377434376
88.5,-141.5,419.2350411695036
88.5,-140.5,419.2349467815966
88.5,-139.5,419.2348863274685
88.5,-138.5,419.2348158387461
88.5,-137.5,419.23474952232215
88.5,-136.5,419.2346819762211
88.5,-135.5,419.2345909707123
88.5,-134.5,419.2346005576744
88.5,-133.5,419.23453370630017
88.5,-132.5,419.2344534048231
88.5,-131.5,419.2344952981392
88.5,-130.5,419.2344280331964
88.5,-129.5,419.2344165557078
88.5,-128.5,419.23439765822246
88.5,-127.5,419.23432693880176
88.5,-126.5,419.23451882250833
88.5,-125.5,419.2346104033047
88.5,-124.5,419.2347420549164
88.5,-123.5,419.2349017340538
88.5,-122.5,419.2351323994825
88.5,-121.5,419.23529368351655
88.5,-120.5,419.23544622220345
88.5,-119.5,419.2356165214389
88.5,-118.5,419.2357926760828
88.5,-117.5,419.23784886007854
88.5,-116.5,419.2380810089348
88.5,-115.5,419.23828549100574
88.5,-114.5,419.23842288947833
88.5,-113.5,419.2386768533184
88.5,-112.5,419.2388302636803
88.5,-111.5,419.2390594655138
88.5,-110.5,419.26433038586254
88.5,-109.5,419.2395031374572
88.5,-108.5,419.2397407675204
88.5,-107.5,419.2400253057136
88.5,-106.5,419.24021592155407
88.5,-105.5,419.2405195992574
88.5,-104.5,419.2407547520735
88.5,-103.5,419.2410293439472
88.5,-102.5,419.2412424288655
88.5,-101.5,419.2414998719435
88.5,-100.5,419.2417895108584
88.5,-99.5,419.24204879003474
88.5,-98.5,419.2423407872153
88.5,-97.5,419.24277240790775
88.5,-96.5,419.2431045679092
88.5,-95.5,419.2689691350631
88.5,-94.5,419.2436978678454
88.5,-93.5,419.2439380044598
88.5,-92.5,419.2442928119955
88.5,-91.5,419.24459484937984
88.5,-90.5,419.2448771496721
88.5,-89.5,419.24524829294506
88.5,-88.5,419.24552175347065
88.5,-87.5,419.2461915906629
88.5,-86.5,419.24660305376295
88.5,-85.5,419.2469694731551
88.5,-84.5,419.24736190184166
88.5,-83.5,419.2476908751912
88.5,-82.5,419.2480840376527
88.5,-81.5,419.2484691905223
88.5,-80.5,419.2488645668233
88.5,-79.5,419.2493178248841
88.5,-78.5,419.2496982257219
88.5,-77.5,419.2500658520117
88.5,-76.5,419.2504549634566
88.5,-75.5,419.25091324975256
88.5,-74.5,419.25126697472905
88.5,-73.5,419.25173259856814
88.5,-72.5,419.2521130776116
88.5,-71.5,419.252539745685
88.5,-70.5,419.2529295586677
88.5,-69.5,419.25334672449816
88.5,-68.5,419.2538217134583
88.5,-67.5,419.2824387732575
88.5,-66.5,419.25468540016976
88.5,-65.5,419.25511283761375
88.5,-64.5,419.2555324680188
88.5,-63.5,419.2559019079399
88.5,-62.5,419.25634598504905
88.5,-61.5,419.2567801064645
88.5,-60.5,419.25724112943686
88.5,-59.5,419.2576635687407
88.5,-58.5,419.2580485156838
88.5,-57.5,419.25852025603047
88.5,-56.5,419.25890574324353
88.5,-55.5,419.2619353744148
88.5,-54.5,419.2624698815975
88.5,-53.5,419.2630145396802
88.5,-52.5,419.2635540227234
88.5,-51.5,419.2640803805141
88.5,-50.5,419.2645409402946
88.5,-49.5,419.2651108515707
88.5,-48.5,419.2655684439767
88.5,-47.5,419.2661586010548
88.5,-46.5,419.26665913060367
88.5,-45.5,419.2669600088931
88.5,-44.5,419.2675672574652
88.5,-43.5,419.2993105055572
88.5,-42.5,419.2686129287867
88.5,-41.5,419.2691957429066
88.5,-40.5,419.269669845854
88.5,-39.5,419.2702199692421
88.5,-38.5,419.2707507859552
88.5,-37.5,419.2712658577829
88.5,-36.5,419.2718226098359
88.5,-35.5,419.2723583808698
88.5,-34.5,419.27288148394473
88.5,-33.5,419.2733317940544
88.5,-32.5,419.2739063798932
88.5,-31.5,419.2743506917377
88.5,-30.5,419.2749095960089
88.5,-29.5,419.2754032417103
88.5,-28.5,419.27581690291447
88.5,-27.5,419.2763325711478
88.5,-26.5,419.2768484203642
88.5,-25.5,419.27935896310646
88.5,-24.5,419.2798395403886
88.5,-23.5,419.28029603608496
88.5,-22.5,419.280762322718
88.5,-21.5,419.2812459975055
88.5,-20.5,419.2816672940625
88.5,-19.5,419.2821392879914
88.5,-18.5,419.2825944640359
88.5,-17.5,419.2830076860554
88.5,-16.5,419.2834611469745
88.5,-15.5,419.2842115384181
88.5,-14.5,419.2846793070942
88.5,-13.5,419.2850597579789
88.5,-12.5,419.2854740164446
88.5,-11.5,419.2858771366518
88.5,-10.5,419.28627586167295
88.5,-9.5,419.2866648149168
88.5,-8.5,419.2871142060992
88.5,-7.5,419.2874216669021
88.5,-6.5,419.28784100516447
88.5,-5.5,419.2882130397736
88.5,-4.5,419.2885658520933
88.5,-3.5,419.28887505822814
88.5,-2.5,419.2892433041774
88.5,-1.5,419.2895497159092
88.5,-0.5,419.32666601482265
88.5,0.5,419.2901975658434
88.5,1.5,419.29041732751926
88.5,2.5,419.2907211971036
88.5,3.5,419.2910699466004
88.5,4.5,419.2912827948215
88.5,5.5,419.2915325281893
88.5,6.5,419.2918315298097
88.5,7.5,419.2920684071202
88.5,8.5,419.29228925736265
88.5,9.5,419.2925198912069
88.5,10.5,419.29279863316646
88.5,11.5,419.2929657498836
88.5,12.5,419.29318927590754
88.5,13.5,419.293383418554
88.5,14.5,419.2935821100992
88.5,15.5,419.2937189013488
88.5,16.5,419.2951418669597
88.5,17.5,419.29518853098216
88.5,18.5,419.2953376384593
88.5,19.5,419.2954273076128
88.5,20.5,419.29551671991527
88.5,21.5,419.2955911539756
88.5,22.5,419.2956587620734
88.5,23.5,419.2957319806249
88.5,24.5,419.2957141069288
88.5,25.5,419.29580748401855
88.5,26.5,419.29330435281406
88.5,27.5,419.2933106907227
88.5,28.5,419.29343771106136
88.5,29.5,419.2933822637305
88.5,30.5,419.2934036581052
88.5,31.5,419.2934930681069
88.5,32.5,419.2934815540736
88.5,33.5,419.2934196881654
88.5,34.5,419.29346310956856
88.5,35.5,419.2933509768687
88.5,36.5,419.2933589919586
88.5,37.5,419.2933314998154
88.5,38.5,419.2932581264148
88.5,39.5,419.2931404444262
88.5,40.5,419.2931058047203
88.5,41.5,419.29300871447896
88.5,42.5,419.2929300176842
88.5,43.5,419.2927901787634
88.5,44.5,419.3316662727745
88.5,45.5,419.2925274703767
88.5,46.5,419.29165438510944
88.5,47.5,419.291609527873
88.5,48.5,419.291406829626
88.5,49.5,419.29131054365655
88.5,50.5,419.29115851859945
88.5,51.5,419.29099164372775
88.5,52.5,419.29083891930384
88.5,53.5,419.2906498123803
88.5,54.5,419.2904676446723
88.5,55.5,419.2902070963413
88.5,56.5,419.2881290618378
88.5,57.5,419.28797388183233
88.5,58.5,419.2877648411161
88.5,59.5,419.28760678985935
88.5,60.5,419.2874105858583
88.5,61.5,419.2872954220814
88.5,62.5,419.287104474125
88.5,63.5,419.28690300624334
88.5,64.5,419.286694969109
88.5,65.5,419.2865016233191
88.5,66.5,419.2862795209432
88.5,67.5,419.2859911301493
88.5,68.5,419.28574821999496
88.5,69.5,419.2855511396611
88.5,70.5,419.2852882060282
88.5,71.5,419.2849895527143
88.5,72.5,419.2847613020669
88.5,73.5,419.284441569292
88.5,74.5,419.321288786897
88.5,75.5,419.2839176401258
88.5,76.5,419.28357424007584
88.5,77.5,419.283273630536
88.5,78.5,419.2829980904801
88.5,79.5,419.2826230337645
88.5,80.5,419.2823566242223
88.5,81.5,419.2819585335391
88.5,82.5,419.2816978430458
88.5,83.5,419.2812720295452
88.5,84.5,419.2809963906047
88.5,85.5,419.2806184557492
88.5,86.5,419.2802182272544
88.5,87.5,419.279840611107
88.5,88.5,419.2794258764328
88.5,89.5,419.2790743431121
88.5,90.5,419.27870684575856
88.5,91.5,419.2783509027856
88.5,92.5,419.2780664548428
88.5,93.5,419.2776903507648
88.5,94.5,419.27732276807177
88.5,95.5,419.27687462924393
88.5,96.5,419.27650132098086
88.5,97.5,419.276118948645
88.5,98.5,419.2751276379616
88.5,99.5,419.2747258412018
88.5,100.5,419.2742765896477
88.5,101.5,419.27394853540505
88.5,102.5,419.2735650429228
88.5,103.5,419.2731771035635
88.5,104.5,419.27277627068565
88.5,105.5,419.2723553038456
88.5,106.5,419.2718923882587
88.5,107.5,419.2714922460535
88.5,108.5,419.2711085673655
88.5,109.5,419.27064714980384
88.5,110.5,419.270237633601
88.5,111.5,419.26981231885225
88.5,112.5,419.269433099121
88.5,113.5,419.2690005317072
88.5,114.5,419.2685706767824
88.5,115.5,419.2681482569325
88.5,116.5,419.2676698040319
88.5,117.5,419.2672452525159
88.5,118.5,419.2660010521614
88.5,119.5,419.2655650875141
88.5,120.5,419.26510812498447
88.5,121.5,419.26468405974896
88.5,122.5,419.264245421602
88.5,123.5,419.26377420686185
88.5,124.5,419.2966222771625
88.5,125.5,419.2628925447058
88.5,126.5,419.2625199317862
88.5,127.5,419.261991712734
88.5,128.5,419.2618649674769
88.5,129.5,419.2615245905654
88.5,130.5,419.2611317705399
88.5,131.5,419.2607086630591
88.5,132.5,419.2602919412864
88.5,133.5,419.2598460484888
88.5,134.5,419.259509413344
88.5,135.5,419.2590444739926
88.5,136.5,419.2587024120797
88.5,137.5,419.2582449827486
88.5,138.5,419.2579057374789
88.5,139.5,419.257454318716
88.5,140.5,419.2570364933287
88.5,141.5,419.2566570881611
88.5,142.5,419.25626151359415
88.5,143.5,419.25586553336393
88.5,144.5,419.2555380222514
88.5,145.5,419.255094098809
88.5,146.5,419.2547518403302
88.5,147.5,419.25436531244856
88.5,148.5,419.2539368353116
88.5,149.5,419.2536203012744
88.5,150.5,419.2532260236589
88.5,151.5,419.2528086117257
88.5,152.5,419.25243774184855
88.5,153.5,419.25211279837833
88.5,154.5,419.2516986772969
88.5,155.5,419.25133913217866
88.5,156.5,419.2509815155472
88.5,157.5,419.2506560254329
88.5,158.5,419.2502683529487
88.5,159.5,419.2499845529071
88.5,160.5,419.2495613884476
88.5,161.5,419.2493109991195
88.5,162.5,419.2489533162228
88.5,163.5,419.2486261066071
88.5,164.5,419.2483922411183
88.5,165.5,419.2480908502116
88.5,166.5,419.2477601024614
88.5,167.5,419.2474518382916
88.5,168.5,419.24722885204034
88.5,169.5,419.2469104247458
88.5,170.5,419.2468789992161
88.5,171.5,419.246496195853
88.5,172.5,419.2461721911207
88.5,173.5,419.2458792257818
88.5,174.5,419.2456028673491
88.5,175.5,419.24523431039296
88.5,176.5,419.24492722536456
88.5,177.5,419.2446628117464
88.5,178.5,419.24440989357663
88.5,179.5,419.2440972137113
89.5,-179.5,419.2564063145474
89.5,-178.5,419.2563439060742
89.5,-177.5,419.2562258457814
89.5,-176.5,419.2561633579495
89.5,-175.5,419.28576701027055
89.5,-174.5,419.2559553485868
89.5,-173.5,419.2558701831622
89.5,-172.5,419.2557992308897
89.5,-171.5,419.2556938597701
89.5,-170.5,419.2556058063712
89.5,-169.5,419.2555231121184
89.5,-168.5,419.2554492107983
89.5,-167.5,419.255367139888
89.5,-166.5,419.2552927340211
89.5,-165.5,419.2552368155714
89.5,-164.5,419.2551655512009
89.5,-163.5,419.284502469826
89.5,-162.5,419.2550146117297
89.5,-161.5,419.25495153257214
89.5,-160.5,419.25490563708
89.5,-159.5,419.2548456425505
89.5,-158.5,419.2547722880645
89.5,-157.5,419.2547114464823
89.5,-156.5,419.2546812077956
89.5,-155.5,419.25461405733097
89.5,-154.5,419.2545692941398
89.5,-153.5,419.2544840890217
89.5,-152.5,419.25445457547227
89.5,-151.5,419.2544371601748
89.5,-150.5,419.2543445303049
89.5,-149.5,419.2543701590613
89.5,-148.5,419.2542909606741
89.5,-147.5,419.254246494928
89.5,-146.5,419.254251804322
89.5,-145.5,419.2542011782824
89.5,-144.5,419.2541783971018
89.5,-143.5,419.2542288909463
89.5,-142.5,419.25419218120027
89.5,-141.5,419.2542028654992
89.5,-140.5,419.2541878773223
89.5,-139.5,419.2541600842112
89.5,-138.5,419.2541107319368
89.5,-137.5,419.2541092795212
89.5,-136.5,419.2540966624471
89.5,-135.5,419.2541531228154
89.5,-134.5,419.2541167807868
89.5,-133.5,419.254105604161
89.5,-132.5,419.2541355186361
89.5,-131.5,419.2541428464371
89.5,-130.5,419.2541526488935
89.5,-129.5,419.2541778844836
89.5,-128.5,419.254251058357
89.5,-127.5,419.2542489380931
89.5,-126.5,419.2542866862592
89.5,-125.5,419.2542656348269
89.5,-124.5,419.2543017799001
89.5,-123.5,419.2543866518086
89.5,-122.5,419.25442365690566
89.5,-121.5,419.25438768986
89.5,-120.5,419.2835350054839
89.5,-119.5,419.2544900459352
89.5,-118.5,419.2545558391454
89.5,-117.5,419.2545850048024
89.5,-116.5,419.25465398234905
89.5,-115.5,419.25468754084017
89.5,-114.5,419.2838691505664
89.5,-113.5,419.2547979879864
89.5,-112.5,419.25485449287305
89.5,-111.5,419.25492125058366
89.5,-110.5,419.25497342688567
89.5,-109.5,419.2550322994778
89.5,-108.5,419.2551262203136
89.5,-107.5,419.2541212281707
89.5,-106.5,419.2541601674496
89.5,-105.5,419.254277040605
89.5,-104.5,419.2543270155101
89.5,-103.5,419.2544104845237
89.5,-102.5,419.2544923809912
89.5,-101.5,419.2546195359046
89.5,-100.5,419.2546524967893
89.5,-99.5,419.2548056496081
89.5,-98.5,419.2549120602338
89.5,-97.5,419.2549887225549
89.5,-96.5,419.255068224328
89.5,-95.5,419.25515158669504
89.5,-94.5,419.2552906613759
89.5,-93.5,419.25539010331016
89.5,-92.5,419.2554670962077
89.5,-91.5,419.2555659837643
89.5,-90.5,419.255728917965
89.5,-89.5,419.2557885910256
89.5,-88.5,419.2559494634901
89.5,-87.5,419.2560368420946
89.5,-86.5,419.2561181037176
89.5,-85.5,419.2562455748203
89.5,-84.5,419.25641376350166
89.5,-83.5,419.2565316382533
89.5,-82.5,419.25664681857785
89.5,-81.5,419.2567568505874
89.5,-80.5,419.2568952736686
89.5,-79.5,419.25696318873054
89.5,-78.5,419.2570941387214
89.5,-77.5,419.2572507779725
89.5,-76.5,419.2574003450088
89.5,-75.5,419.2575088489058
89.5,-74.5,419.2576360287373
89.5,-73.5,419.25772429763936
89.5,-72.5,419.2578684714126
89.5,-71.5,419.25801591236507
89.5,-70.5,419.258171661082
89.5,-69.5,419.25826915632575
89.5,-68.5,419.258448497488
89.5,-67.5,419.2585482972656
89.5,-66.5,419.2587126571504
89.5,-65.5,419.2588739284456
89.5,-64.5,419.2590012907823
89.5,-63.5,419.259080864042
89.5,-62.5,419.25922626205113
89.5,-61.5,419.2593742923693
89.5,-60.5,419.2595194537746
89.5,-59.5,419.2597046823937
89.5,-58.5,419.2598045822946
89.5,-57.5,419.2599467010693
89.5,-56.5,419.2600894152268
89.5,-55.5,419.2602308624531
89.5,-54.5,419.2604196233181
89.5,-53.5,419.26052640829823
89.5,-52.5,419.2607216546225
89.5,-51.5,419.2608110556385
89.5,-50.5,419.26095330391024
89.5,-49.5,419.261099375508
89.5,-48.5,419.2612281487255
89.5,-47.5,419.2614367889691
89.5,-46.5,419.2615863089768
89.5,-45.5,419.2616755601521
89.5,-44.5,419.2618553402527
89.5,-43.5,419.2619502218064
89.5,-42.5,419.2621610296336
89.5,-41.5,419.26223227211017
89.5,-40.5,419.2624340265872
89.5,-39.5,419.2625314328707
89.5,-38.5,419.2626637457158
89.5,-37.5,419.26281177660496
89.5,-36.5,419.262950937487
89.5,-35.5,419.2638394667225
89.5,-34.5,419.2639946879098
89.5,-33.5,419.264219481037
89.5,-32.5,419.2643587324889
89.5,-31.5,419.2645158382003
89.5,-30.5,419.2646700709855
89.5,-29.5,419.2648366727983
89.5,-28.5,419.26505252147336
89.5,-27.5,419.2651995765991
89.5,-26.5,419.2653280337672
89.5,-25.5,419.2654658847065
89.5,-24.5,419.2656268763155
89.5,-23.5,419.2657913576394
89.5,-22.5,419.2659286482655
89.5,-21.5,419.2660623452492
89.5,-20.5,419.2662173334456
89.5,-19.5,419.2664164669824
89.5,-18.5,419.2665139385878
89.5,-17.5,419.266701341814
89.5,-16.5,419.26683171614
89.5,-15.5,419.266941739356
89.5,-14.5,419.2671354812074
89.5,-13.5,419.2672473836029
89.5,-12.5,419.2673440856421
89.5,-11.5,419.2674950897848
89.5,-10.5,419.26762034721327
89.5,-9.5,419.26777106805577
89.5,-8.5,419.2678511291708
89.5,-7.5,419.2679566787445
89.5,-6.5,419.26809104459295
89.5,-5.5,419.2682089080744
89.5,-4.5,419.2683710525281
89.5,-3.5,419.2684344197642
89.5,-2.5,419.26852999063647
89.5,-1.5,419.2687145171941
89.5,-0.5,419.26878451148747
89.5,0.5,419.26890359963375
89.5,1.5,419.2689767024968
89.5,2.5,419.269114685012
89.5,3.5,419.2692101086362
89.5,4.5,419.2692782123896
89.5,5.5,419.269332129895
89.5,6.5,419.2693985055411
89.5,7.5,419.2695038278677
89.5,8.5,419.26959308686367
89.5,9.5,419.2696618408984
89.5,10.5,419.2697813465244
89.5,11.5,419.2698343782935
89.5,12.5,419.269885409494
89.5,13.5,419.2699832408711
89.5,14.5,419.2700169120675
89.5,15.5,419.2700558513021
89.5,16.5,419.2701574460471
89.5,17.5,419.27023644608096
89.5,18.5,419.2702783093209
89.5,19.5,419.3046668038045
89.5,20.5,419.2703865334243
89.5,21.5,419.27036861242766
89.5,22.5,419.2704096414004
89.5,23.5,419.2704431779972
89.5,24.5,419.2704605623713
89.5,25.5,419.270489478109
89.5,26.5,419.27053137321343
89.5,27.5,419.2705515928852
89.5,28.5,419.2706225197372
89.5,29.5,419.2705991469396
89.5,30.5,419.27065644527465
89.5,31.5,419.27068430121415
89.5,32.5,419.270679640918
89.5,33.5,419.2706318571036
89.5,34.5,419.27067703722
89.5,35.5,419.27069985633045
89.5,36.5,419.27131480749824
89.5,37.5,419.2713829648523
89.5,38.5,419.27133986971967
89.5,39.5,419.2713844536749
89.5,40.5,419.2713438389396
89.5,41.5,419.2713631248817
89.5,42.5,419.2713626122118
89.5,43.5,419.271358646211
89.5,44.5,419.2713136459436
89.5,45.5,419.2713590252167
89.5,46.5,419.2712797820413
89.5,47.5,419.27125891307054
89.5,48.5,419.2712394287438
89.5,49.5,419.2711951367595
89.5,50.5,419.27118388353614
89.5,51.5,419.2711524975284
89.5,52.5,419.271147369103
89.5,53.5,419.2710659648698
89.5,54.5,419.2710384477424
89.5,55.5,419.271007236582
89.5,56.5,419.2709585624452
89.5,57.5,419.2709086228448
89.5,58.5,419.2708621862397
89.5,59.5,419.27079500568914
89.5,60.5,419.2707632500902
89.5,61.5,419.2707317812627
89.5,62.5,419.2706839942917
89.5,63.5,419.2705614733771
89.5,64.5,419.270511197514
89.5,65.5,419.2704455985902
89.5,66.5,419.30444588028143
89.5,67.5,419.27032932941984
89.5,68.5,419.27029165683774
89.5,69.5,419.2701525405719
89.5,70.5,419.27013523751407
89.5,71.5,419.269992988793
89.5,72.5,419.2698895666205
89.5,73.5,419.2698854452016
89.5,74.5,419.2697641214068
89.5,75.5,419.2696394029656
89.5,76.5,419.2696126640686
89.5,77.5,419.2694545985644
89.5,78.5,419.26935371431927
89.5,79.5,419.2692590861839
89.5,80.5,419.26916469425134
89.5,81.5,419.2690495390418
89.5,82.5,419.2689670633989
89.5,83.5,419.2688426896721
89.5,84.5,419.2687717941278
89.5,85.5,419.2686789007636
89.5,86.5,419.2685528967874
89.5,87.5,419.2684258631917
89.5,88.5,419.26832626717874
89.5,89.5,419.2681856821317
89.5,90.5,419.2680922253819
89.5,91.5,419.26791421772856
89.5,92.5,419.26782079487424
89.5,93.5,419.26771298228687
89.5,94.5,419.2675540376838
89.5,95.5,419.267465293727
89.5,96.5,419.2673181657471
89.5,97.5,419.2671998420301
89.5,98.5,419.2670504674562
89.5,99.5,419.2669148870082
89.5,100.5,419.26678954606336
89.5,101.5,419.2666460028644
89.5,102.5,419.2664493417189
89.5,103.5,419.26638003240953
89.5,104.5,419.26616298226566
89.5,105.5,419.2660438113196
89.5,106.5,419.2659320974159
89.5,107.5,419.26573757380936
89.5,108.5,419.26618846877625
89.5,109.5,419.2660391587897
89.5,110.5,419.26595334965015
89.5,111.5,419.2657731954548
89.5,112.5,419.26566276905226
89.5,113.5,419.2655087311719
89.5,114.5,419.26538158857625
89.5,115.5,419.2653047869681
89.5,116.5,419.26509289913423
89.5,117.5,419.2650001965952
89.5,118.5,419.26489606571727
89.5,119.5,419.2647074209024
89.5,120.5,419.2646051444877
89.5,121.5,419.26446493455575
89.5,122.5,419.2643260121798
89.5,123.5,419.2641902370257
89.5,124.5,419.2640319663169
89.5,125.5,419.26390634037193
89.5,126.5,419.2637847616193
89.5,127.5,419.26357447242
89.5,128.5,419.263443214246
89.5,129.5,419.2632944551815
89.5,130.5,419.26315496156286
89.5,131.5,419.2630322800595
89.5,132.5,419.26291387202303
89.5,133.5,419.2627979824117
89.5,134.5,419.2626664677777
89.5,135.5,419.2624535983692
89.5,136.5,419.26237584631
89.5,137.5,419.2622261827961
89.5,138.5,419.2620419254872
89.5,139.5,419.26195260740064
89.5,140.5,419.2617721548419
89.5,141.5,419.2616448068414
89.5,142.5,419.2615457530445
89.5,143.5,419.2613518614348
89.5,144.5,419.2612334915496
89.5,145.5,419.26114860322855
89.5,146.5,419.2609433048731
89.5,147.5,419.2608745639109
89.5,148.5,419.26069403390153
89.5,149.5,419.2606006283772
89.5,150.5,419.2604244495052
89.5,151.5,419.26027598184135
89.5,152.5,419.26019320696406
89.5,153.5,419.260078974117
89.5,154.5,419.2598938163664
89.5,155.5,419.25976077379335
89.5,156.5,419.2596365031104
89.5,157.5,419.2595253676128
89.5,158.5,419.2594355922389
89.5,159.5,419.25926470918046
89.5,160.5,419.2591394262364
89.5,161.5,419.2590356948264
89.5,162.5,419.2589011146064
89.5,163.5,419.2587806422463
89.5,164.5,419.258664609822
89.5,165.5,419.2585451915842
89.5,166.5,419.25849650697376
89.5,167.5,419.25836804356857
89.5,168.5,419.2582842036675
89.5,169.5,419.2581515569631
89.5,170.5,419.2580606256543
89.5,171.5,419.2579212045821
89.5,172.5,419.2578373251406
89.5,173.5,419.2577374497066
89.5,174.5,419.2575681189818
89.5,175.5,419.2575527929369
89.5,176.5,419.2573765618826
89.5,177.5,419.2573001781416
89.5,178.5,419.257199337134
89.5,179.5,419.2571498504723
